"1" "2" "3"
"ENSG00000102977" 0.000410575484949067 0.00011513123741348 0.000662424131812044
"ENSG00000119640" 0.000565353348604254 0.000609614240997089 0.00158261869148434
"ENSG00000154734" 3.26211727758135e-05 0.000466908409410754 2.45686979226888e-09
"ENSG00000088448" 0.00068654523382156 0.002186309506323 0.00194028927253004
"ENSG00000169188" 0.000379975352050338 0.000197723815010176 0.000752769144942624
"ENSG00000134884" 0.00193646252275987 0.00210710102138801 0.0033600429774605
"ENSG00000156802" 0.000992133570437633 0.000967894529288877 0.00285043907833504
"ENSG00000138376" 0.00106330676408891 0.000958748201825661 0.00101165045238879
"ENSG00000166164" 0.00103235666358698 0.00135921553567197 0.000685629772056529
"ENSG00000170270" 0.000317183072244842 0.000158103393937033 0.000401683159541193
"ENSG00000117616" 0.000196756439731394 0.000597528355843469 0.000995349784596011
"ENSG00000180354" 7.78732433847992e-05 0.000115839213957539 3.26774463318678e-09
"ENSG00000131375" 0.000162089658874969 0.00021181997325467 0.00042567865471458
"ENSG00000106144" 0.000572258280112809 0.000419983306457873 0.0005431171338869
"ENSG00000105173" 0.00107777448433644 0.000993237930656166 0.000174140074567339
"ENSG00000175305" 0.000177648070929812 0.000206871385170676 0.000135967748365691
"ENSG00000164045" 0.00116163258014643 0.000695298261235888 0.000183296962674084
"ENSG00000094804" 0.00228572756705087 0.00193025177263402 0.000837821175692127
"ENSG00000144354" 0.00129148701558874 0.00108739567324483 0.000431291835227467
"ENSG00000164649" 0.00201856094249654 0.00157616132385 0.0010561390073372
"ENSG00000166037" 0.00159317488933156 0.00168574111419427 0.00305058593868346
"ENSG00000167670" 0.00144273414589619 0.0014384397851507 0.000365699006457764
"ENSG00000159259" 0.000566667512294148 4.8383293323003e-05 0.000170298131946274
"ENSG00000092853" 0.00294215573947088 0.00206467559495446 0.000723273214752212
"ENSG00000137504" 0.000228888418947708 0.00130739033715992 0.00104833488789962
"ENSG00000117984" 0.000677613102022202 0.000800617819126371 0.000339080699298759
"ENSG00000083520" 0.000841458685245544 0.000724751905839401 0.00135898621402798
"ENSG00000102580" 0.000422357968260766 0.000929661543136118 0.00224804806169925
"ENSG00000159147" 0.000397479625846035 0.000245550350986063 0.000430684265061931
"ENSG00000136982" 0.000730243986752513 0.00117746619310825 0.000140953047768332
"ENSG00000143476" 0.00132941113039297 0.001337915154175 0.000848278671316415
"ENSG00000101412" 0.00016075955601452 0.000199225626190548 0.000179329064504176
"ENSG00000144895" 0.00126386974242391 0.000907057272712496 0.00327921205618871
"ENSG00000139684" 0.00264785994754032 0.000801926806523029 0.00349781014555554
"ENSG00000154124" 0.000144513348478803 0.000145465865814077 0.000875990253669802
"ENSG00000187866" 0.000192001271551143 0.000187416932649077 0.000287366284291458
"ENSG00000160688" 0.00148274974173713 0.00259648747113227 0.00061032257216887
"ENSG00000131153" 0.0036931998788602 0.000917778831696722 0.0015842933128921
"ENSG00000181938" 0.000335733360150071 0.000271276784958916 0.000129430419940417
"ENSG00000112312" 0.00446952124731999 0.00265387546696716 0.00124334899770891
"ENSG00000119969" 0.00645573957052388 0.0132566443749934 0.00257696755597515
"ENSG00000182742" 1.95899146686943e-10 3.42346508785326e-10 0.000203274639268772
"ENSG00000174775" 0.000260993526412021 0.000150932160117645 0.000151676366553221
"ENSG00000025156" 0.000505194261188145 7.89645619766945e-05 0.000269012252537329
"ENSG00000171105" 0.000184636145811162 0.00124884102511319 0.00102447491572476
"ENSG00000164941" 0.000304131817531762 0.000926232756801333 0.000520667108838217
"ENSG00000116679" 0.000897373448760456 0.00507410541403414 0.00218566715160279
"ENSG00000168116" 0.000808483260257024 0.000225912079920826 0.00079832141980098
"ENSG00000113441" 1.00814702691985e-09 1.34177652950665e-09 0.00351371338526459
"ENSG00000108848" 0.00481640756411735 0.00925533312747943 0.00619467181055791
"ENSG00000073111" 0.00187563805373903 0.000737224988062312 0.001611384909382
"ENSG00000104738" 0.00480956080932053 0.00277219679845074 0.00058611538715806
"ENSG00000100297" 0.00253611459510923 0.00116268915007194 0.00197059679901575
"ENSG00000076003" 0.00263923493611395 0.00174244487728555 0.00127613670161051
"ENSG00000111554" 0.000211357603236415 8.67833179113324e-05 0.000211091848892196
"ENSG00000108590" 0.000643768727910321 0.000426273760455921 0.000995497778604397
"ENSG00000037757" 0.000123216953862554 0.000121745665004105 0.000165253487254525
"ENSG00000095002" 0.00416104219958898 0.00441933567521957 0.000443329265773504
"ENSG00000132780" 0.0108328289602393 0.00990670706622408 0.00157120877852021
"ENSG00000114857" 0.00158505426698773 0.00390864244737303 0.00404462271288152
"ENSG00000149308" 0.000331358455163297 0.000884608581905591 0.00120987112875665
"ENSG00000120253" 0.000890300771750603 0.000624974067932943 0.00055233972646112
"ENSG00000085840" 0.000623891141431193 0.000489030174443679 0.000492636143754474
"ENSG00000079156" 3.83692375938155e-05 0.000174720438583419 2.35891249813404e-09
"ENSG00000125779" 0.000573970427345403 0.000798056318046238 0.000653628887680011
"ENSG00000169851" 0.000125677911874493 0.000171917338891636 1.86904827727091e-08
"ENSG00000132646" 0.00581245507471514 0.00344879795987595 0.00369389796652911
"ENSG00000182378" 0.000181765442383283 0.000235481201495584 0.000336119406550612
"ENSG00000064933" 0.00163902074240442 0.000907866291046427 0.00097369791997018
"ENSG00000100941" 0.0032879734633957 0.00786082763236299 0.00351047345684848
"ENSG00000077514" 0.00139059354388472 0.000512099366430262 0.00151636062074351
"ENSG00000112210" 7.63786351073846e-05 8.05917756734861e-05 2.34230363367936e-09
"ENSG00000160957" 0.000215277614676161 0.000273883307769672 0.000125348254770986
"ENSG00000175643" 0.000557559155439959 0.000590437782739004 0.000294872761536851
"ENSG00000125352" 8.50953406168597e-05 2.75978769010163e-05 0.000488079498704698
"ENSG00000185946" 0.000310862443284577 0.00072601599060473 0.00122313192849534
"ENSG00000008952" 0.00599019143232818 0.0101516709282037 0.0113190909107634
"ENSG00000145604" 0.00119654658890023 0.00082234143751859 0.000313764037207525
"ENSG00000163950" 0.000580024694118568 0.000476972723062771 0.00116585132996362
"ENSG00000114120" 0.00105638968332814 0.00141230549022705 0.00439401542365685
"ENSG00000115875" 0.012516681821888 0.0056758666957504 0.00400785700977354
"ENSG00000114850" 0.00288209146509996 0.00343961527341434 0.00880539294993035
"ENSG00000172660" 0.000585290584041691 0.000833980368995542 0.000598837281198688
"ENSG00000075131" 0.00190343440727063 0.000529097349297181 0.000912892701914916
"ENSG00000163781" 0.000767536098373989 0.00085217316844125 0.00133513588934137
"ENSG00000164548" 0.00187872480693329 0.00123701356325296 0.00337430597600594
"ENSG00000163728" 0.000406524202227178 0.000606382742850325 0.000959776933827325
"ENSG00000012963" 0.000699270073292097 0.000280911580473105 0.00178543683175151
"ENSG00000076248" 0.00246482569494354 0.000906897579386559 0.000307989605257029
"ENSG00000145390" 0.000160008452664887 0.000386655640096759 9.36234203701234e-09
"ENSG00000163159" 0.00141121175682632 0.00091920847838456 0.000524981814742375
"ENSG00000092470" 0.000223500864193516 0.000225593324691347 0.000187536140302158
"ENSG00000165724" 0.000312025751133425 0.000196676215239098 0.000152929344526679
"ENSG00000165244" 0.000168695907810559 0.000204830202144355 0.000223899335933938
"ENSG00000132485" 0.00533340670793322 0.00519389126994434 0.00596081075545157
"ENSG00000114770" 0.000387397645116422 0.000665516676600433 3.3398252141088e-08
"ENSG00000144827" 0.00050438781077274 0.00017098992016597 0.000839883989931663
"ENSG00000180071" 0.000159395212214119 0.000139654713403507 7.27568483962206e-06
"ENSG00000105011" 0.000388824183023892 0.000106519392471846 0.000950935799878693
"ENSG00000125124" 0.000118574268964686 9.08154407218411e-05 7.13526641024496e-05
"ENSG00000134897" 7.22674570823757e-05 1.39621979783139e-07 0.000667242178624269
"ENSG00000197299" 0.000725467873936731 0.00120978679804911 0.00044677956335142
"ENSG00000168283" 3.46403837769422e-05 2.79202706703419e-05 0.000409922288262453
"ENSG00000012048" 0.000959565595735324 0.000955587235267794 0.00128120512817145
"ENSG00000136492" 0.000314758090180425 0.000328638458792831 0.000312224667584994
"ENSG00000165490" 0.000526841059344548 0.000386042010856435 0.000151157296795599
"ENSG00000197603" 0.000203269914379685 0.00018234169743605 0.000316948922140595
"ENSG00000122786" 0.00345549743359128 0.0048252690377865 3.219602401221e-09
"ENSG00000143933" 0.00474761982701401 0.0036907410889805 0.00360712834814252
"ENSG00000175455" 0.0010053159706911 0.00196791284037441 0.00110761118713272
"ENSG00000144395" 0.000408963581602505 0.000529946258237693 0.00027608046666855
"ENSG00000186166" 0.000360937702728788 0.000659706908992807 0.000561866811246529
"ENSG00000093009" 0.00042770820452719 0.000378680666621492 0.000236608976987215
"ENSG00000097046" 0.0012773284861984 0.000722218159665838 0.000682053423115177
"ENSG00000146670" 0.00101456401871164 0.00072552820059918 0.000853749911300468
"ENSG00000168564" 0.000346527361818285 0.00025203842107394 0.000438085001484901
"ENSG00000100162" 0.0012072784617812 3.07384299457438e-05 0.00162297766758353
"ENSG00000031691" 0.00134225191856735 0.00153620979810317 0.000477192463609867
"ENSG00000172292" 0.000378720823124267 0.00105198296671938 0.00215275742446674
"ENSG00000203668" 0.000379489224372599 0.00394614159772911 0.000135284637242685
"ENSG00000088682" 0.000139489218119034 0.000244567721918356 0.000400462635014049
"ENSG00000139117" 0.000131876680943487 0.000287122624613269 0.00142118200410827
"ENSG00000088766" 0.000787267282691959 0.000907287542446908 0.00138959668806849
"ENSG00000163257" 0.00064066832432448 0.000652599401564627 0.000244208600288653
"ENSG00000121690" 0.000137684852248207 0.000140222099882853 4.44650445719365e-05
"ENSG00000138346" 0.000656749510637071 0.000833458498412454 0.000225001599670837
"ENSG00000162616" 0.000345628045791248 0.000259707680290398 0.000493504206183
"ENSG00000135720" 0.0020894760434659 0.0020704124723009 0.00072888355793606
"ENSG00000129173" 0.000244555665239738 5.91280961294332e-05 0.000180271595568327
"ENSG00000148730" 0.00223100904313125 0.0031712260457023 0.00153918742622922
"ENSG00000132199" 0.000517876153555253 0.000573476360097352 0.00177528059577373
"ENSG00000171320" 0.000624506581370768 0.000645571398990368 0.000475237589133168
"ENSG00000174371" 0.000411335599681564 0.000947760201643229 0.000271601417957847
"ENSG00000106462" 0.00144440380332338 0.00118675160565113 0.00136329920526909
"ENSG00000119906" 0.000477583276321046 0.000735558970239519 0.00076734986760115
"ENSG00000187741" 0.000203033057741192 0.000481335239505511 0.000176552016594978
"ENSG00000140525" 0.00108094733234312 0.00146729690830412 0.00106251403381646
"ENSG00000168496" 0.00130248281735234 0.000943628695078342 0.00106239938415125
"ENSG00000023909" 0.000634986555482555 0.000379104781934898 0.000192126061327165
"ENSG00000175265" 9.9001009914047e-05 0.000284085815324313 0.00278027429389887
"ENSG00000215252" 0.000100097832853817 0.000503352195274985 0.000820101860166593
"ENSG00000189060" 4.32330265536999e-05 9.8247114179674e-05 3.82090570067003e-05
"ENSG00000180573" 0.000466776608821743 0.00118734163415055 0.000489992651390914
"ENSG00000124529" 0.000233600398135838 0.000161321469750215 0.000704962660447059
"ENSG00000143493" 0.000357855732466891 0.000465871445675143 0.000680505042415666
"ENSG00000108773" 0.000281684937523585 0.00047801328935968 0.000270021884072058
"ENSG00000114166" 3.86251858145478e-06 1.22875589168545e-07 0.000364013034986653
"ENSG00000134901" 0.000157453887430525 0.000277434804369326 0.0001577143761814
"ENSG00000187164" 0.000131435254488328 0.000617905188925245 2.48430314902405e-09
"ENSG00000143013" 0.00231646465187499 0.00267348687743172 0.00337280200354678
"ENSG00000186687" 0.000551336210014595 0.000833729119731253 0.000821470034764783
"ENSG00000198162" 0.000280038608324527 0.000961607395848175 0.00154082111945903
"ENSG00000169967" 0.000410058904293469 0.000714908718565136 0.00183569875878619
"ENSG00000120539" 0.00041728290703561 0.000636928350174464 0.000480518330531385
"ENSG00000129071" 0.000788335116907143 0.000806847839993812 0.00187500924232059
"ENSG00000125885" 0.000557726960143964 0.000806287241506523 0.00074541320046142
"ENSG00000151725" 0.00239810536458256 0.00111799079167169 0.000670173893466492
"ENSG00000005810" 0.000259528121172175 0.00143463744859131 0.00555714286075101
"ENSG00000138386" 0.000223677089248959 0.000868955350930738 0.000584919536218108
"ENSG00000078618" 0.00206686578029434 0.00256072912817933 0.00377533908830449
"ENSG00000178694" 4.52851207166952e-05 4.05072692167005e-05 0.000259979209129381
"ENSG00000178425" 0.000784890999178115 0.000891333580497482 0.00275120024363295
"ENSG00000030066" 0.00163999166267257 0.00206114532918709 0.000290289799584237
"ENSG00000147162" 0.000438842557701912 0.00281160088971115 0.00304264899793044
"ENSG00000135336" 0.00214188662922687 0.00115143977274092 0.000810801650977403
"ENSG00000164823" 0.00026392493809934 0.00022529693582469 0.000870717710922424
"ENSG00000146247" 0.00230385741037482 0.00652787639618941 0.0052179874455942
"ENSG00000116793" 0.000413282443687345 0.000482793107169955 0.000486875173376093
"ENSG00000006576" 0.000222079014921538 0.000590047439096535 0.00191898790110524
"ENSG00000127564" 7.46951885803012e-05 8.19063729559854e-05 5.80471268917038e-05
"ENSG00000101868" 0.000748787436732489 0.000423278950073611 0.000752881519646665
"ENSG00000198056" 0.000288789337700997 0.000527152248872276 0.000446087667295049
"ENSG00000188647" 0.000660045706268307 0.00168225692462128 0.000587817986179243
"ENSG00000070950" 0.000733353985930157 0.000381072578737343 0.000688118424505666
"ENSG00000051180" 0.000621886872308069 0.000255427834100975 0.000461266488634176
"ENSG00000111247" 0.00202995370685341 0.00175597430350536 0.00233133119711499
"ENSG00000101773" 0.00092107004655698 0.00195452897452441 0.00129078882598145
"ENSG00000068615" 3.15945142506864e-05 1.59174463606085e-05 2.38196296840187e-09
"ENSG00000049541" 0.00162312214486206 0.000285686401750154 0.00121678343855121
"ENSG00000164292" 0.000457591015816414 0.000119298301385075 0.000210171098408616
"ENSG00000178966" 0.000798641833767977 0.000803155522625003 0.000374126727104887
"ENSG00000117748" 0.00283339437901405 0.000348803540034492 0.00293276601577839
"ENSG00000167325" 0.00254451246772858 0.00246773353978922 0.00406220073828783
"ENSG00000171848" 0.00325704224229222 0.00112596369215029 0.00787112708051781
"ENSG00000111011" 0.00289929838508623 0.00335957740055803 0.00441765800856405
"ENSG00000161526" 0.00174826045689216 0.000694686681218475 0.00134929626568383
"ENSG00000134294" 0.00244930316800323 0.00990057949145911 0.00386983426983443
"ENSG00000185591" 0.00104788617465086 0.00105199631555146 0.00105132413607431
"ENSG00000100650" 0.00393638033262735 0.00130424209752396 0.00641802239718111
"ENSG00000198168" 0.000946945922001844 0.000479332247972084 0.00347629217800941
"ENSG00000131747" 0.00644617237271919 0.0142437672675538 0.00870663551335756
"ENSG00000115282" 0.000163782087450845 0.000102687758112173 0.000216190237221921
"ENSG00000137941" 0.000206795473186642 0.000274702645804176 5.18362335584897e-05
"ENSG00000176890" 0.00102431190884157 0.000549294779981407 0.00360263512886998
"ENSG00000077152" 0.00395480340370517 0.000277322648115023 0.00256595161124317
"ENSG00000122042" 0.000252291401109409 0.00071637516775246 0.000646708512995984
"ENSG00000162607" 0.00232210938835364 0.00155871552848832 0.00189447110601849
"ENSG00000122952" 0.00262011416985535 0.000852545708178202 0.00273666380783827
"ENSG00000011426" 0.000546223647042072 0.00171220817278752 0.000455409486376152
"ENSG00000065000" 0.00163340820293631 0.00181232380047784 0.00180371913824631
"ENSG00000213390" 0.000312113744462051 0.000163798272990326 0.000812655352503835
"ENSG00000122644" 0.000891703655882145 0.0011864861202333 3.79256059174285e-05
"ENSG00000104442" 0.000858935864723726 0.000830989759774485 0.000687609249212944
"ENSG00000171456" 0.000132551903021318 0.000273740045837164 0.00188393072725693
"ENSG00000119787" 0.000577990730247733 0.000901197864394326 0.000581567290220336
"ENSG00000178999" 0.00295985710849895 0.00167234843382178 0.00199916108785971
"ENSG00000029363" 0.00600157269288498 0.00416035248179476 0.00359703628859093
"ENSG00000136122" 0.000213277987148779 0.000193501658656439 0.000650106691884817
"ENSG00000112983" 0.000798859880027382 0.00112109261562462 0.000751664793560635
"ENSG00000154473" 0.00846174763465155 0.00310653165155363 0.00948861562754438
"ENSG00000185347" 1.29718094789019e-05 0.000150796267810004 6.72244614909958e-05
"ENSG00000178074" 0.000809876051507586 0.00158112233623634 0.000578876922316471
"ENSG00000164305" 0.00179479851015797 0.0018031840080392 0.00191923372246381
"ENSG00000094916" 0.00669759685148487 0.00540751257230891 0.00307833189839043
"ENSG00000159884" 2.94074105379281e-05 1.62278948054076e-05 1.0713356913059e-05
"ENSG00000145386" 0.00148500111250803 0.000406056120180737 0.00149559667602761
"ENSG00000162063" 0.000321967546179662 0.000393046203366678 0.00066214652329481
"ENSG00000130177" 0.00125514609043537 0.00132841827118294 0.00103390425650243
"ENSG00000158402" 0.000574750268935718 0.000230573741823959 0.000528943774123807
"ENSG00000184661" 0.000814381086940767 0.000928946397452056 0.00111581081493828
"ENSG00000111665" 0.00081208829352769 0.000605017839112507 0.00159625181186526
"ENSG00000134690" 0.000947880904328022 0.000268940960205575 0.00206632390648094
"ENSG00000170312" 0.00285386574846187 0.00297416556271691 0.00445023576117264
"ENSG00000111276" 0.000287366651060357 0.000110578878228406 0.001429919963717
"ENSG00000123080" 1.94605341657926e-10 3.41382047078203e-10 0.000423487303959526
"ENSG00000140743" 0.000186768892008616 0.000330011986031329 0.000567869640155723
"ENSG00000120334" 0.000230186782145322 0.000689111922740946 0.000490227909411736
"ENSG00000135837" 0.000533160682514959 0.00355309991318568 0.00321557536993046
"ENSG00000197766" 8.63416811466589e-06 2.39878958308342e-05 6.51674121175523e-06
"ENSG00000003402" 3.12126305034655e-09 5.2865728907382e-08 0.00569381712296216
"ENSG00000183765" 0.00116860318178728 0.000702046406716199 0.000336772057644026
"ENSG00000136108" 0.0025812998521173 0.00116152250472025 0.0027151594497402
"ENSG00000169607" 0.000627192980375257 0.000575846924453506 0.000982093771024412
"ENSG00000105443" 0.000308325404691374 0.000391954606700291 0.000375625488446102
"ENSG00000136485" 0.00108545773314118 0.00101953358247429 0.00295106306330413
"ENSG00000067596" 0.000824079327421031 0.000763385717265746 0.000669708222428716
"ENSG00000132002" 0.00070939800273122 0.000479851746996346 0.000650856304781883
"ENSG00000187097" 0.000101773963431538 4.21874279656289e-05 0.000188253202215559
"ENSG00000135476" 0.00022352288503824 0.000568696413439626 0.000504028512994536
"ENSG00000168040" 0.000631449718514788 0.000381060329705308 0.000777125264642819
"ENSG00000101447" 0.000493057776869652 0.000740262211326815 0.000140499337138849
"ENSG00000198690" 0.00015789245541268 3.91429687716373e-05 3.8587103728084e-05
"ENSG00000144554" 0.0014392509335138 0.00125312752446245 0.00103306102315073
"ENSG00000092140" 0.00141158685027405 0.00243899117934753 0.000870338960581734
"ENSG00000104064" 0.000863394592279437 0.000598373043175197 0.000553499067352372
"ENSG00000180447" 0.000107280556765729 3.68028428744398e-05 2.47280437016651e-09
"ENSG00000139354" 0.000234763619113841 0.000158474635831804 0.000222112387152082
"ENSG00000188486" 0.000822591640236359 0.000574530232598408 0.00059434079883243
"ENSG00000131351" 0.000630013569411588 0.000347885870507879 0.0007796312165942
"ENSG00000111911" 0.000222787092571833 1.53909493235477e-05 0.000645569062447886
"ENSG00000064393" 0.00122064863464402 0.00140418317478208 0.00494505625696005
"ENSG00000123485" 0.000733440927178765 0.000889366180117851 0.00160429173476287
"ENSG00000164104" 0.00847951909544265 0.00358543226361166 0.0171249651306593
"ENSG00000189159" 0.00539606066562816 0.00123460264872758 0.00187996461362334
"ENSG00000127483" 0.00128156537118869 0.00152328489755227 0.00401159722857393
"ENSG00000132541" 0.00258618382092014 0.00096932737262869 0.00191071218759854
"ENSG00000142166" 0.000306716532737548 0.000322113193179596 0.00111465947509944
"ENSG00000183856" 0.000150228522878506 0.00038011378804846 0.00023034457778426
"ENSG00000186625" 0.000491662542498142 0.000402153128999714 0.000918515278029743
"ENSG00000104756" 0.000224503305782301 0.000193416321562404 0.000382152675814077
"ENSG00000066135" 0.000664909287741318 0.00105196537579046 0.000706057194009599
"ENSG00000163507" 0.000721479442424792 0.000868891166243913 0.000545683917909084
"ENSG00000138160" 0.000746967671803625 0.00108260402186685 0.00111951995670618
"ENSG00000138182" 0.00259125209943649 0.00568993312275913 0.00429850896392706
"ENSG00000079616" 0.00171185226833951 0.000413238896634087 0.00170548870162792
"ENSG00000137807" 0.00114200608712034 0.00139662795238771 0.00113891699479256
"ENSG00000170759" 0.0016741199172009 0.00270030179789593 0.00283686995235558
"ENSG00000067082" 0.000597633832354719 0.000114251525195354 0.00881181800408066
"ENSG00000182481" 0.0118303731250719 0.00695823159150696 0.00265856161137486
"ENSG00000143815" 0.00115407138191667 0.00382872741808844 0.00228615231330171
"ENSG00000152022" 4.6980792063717e-05 1.42285033627812e-09 0.000706169076854894
"ENSG00000113368" 0.00285985305252942 0.00218829683669464 0.00252576550965861
"ENSG00000164109" 0.00516237525735164 0.00168015002195763 0.00344377999254167
"ENSG00000165304" 0.000923638346627074 0.000685681401121006 0.000738235421308835
"ENSG00000168282" 0.000298258161915794 0.000575734111833062 0.00117015974982511
"ENSG00000101871" 0.00055684533072505 0.0014099276866251 2.46275801785419e-09
"ENSG00000129534" 0.0018995529873372 0.00276913832262342 0.00403698931126672
"ENSG00000121211" 0.00136683264268808 0.000396950067702434 0.00117699550016841
"ENSG00000151503" 0.000592168735349377 0.000495131175119301 0.000498180608243371
"ENSG00000121152" 0.0012329521871445 0.000743419544985182 0.00170623254126525
"ENSG00000124160" 0.000422131102357728 0.000458889161887491 0.00041976354752937
"ENSG00000080986" 0.00122251903620079 0.00115875541170336 0.00174881872796741
"ENSG00000109674" 0.000173698537979487 0.00010730751920753 0.000174767661340931
"ENSG00000141905" 8.44732822203479e-05 4.88956667586633e-06 0.000965681867937517
"ENSG00000164190" 0.00138690164814932 0.00253162162080543 0.00270496971002705
"ENSG00000197696" 0.000132713750763537 0.000149484934108169 9.40467502011192e-07
"ENSG00000113580" 0.00014481990296631 0.00030316499544487 0.00762922894008738
"ENSG00000069275" 0.0111346153826113 0.023394283082254 0.00541535957243982
"ENSG00000137497" 0.000218322017547021 0.000302067356318568 0.00068898565187075
"ENSG00000137804" 0.00380224895164065 0.00194276121555905 0.00844683217419369
"ENSG00000140451" 0.000178734812006024 0.00140111264214526 0.000427769135524013
"ENSG00000160199" 0.000219306758875882 0.000536051116510485 0.000186918300013545
"ENSG00000051341" 0.000309917689744852 0.000379097352556904 0.000947540282825803
"ENSG00000184203" 0.000600289160831001 0.000248356456177327 0.00180414221241399
"ENSG00000108671" 0.00767281584933116 0.00302689848259825 0.00328414386865828
"ENSG00000134222" 0.000611596855467903 0.000375378229818411 0.000251559202109057
"ENSG00000100401" 0.00130532644647009 0.00069692031376944 0.000453593414797232
"ENSG00000166965" 7.76664638577136e-05 0.000312505959800378 0.000155673386109255
"ENSG00000072042" 0.00276011997423618 0.00365912615769525 0.00294181514441475
"ENSG00000110315" 0.000736993503251457 0.000564189609982095 0.00077940072660412
"ENSG00000164105" 0.00022926728682764 0.000244371402698777 0.000662692683508586
"ENSG00000165480" 0.00114387999992959 0.00138050801032894 0.000663116410789681
"ENSG00000113810" 0.0019264785836772 0.00468085345564131 0.00398793639972506
"ENSG00000115415" 0.000367894303887529 0.000206725670281733 0.00887212458767373
"ENSG00000123473" 0.000278581604404849 0.000486327075445957 0.000676018008972117
"ENSG00000081320" 2.56454355751521e-05 3.12094702759847e-05 0.00235253930435962
"ENSG00000172340" 0.000433762230956818 0.00044831654714555 0.000879747424497418
"ENSG00000137203" 3.23993850373212e-10 5.86641910660063e-10 6.53371747900952e-05
"ENSG00000102265" 0.000787683904495373 0.00108813496611789 0.00590313109591151
"ENSG00000167920" 0.000320212085398765 1.25570126218e-05 0.000565043596600038
"ENSG00000120802" 0.00288991381868594 0.00226014067601774 0.00362683604495907
"ENSG00000105576" 0.00116491751023127 0.00108332624029099 0.00112585868618323
"ENSG00000183763" 0.000273090083943042 0.000268588330356872 0.000412925899658831
"ENSG00000213186" 0.000590328207023792 0.000425661845745966 0.000431532537860786
"ENSG00000099899" 0.000166532453200143 0.000112351165950261 0.000338640380440387
"ENSG00000116830" 0.00126131834134015 0.00145049297952501 0.00165786966973766
"ENSG00000167552" 0.00670821890986161 0.00192632721243196 0.00171315382725631
"ENSG00000196230" 0.0246541653215354 0.00994883234998931 0.0162127265834111
"ENSG00000137267" 0.00165883290547 0.00189281691892972 5.18522995817671e-05
"ENSG00000188229" 0.00303663348921691 0.000893814558314225 0.0026914466816815
"ENSG00000108423" 0.000426866101111815 0.000292059873614931 0.000431454391224096
"ENSG00000137831" 0.000501234820857729 0.00126532140274486 6.10991175134955e-05
"ENSG00000175063" 0.00613969676974644 0.00258925210729899 0.00327767958414166
"ENSG00000131475" 0.00230836586751278 0.00106102367661854 0.00167121414002987
"ENSG00000009844" 0.00228495343316773 0.000995042301436482 0.00263207415466942
"ENSG00000109046" 0.00210211516310595 0.00202560296044685 0.00942423420779522
"ENSG00000198466" 0.000177776991148605 0.000623836101073628 0.000234861893688688
"ENSG00000174276" 6.95759421338103e-05 2.04931949286694e-05 9.01382318470448e-05
"ENSG00000135541" 0.000625997974140313 0.00105760761570036 0.00137421630196664
"ENSG00000135334" 0.000542846614255621 0.000553346429035769 0.00111670894179741
"ENSG00000154945" 0.000675448252914542 0.000457951545598308 0.00063011859776708
"ENSG00000136938" 0.000472976686128949 0.00193670289195768 0.00682491433822347
"ENSG00000143401" 0.00418141676002625 0.00658384251144701 0.00447026395533573
"ENSG00000170540" 0.00173399218133805 0.00327354796564276 0.00334054044741338
"ENSG00000171681" 0.000542483548698315 0.00113400594741716 0.00108569316795193
"ENSG00000087586" 0.00162026883870583 0.0011246922244339 0.00160500627592607
"ENSG00000110330" 0.000696456353691737 0.000447385213651038 0.00208714054283452
"ENSG00000089685" 0.00219914531032495 0.00090660022451044 0.00124896310118942
"ENSG00000169679" 0.00214438048500378 0.00265340643241885 0.00211369458697967
"ENSG00000182985" 0.000147509435705731 0.000663241253869159 0.000309780883071121
"ENSG00000115355" 0.00194738822228641 0.00510846818893884 0.00369278451863365
"ENSG00000137500" 0.00154478457824756 0.00089443800403713 0.00280730122492421
"ENSG00000157456" 0.00317019378455788 0.000280328830413958 0.00230627668116902
"ENSG00000117399" 0.00323719495000305 0.000375357585942787 0.00098420482727478
"ENSG00000101224" 0.000294644363183851 0.000253707171125573 0.00129428736497188
"ENSG00000004897" 0.00051378214224462 0.00106623341738261 0.00133308995360356
"ENSG00000128283" 5.54250543328564e-05 4.49075894731926e-05 2.57874206166297e-09
"ENSG00000115163" 9.02095195563753e-05 8.76624479202138e-05 0.000440184409400226
"ENSG00000138778" 0.00135294604138738 0.00506989795700707 0.00264140571258522
"ENSG00000117724" 0.00473698701929621 0.0185946866233305 0.00410946478754537
"ENSG00000138180" 0.000218227669980791 0.000235438338829827 0.00104157134941285
"ENSG00000122966" 0.000427172427889344 0.000662740858964665 0.00041361953807875
"ENSG00000175216" 0.00242316177342709 0.00190605920777766 0.00211491305556442
"ENSG00000173207" 0.0113564749207896 0.0128820377465795 0.0049080880307991
"ENSG00000123975" 0.0130941897625018 0.0138142897709982 0.0114114647831985
"ENSG00000182973" 0.000977814391965474 0.000480846294966748 0.000827844806979152
"ENSG00000170037" 0.00011894465316945 0.000153863751377951 0.000477755217364413
"ENSG00000102974" 0.00156690618559977 0.00119527574930476 0.00143798699798394
"ENSG00000044115" 0.00305730152073789 0.00380035362300787 0.00112367125324613
"ENSG00000198561" 0.00149972638476383 0.00160320608364513 0.000713207784188164
"ENSG00000024526" 0.000724799453229004 0.000927942875184056 0.000794433343278942
"ENSG00000035499" 0.00145764360258446 0.000762025563823706 0.000372435010888715
"ENSG00000139734" 0.000513793407442027 0.00126846122883581 0.00067608058009652
"ENSG00000126787" 0.00256666777843404 0.00351532669458263 0.00198937487716816
"ENSG00000086061" 0.0104401755052355 0.00453017572173789 0.00523347909854433
"ENSG00000117505" 0.00144712353307949 0.000746345055078042 0.0015780388293089
"ENSG00000198919" 0.000888212923452748 0.000739068403185638 0.000890623165491823
"ENSG00000133740" 0.000320517180272278 0.000357012249878477 0.000311963344898796
"ENSG00000114346" 0.00134543977983674 0.00134613724242596 0.00077998743832141
"ENSG00000129195" 0.00205073807964418 0.00103202741703675 2.83331530336767e-09
"ENSG00000111206" 0.000405647396441137 0.000375324966006505 0.00024298838041573
"ENSG00000010810" 0.00048797429920331 0.000914202516557914 0.000714812046512963
"ENSG00000116717" 5.01006103921308e-05 0.000308802686292538 0.00158310562647429
"ENSG00000120053" 0.000876868824849492 0.000322126687347367 0.00107197910686225
"ENSG00000198055" 0.000247569412849423 9.71458014076885e-05 0.000603991198073997
"ENSG00000075218" 0.000864101835532962 0.00101407332466684 0.0015924221897506
"ENSG00000172534" 0.00166019928402157 0.00203093268703949 0.00116497034793138
"ENSG00000064961" 0.000246664564092405 0.000221678355066732 0.000294219435531483
"ENSG00000029993" 0.00512638380691695 0.00268583595617039 4.77991997260691e-05
"ENSG00000072571" 0.00187638993060619 0.00176846167160575 0.00297780272156763
"ENSG00000100099" 0.00021968032491826 0.000634549129019764 0.00129122392241021
"ENSG00000153936" 0.000395323644322744 0.000764598497053104 0.00111835807563293
"ENSG00000155304" 0.00051397893340684 0.000900691377852044 0.00182431690807871
"ENSG00000109971" 0.0305089929017491 0.0225005107966852 0.0075791941163978
"ENSG00000132849" 0.000255145034494891 0.00116570410853568 0.000223677119457165
"ENSG00000118193" 0.000521159107373163 0.0018476981395235 0.00103439026099813
"ENSG00000142945" 0.000715158294246813 0.000653289522002248 0.00144356723740369
"ENSG00000119138" 1.22585573560501e-09 6.1807031496433e-06 0.000553523878773089
"ENSG00000160789" 0.000141471144368993 0.000467063032078784 0.00134488902286647
"ENSG00000148773" 0.00096699823767774 0.00198015360572478 0.00508157102410823
"ENSG00000130396" 0.00113922083083689 0.00352863043263494 0.000921942198452305
"ENSG00000204899" 0.00137961620581553 0.000380332326000459 0.00248233048316474
"ENSG00000010292" 0.00112398080017364 0.00148281785544944 0.00219057037656659
"ENSG00000117650" 0.000445057391868519 0.000509289052852556 0.000804243226636622
"ENSG00000143228" 0.000752986066733953 0.0013284422178122 0.00184268197700309
"ENSG00000163002" 0.00132233159728825 0.00146553085955841 0.000616236981073542
"ENSG00000110713" 0.000755530785333306 0.00148175365887202 0.000834853249468309
"ENSG00000136811" 8.19204259655267e-05 0.000295751810736905 0.000661261928497038
"ENSG00000149716" 0.000132490964902805 0.000107040752441861 7.12309638079789e-05
"ENSG00000168078" 0.000231061201771619 0.000219738788145743 0.0017689504294239
"ENSG00000165494" 0.00056787734650774 0.00101662401226863 0.00125435299232849
"ENSG00000166851" 0.0012959974747491 0.000659028973120616 0.00170677368255939
"ENSG00000164087" 0.000454859142436521 0.000129484960015289 0.000268666936296854
"ENSG00000196313" 0.000833672362639606 0.0010509367320183 0.000252049956609711
"ENSG00000161542" 0.000528998291802862 0.000421593003762042 0.000638357422407022
"ENSG00000068489" 0.00111987640660531 0.00202863287521576 0.00294469042153555
"ENSG00000157778" 0.00107295563764501 2.34651514894483e-08 0.000377578021740916
"ENSG00000112245" 0.00122438289989731 0.00120061121516283 0.00315425904384097
"ENSG00000169410" 0.000355727420735282 0.000620206227910164 0.000364950915100817
"ENSG00000136045" 0.00388854558202066 0.00320867379822158 0.00275423554865486
"ENSG00000198218" 0.00103736071054397 0.0012184588110256 0.00102554620631075
"ENSG00000108384" 0.000788445460485977 0.000622849918257831 0.00163760669459127
"ENSG00000131795" 0.00401094544914318 0.00176143736666948 0.00153127292201692
"ENSG00000159200" 6.18670453991361e-05 7.64958744891089e-05 0.000207757729892585
"ENSG00000142599" 0.000931957979061912 0.00268477177607207 0.00168444180166738
"ENSG00000070423" 0.000553361768919756 9.38086539841861e-05 0.000404469758520478
"ENSG00000205937" 0.00314806877437403 0.00143372458399041 0.00107988422569076
"ENSG00000160214" 0.000343579045792576 0.000188594873449543 0.000230022200625743
"ENSG00000086475" 0.00605456497620992 0.0105697112719704 4.23669751852875e-09
"ENSG00000183955" 0.000168327817932469 9.8193371100221e-05 0.000636427429251465
"ENSG00000116560" 0.00660642113168935 0.00731632518793868 0.00613361060586792
"ENSG00000163535" 0.00103741012503054 0.00193854243023417 0.0022520324234102
"ENSG00000171241" 0.00035736138856619 0.000227386921437231 0.00122766199824051
"ENSG00000099956" 0.00119035380218406 1.31099119082658e-05 0.000984657708486641
"ENSG00000066117" 0.000799844852343375 0.000185076271256568 0.000278083553173159
"ENSG00000076382" 0.000818193849136811 0.00149961532099696 0.00208870926197502
"ENSG00000115306" 0.00114802477314021 0.00560798072330218 0.00571876252028008
"ENSG00000112658" 0.000698475524537733 0.000615817809038924 0.000452863783083828
"ENSG00000112081" 0.0204312133345482 0.0076681163191388 0.00798037396596368
"ENSG00000141380" 0.00120788172874346 0.000601198607130138 0.000847823136106541
"ENSG00000110066" 0.000675086483908033 0.000537549361742129 0.000763521597734316
"ENSG00000013810" 0.00103901563885947 0.000698207852995988 0.00058420350353416
"ENSG00000054118" 0.00679089426306563 0.00377091523842345 0.0048271587903458
"ENSG00000140332" 0.000784884595665728 0.000695380607546952 0.00180755778736273
"ENSG00000149483" 0.000692580457033601 0.000683201716650058 0.000832959668552054
"ENSG00000083312" 0.00218184360212357 0.00316444003502569 0.00126218421922137
"ENSG00000025772" 0.000901339553707668 0.000383061734864126 0.000785820815596566
"ENSG00000088325" 0.00187002086947665 0.00161920963321387 0.00215575879368696
"ENSG00000071539" 0.00089756977172126 0.0002397791395656 0.000217419731134768
"ENSG00000074319" 0.00133918870710988 0.000459218590865488 0.00134618350863872
"ENSG00000211460" 0.00284433329049609 0.00104453431257714 0.000956638022567448
"ENSG00000112742" 0.00135604528618948 0.00152414592919199 0.00142310639836702
"ENSG00000115514" 0.00227331488014525 0.000912922579834797 0.00164675394274763
"ENSG00000198431" 0.00242074754581033 0.00138868041420081 0.000835734162527159
"ENSG00000109332" 0.00657404694438134 0.00363321824297476 0.00762237332624413
"ENSG00000058056" 0.000435762069798508 0.000411584785194264 0.000113923177828782
"ENSG00000156256" 0.00111387297193292 0.00131005271781688 0.00280545888751534
"ENSG00000173218" 0.000130324053997085 0.00039309179712767 0.000218202405960806
"ENSG00000170473" 0.00148442620383519 0.000177253640017282 0.000575355214675776
"ENSG00000128245" 0.00231708903321291 0.00273947215322843 0.00117981572301704
"ENSG00000091732" 0.00134135352541925 0.000513534366031477 0.000765680864989351
"ENSG00000005889" 0.000326997581326143 0.000173428707561174 0.000357405092058695
"ENSG00000197056" 0.000578746110212868 0.000834077508592249 3.67956496636089e-05
"ENSG00000010244" 0.00430664593389492 0.00450651027613992 0.00434596229555287
"ENSG00000173744" 0.000863477893634161 0.00116940087589875 0.00189971315769655
"ENSG00000160216" 2.41769046609466e-10 4.31129357011705e-10 0.00122689972958357
"ENSG00000170776" 0.000678763141937922 0.00117314983619091 0.00541500625032012
"ENSG00000169604" 0.000439707287957912 0.000925004428535227 2.95731501046862e-09
"ENSG00000151929" 0.000180929649560249 8.81550416008084e-05 2.49464943503121e-09
"ENSG00000132640" 0.000718601467258119 0.000760672973775656 0.000140048412536215
"ENSG00000122565" 0.0119599954470473 0.00641530543715027 0.00846604537371329
"ENSG00000070831" 0.00287500222068942 0.00159730049238361 0.006117854523541
"ENSG00000134058" 0.00204854283152137 0.00105496201940002 0.000941909011696479
"ENSG00000100526" 0.00183638617874799 0.00131862114351931 0.00371225520800628
"ENSG00000114107" 0.000836021418631276 0.00040934253913493 0.000366978641138095
"ENSG00000143771" 0.00550776347687911 0.00864728939465169 0.00291521339133232
"ENSG00000198730" 0.0011402777071757 0.00111596780586034 0.00156699186681475
"ENSG00000150316" 0.00328523393034862 0.00242114933323598 0.0040597923082365
"ENSG00000162290" 0.000625696589245089 0.000597493635007791 0.00115473831826162
"ENSG00000104671" 0.000474720200469765 0.000377326457306806 0.000752495979260484
"ENSG00000182108" 1.85719552080386e-05 1.8018269044527e-08 3.29104685229129e-05
"ENSG00000130826" 0.00435491791702457 0.00253583273181213 0.00180823244929467
"ENSG00000105993" 0.00260945637751516 0.00211353230565132 0.00098347652988043
"ENSG00000096696" 0.0002402989037585 0.00079737251488646 2.48105132295155e-09
"ENSG00000088986" 0.0126320938914494 0.00663336873615847 0.00383717237409391
"ENSG00000134014" 0.000554527824884851 0.000265912047365456 0.000597326157541312
"ENSG00000160767" 0.0002790360185458 0.00106059470491627 0.000168357984683206
"ENSG00000139146" 0.00830319574730811 0.00654387840934739 0.00369268518377693
"ENSG00000133393" 0.00109158013475384 0.00109235857565925 0.00193406689798999
"ENSG00000141568" 0.000389763254791414 0.000883138467990764 0.00115899322557423
"ENSG00000114416" 0.00387281686198724 0.00416297110579735 0.00473741869993008
"ENSG00000145907" 0.00803412917595044 0.00673937052078718 0.00266648542705583
"ENSG00000179348" 9.3796868440993e-07 1.40998906895896e-09 2.06584944321785e-09
"ENSG00000078369" 0.00379681248628222 0.0020708718195552 0.00507094537857024
"ENSG00000109519" 0.00207856901709046 0.000813882819379534 0.0018718055867327
"ENSG00000103342" 0.00308540932998586 0.00264328852832304 0.00272408876257764
"ENSG00000125484" 0.00090532015881328 0.00118516020694387 0.000507118737536971
"ENSG00000100644" 0.002180504408627 0.00263979335421431 0.00160146052353878
"ENSG00000113161" 0.00245639586790152 0.00436510838644206 0.00142597627464318
"ENSG00000198189" 0.000261996033440989 0.000352075360549401 0.00080337728632174
"ENSG00000143621" 0.0114012369306669 0.0103543188740835 0.00344036265641688
"ENSG00000171988" 0.00221389499284221 0.0077479067741492 0.00257944215665062
"ENSG00000117139" 0.00144285790591986 0.00515541595657181 0.00037821459092306
"ENSG00000100578" 0.000431971439862296 0.000179563704380289 0.000902493458819548
"ENSG00000108424" 0.0102597010806186 0.00980714972773787 0.00657201885189915
"ENSG00000133703" 0.00172855174375489 0.00235045091413569 0.000703554259491359
"ENSG00000155506" 0.00424011082812775 0.00656890192483307 0.00296893083103006
"ENSG00000174720" 0.0364923385559063 0.102150234041575 2.36298107474734e-08
"ENSG00000121931" 0.000362708169044653 0.000189950749387992 0.00202409997526904
"ENSG00000145220" 0.00248931618695057 0.0016825424638177 0.0010205707737601
"ENSG00000123562" 0.00548810548921953 0.00213794892659689 0.00366789408793266
"ENSG00000115364" 0.0019172122380933 0.000898565773469009 0.00110836103957665
"ENSG00000204568" 0.00227458683285266 0.000688040097872905 0.0043853184291989
"ENSG00000122140" 0.00116908384077288 9.08157507724392e-05 0.000608147531457249
"ENSG00000188895" 0.000658194621888597 0.000957527234567269 0.00112357487127954
"ENSG00000105887" 0.000353525455592852 0.00012754740048876 0.00101028731952926
"ENSG00000124151" 0.000144227144492854 0.000625460996975019 0.00551582337462654
"ENSG00000162599" 1.75332415163896e-05 8.28484448841408e-05 2.3206749361509e-09
"ENSG00000108256" 0.00136012794544186 0.00402510073051559 0.00126131478646675
"ENSG00000075188" 0.00200676195149126 0.000961715529684065 0.00234899293981073
"ENSG00000054277" 6.075633818152e-05 0.000147857694446779 8.80381853521289e-05
"ENSG00000111845" 0.00333707290309444 0.00185593041311319 0.000594782389459559
"ENSG00000105355" 0.00124604519831165 0.000532180747370384 0.00269120835221121
"ENSG00000113575" 0.00219843560095438 0.00139257232311551 0.0014493674340628
"ENSG00000221914" 0.00124347231189074 0.00246283566308708 0.00230527752427626
"ENSG00000110075" 0.000983735213792555 0.00184943974919595 0.00143393384819579
"ENSG00000198901" 0.000671171041948159 0.000934744076514707 0.00225858767879508
"ENSG00000080815" 0.000407813044937354 0.000554964948894811 0.00134107047651619
"ENSG00000159335" 0.00133628890807296 2.48764865866989e-05 0.000454812917345347
"ENSG00000164611" 0.010741792109833 0.00644237910690818 0.00976292006444022
"ENSG00000164754" 0.00408457621345269 0.00357129649447882 0.00441826383025869
"ENSG00000132341" 0.0310463385338831 0.01241600634553 0.0191863456764351
"ENSG00000106615" 0.0012256772297172 0.000937902475640574 0.00023226665267607
"ENSG00000142541" 0.0189225418771189 0.00359224209033047 0.0673606965043077
"ENSG00000196950" 0.00168730533645778 0.00609067107452491 0.000135039572763619
"ENSG00000169371" 0.00104499120802079 0.000498565152012774 0.000895531869034166
"ENSG00000118007" 0.000265753953840337 0.00034576596649726 0.000627891749056826
"ENSG00000135316" 0.00726774442371802 0.00555822966450203 0.00373120678659015
"ENSG00000085231" 0.00366853147491596 0.00231209377407695 0.00490291748147793
"ENSG00000113649" 0.0022866032186104 0.00319666729133813 0.00268847138808155
"ENSG00000183864" 0.00172477081247724 0.00172841903977761 0.00180811551934524
"ENSG00000198900" 0.00318201011308506 0.00253013711462422 0.00341705660122035
"ENSG00000135451" 0.000803072887711591 0.000344831161768075 0.000683669250242971
"ENSG00000102804" 0.00186682734646499 0.00116064195695134 4.73612178955755e-05
"ENSG00000130338" 0.000227320462795296 0.000377323313975938 0.000343218050616913
"ENSG00000035403" 0.00324003842771692 0.00735149045911425 0.000345848100615794
"ENSG00000171475" 0.000336743787844273 0.000846498150206401 0.00122009003226355
"ENSG00000113645" 0.000371460890252587 0.000740501881192541 8.06765152748849e-06
"ENSG00000100811" 0.00283902928251609 0.00378222270834889 0.00314137258791422
"ENSG00000178951" 0.000215934880635523 0.00080380701667275 0.000745727081403245
"ENSG00000155329" 0.00210486129902132 0.00128636273249309 0.00202929382660275
"ENSG00000172466" 0.00197841693683777 0.00185009822095244 0.00197379231018757
"ENSG00000162702" 0.00290667988576853 0.00693837636480782 0.00097105005183886
"ENSG00000142684" 0.000853896580507911 0.000294996454622357 0.000590095132389668
