"1" "2" "3"
"NA19098.1.A01" 0.909353253769272 0.0899312959125995 0.000715450318128107
"NA19098.1.A02" 0.945878321385994 0.0525286368660496 0.00159304174795684
"NA19098.1.A03" 0.892078748228502 0.107589382357076 0.000331869414422674
"NA19098.1.A04" 0.89721538707125 0.101659269424115 0.00112534350463577
"NA19098.1.A05" 0.941308768974699 0.0568204956884569 0.00187073533684368
"NA19098.1.A06" 0.950610090054984 0.0480863086582121 0.00130360128680369
"NA19098.1.A07" 0.936215091666259 0.0633918669719867 0.000393041361754527
"NA19098.1.A08" 0.972834300405405 0.0262968905756833 0.000868809018911762
"NA19098.1.A09" 0.94452306322101 0.0533612060165268 0.00211573076246289
"NA19098.1.A10" 0.967978049378361 0.0306762696515491 0.00134568097008973
"NA19098.1.A11" 0.935501743282298 0.0623988779968113 0.00209937872089021
"NA19098.1.A12" 0.966636230795714 0.0319848642528606 0.00137890495142514
"NA19098.1.B01" 0.976962978850127 0.0226130048200213 0.000424016329852082
"NA19098.1.B02" 0.947841801038805 0.0494926543254548 0.0026655446357405
"NA19098.1.B03" 0.913087154914203 0.0849882528262258 0.00192459225957149
"NA19098.1.B05" 0.962581830676423 0.0364863987011237 0.000931770622453496
"NA19098.1.B06" 0.942698012077445 0.0558060655491394 0.00149592237341551
"NA19098.1.B07" 0.972062290007182 0.0269575845597202 0.000980125433098312
"NA19098.1.B08" 0.972926421028588 0.0186708578133051 0.00840272115810679
"NA19098.1.B09" 0.916055271715861 0.0799003115464521 0.00404441673768657
"NA19098.1.B10" 0.781905768448593 0.21775668259808 0.000337548953326329
"NA19098.1.B11" 0.91980030330306 0.0801081883630376 9.1508333902747e-05
"NA19098.1.B12" 0.971973495691013 0.0269025547578154 0.00112394955117159
"NA19098.1.C01" 0.962990900206433 0.0345393645378572 0.00246973525570974
"NA19098.1.C02" 0.974380393987288 0.02437331536417 0.00124629064854196
"NA19098.1.C03" 0.941582834203095 0.0558822251017796 0.00253494069512535
"NA19098.1.C04" 0.937716664445587 0.0621094051807813 0.000173930373631288
"NA19098.1.C05" 0.943787530147407 0.055551206428152 0.000661263424441199
"NA19098.1.C06" 0.966570312218493 0.0322268299121196 0.00120285786938743
"NA19098.1.C07" 0.966411433836507 0.0280068108917596 0.00558175527173327
"NA19098.1.C08" 0.915232499531866 0.0844973832131773 0.00027011725495638
"NA19098.1.C09" 0.946222611702253 0.053514326142465 0.000263062155282136
"NA19098.1.C10" 0.972409704415906 0.0265348608666023 0.00105543471749222
"NA19098.1.C11" 0.974611757400981 0.0245130153121126 0.000875227286906678
"NA19098.1.C12" 0.903782928085254 0.0935520539836009 0.00266501793114466
"NA19098.1.D01" 0.921295030259954 0.0782661203868044 0.000438849353241405
"NA19098.1.D02" 0.961806338737891 0.0372461211102455 0.000947540151863512
"NA19098.1.D03" 0.96746051335243 0.0301374524499804 0.00240203419759018
"NA19098.1.D04" 0.961608507138274 0.0380445737499297 0.000346919111796693
"NA19098.1.D05" 0.868105545807443 0.1317716463621 0.000122807830457584
"NA19098.1.D06" 0.975417325489602 0.0245144004066209 6.82741037770959e-05
"NA19098.1.D07" 0.707718144249574 0.291741777548881 0.000540078201544803
"NA19098.1.D08" 0.948868275896133 0.0486907541928618 0.00244096991100529
"NA19098.1.D09" 0.920481705871646 0.0760899107811712 0.00342838334718227
"NA19098.1.D10" 0.955325241723925 0.0409136852358044 0.00376107304027078
"NA19098.1.D11" 0.895711006109708 0.103053717373849 0.00123527651644281
"NA19098.1.D12" 0.976498726961295 0.0224758711679944 0.00102540187071081
"NA19098.1.E01" 0.936491838394177 0.0613550621579475 0.00215309944787517
"NA19098.1.E02" 0.962682675423839 0.03512113189227 0.00219619268389093
"NA19098.1.E03" 0.969051756345593 0.0302993664414426 0.000648877212964047
"NA19098.1.E05" 0.929064401141932 0.0692176413480767 0.00171795750999114
"NA19098.1.E06" 0.955170132836741 0.0430558119479915 0.00177405521526786
"NA19098.1.E07" 0.902657475197965 0.0967827468542759 0.000559777947759191
"NA19098.1.E08" 0.976111089146001 0.0231867346051463 0.000702176248852729
"NA19098.1.E09" 0.948452361594077 0.0440827396043287 0.00746489880159425
"NA19098.1.E10" 0.96606024929428 0.0321615659938637 0.00177818471185578
"NA19098.1.E11" 0.943786603215444 0.0533043182837121 0.00290907850084389
"NA19098.1.E12" 0.939379793009364 0.0601639324315109 0.00045627455912484
"NA19098.1.F01" 0.942749256845797 0.0492830602801044 0.00796768287409816
"NA19098.1.F02" 0.975263376680542 0.0243564088598473 0.00038021445961081
"NA19098.1.F03" 0.971498373220516 0.0283664997755452 0.000135127003938288
"NA19098.1.F04" 0.854857727231368 0.145054826661934 8.74461066983194e-05
"NA19098.1.F06" 0.741096602772199 0.258394619093671 0.000508778134130022
"NA19098.1.F07" 0.902811951489337 0.0964587211064784 0.000729327404184148
"NA19098.1.F08" 0.934401836623282 0.0641608419525422 0.00143732142417597
"NA19098.1.F09" 0.946250732133003 0.0455348876988646 0.00821438016813281
"NA19098.1.F10" 0.969019012510073 0.0309151281729539 6.58593169730139e-05
"NA19098.1.F11" 0.965773774344885 0.033764506699729 0.000461718955386127
"NA19098.1.F12" 0.940374271379676 0.0541275140258722 0.00549821459445153
"NA19098.1.G01" 0.912604685776438 0.0871919743108267 0.000203339912735377
"NA19098.1.G02" 0.952592640184806 0.0472352530018416 0.000172106813352399
"NA19098.1.G03" 0.911834905281899 0.0868890450862389 0.00127604963186185
"NA19098.1.G04" 0.942436557223466 0.0561070214875242 0.00145642128901022
"NA19098.1.G05" 0.962012682839988 0.0371468272913229 0.000840489868688872
"NA19098.1.G06" 0.944146505830094 0.0540844763927624 0.00176901777714364
"NA19098.1.G07" 0.930316126919647 0.0690447976138386 0.000639075466514467
"NA19098.1.G08" 0.931932872873028 0.0651625298145157 0.00290459731245682
"NA19098.1.G09" 0.946343010965502 0.0528820006925803 0.000774988341917342
"NA19098.1.G10" 0.958699020246356 0.0411670920430867 0.000133887710557047
"NA19098.1.G11" 0.97083804061227 0.0290121722943636 0.000149787093366888
"NA19098.1.G12" 0.934358576054751 0.0654437086926161 0.00019771525263249
"NA19098.1.H01" 0.961713341303154 0.0372932231813139 0.000993435515532377
"NA19098.1.H02" 0.917908007707565 0.0816058931181311 0.000486099174303819
"NA19098.1.H03" 0.907438556943441 0.0922163949556205 0.00034504810093843
"NA19098.1.H04" 0.949142948035177 0.0506670593188718 0.000189992645950905
"NA19098.1.H05" 0.958156678327834 0.0409204200293879 0.000922901642777878
"NA19098.1.H06" 0.825140939307419 0.174517385818352 0.000341674874228427
"NA19098.1.H07" 0.92342723622298 0.0764798982829253 9.28654940949606e-05
"NA19098.1.H08" 0.811124512077592 0.188177380920644 0.000698107001763991
"NA19098.1.H09" 0.828131411850216 0.166160552367067 0.00570803578271671
"NA19098.1.H10" 0.942692713807043 0.0562617438547977 0.00104554233815896
"NA19098.1.H11" 0.967566199715664 0.0318108211120764 0.000622979172259456
"NA19098.1.H12" 0.911214295673775 0.0870637569648672 0.00172194736135831
"NA19098.2.A01" 0.425108719077491 0.574810146505247 8.11344172621277e-05
"NA19098.2.A02" 0.770035732670352 0.229255129911705 0.000709137417943537
"NA19098.2.A03" 0.768743572698852 0.231072032014453 0.000184395286695338
"NA19098.2.A04" 0.78889425493697 0.211050933869282 5.48111937481584e-05
"NA19098.2.A05" 0.845154538362596 0.1546269082964 0.000218553341004007
"NA19098.2.A06" 0.448862545939064 0.551012342745553 0.000125111315382988
"NA19098.2.A07" 0.821921350076421 0.177932305244104 0.000146344679475435
"NA19098.2.A08" 0.769359367528998 0.230562144124545 7.84883464573043e-05
"NA19098.2.A09" 0.499789273637807 0.499768136577479 0.000442589784713743
"NA19098.2.A10" 0.741919693930046 0.257363510473712 0.00071679559624223
"NA19098.2.A11" 0.764706626181261 0.235233312780958 6.00610377810577e-05
"NA19098.2.B01" 0.455734043826592 0.54410129727778 0.000164658895628104
"NA19098.2.B02" 0.793387567027785 0.206317288671736 0.000295144300478984
"NA19098.2.B03" 0.796397460869099 0.202915537639361 0.000687001491539814
"NA19098.2.B04" 0.749423467141852 0.249986337652462 0.000590195205685743
"NA19098.2.B05" 0.785440855876631 0.214442886732029 0.000116257391339646
"NA19098.2.B06" 0.809332934101201 0.190298177834755 0.000368888064044222
"NA19098.2.B07" 0.773918782597897 0.22553579099033 0.000545426411772399
"NA19098.2.B08" 0.807208873635325 0.192712804238411 7.83221262641795e-05
"NA19098.2.B09" 0.782744024182364 0.216969243244099 0.000286732573536519
"NA19098.2.B10" 0.821740476074604 0.178183744256917 7.57796684784079e-05
"NA19098.2.B11" 0.464232460888176 0.534838248875367 0.000929290236457293
"NA19098.2.C01" 0.76702120374665 0.232530567126122 0.000448229127228024
"NA19098.2.C02" 0.696767055305275 0.303152260201686 8.06844930388957e-05
"NA19098.2.C03" 0.702076921127455 0.297836130179242 8.69486933037862e-05
"NA19098.2.C04" 0.470382166440325 0.529458052391735 0.000159781167940337
"NA19098.2.C05" 0.729214277962969 0.270513994653955 0.000271727383076022
"NA19098.2.C06" 0.740599449464586 0.259309838434508 9.07121009067666e-05
"NA19098.2.C07" 0.78257951065133 0.217344543928069 7.59454206011443e-05
"NA19098.2.C08" 0.735174728685342 0.264382570275835 0.00044270103882312
"NA19098.2.C09" 0.477014444737463 0.522714846241265 0.000270709021272622
"NA19098.2.C10" 0.719736148830217 0.280147571374158 0.000116279795624867
"NA19098.2.C11" 0.750059513248201 0.249868002623919 7.24841278802322e-05
"NA19098.2.C12" 0.744772456100604 0.254996846573838 0.000230697325557625
"NA19098.2.D01" 0.734136024798516 0.264437613804679 0.00142636139680534
"NA19098.2.D02" 0.578327360907158 0.421583026954644 8.96121381973587e-05
"NA19098.2.D03" 0.600471820674892 0.399475968434831 5.22108902774802e-05
"NA19098.2.D04" 0.726208873492912 0.273721675611353 6.9450895734872e-05
"NA19098.2.D05" 0.799960438570114 0.199962266329154 7.72951007321727e-05
"NA19098.2.D06" 0.781924836616754 0.217925791233647 0.000149372149598898
"NA19098.2.D08" 0.77873052814474 0.220414619845952 0.000854852009308694
"NA19098.2.D09" 0.438085509243472 0.561586342131416 0.000328148625111884
"NA19098.2.D10" 0.728466993727138 0.271388288539961 0.000144717732900614
"NA19098.2.D11" 0.779064448913459 0.22085768676687 7.78643196706567e-05
"NA19098.2.D12" 0.779072914565536 0.220449768085445 0.000477317349019149
"NA19098.2.E01" 0.767732251441368 0.232177391178932 9.03573797001784e-05
"NA19098.2.E02" 0.778710041615197 0.220611134019517 0.000678824365285063
"NA19098.2.E03" 0.764899512413451 0.234328723588544 0.000771763998005169
"NA19098.2.E04" 0.459944609653286 0.539954996679317 0.000100393667396915
"NA19098.2.E05" 0.702100838939939 0.297840619455224 5.85416048367822e-05
"NA19098.2.E06" 0.73390928207287 0.26507270195883 0.00101801596830037
"NA19098.2.E07" 0.593549754102113 0.406200098819497 0.000250147078390286
"NA19098.2.E08" 0.818124504151901 0.181769234080507 0.000106261767591837
"NA19098.2.E09" 0.808474042743765 0.191306130792982 0.000219826463253172
"NA19098.2.E11" 0.808861937554616 0.191085380411344 5.26820340397647e-05
"NA19098.2.E12" 0.718475565529449 0.280750357504043 0.000774076966507714
"NA19098.2.F01" 0.466241503550588 0.533568189175868 0.000190307273543778
"NA19098.2.F02" 0.77717902194467 0.222546357512763 0.000274620542566945
"NA19098.2.F03" 0.774722601113852 0.22520758927591 6.98096102384562e-05
"NA19098.2.F04" 0.743440978299449 0.256490078718376 6.8942982175184e-05
"NA19098.2.F05" 0.80566496818174 0.194270119744889 6.49120733715977e-05
"NA19098.2.F07" 0.789766709511594 0.20805357858562 0.00217971190278578
"NA19098.2.F08" 0.762018848967568 0.237182808467193 0.000798342565239275
"NA19098.2.F09" 0.77857910920726 0.221292669840545 0.000128220952195063
"NA19098.2.F10" 0.741456554020466 0.258461508572607 8.19374069275294e-05
"NA19098.2.F11" 0.477805477004826 0.521808189386003 0.000386333609171514
"NA19098.2.F12" 0.787330631544008 0.211707187947905 0.000962180508087794
"NA19098.2.G01" 0.493433886972287 0.506490419393449 7.56936342638133e-05
"NA19098.2.G02" 0.750233109603969 0.249640647785263 0.000126242610768649
"NA19098.2.G03" 0.746830012658706 0.253024780814903 0.000145206526391558
"NA19098.2.G04" 0.811635567106628 0.188300984811122 6.34480822502609e-05
"NA19098.2.G05" 0.589417833789922 0.410433679878676 0.000148486331401826
"NA19098.2.G06" 0.738457548923485 0.260860377291681 0.000682073784834139
"NA19098.2.G07" 0.785814524931997 0.213983163949862 0.000202311118140387
"NA19098.2.G08" 0.765033039271388 0.234433382046976 0.000533578681636502
"NA19098.2.G09" 0.772734681050532 0.22720251209884 6.28068506284214e-05
"NA19098.2.G10" 0.443134784991065 0.556293165202698 0.000572049806237368
"NA19098.2.G11" 0.646952653941379 0.352899422084305 0.000147923974316045
"NA19098.2.G12" 0.857959599172619 0.141500055709432 0.000540345117948461
"NA19098.2.H01" 0.487008395864383 0.512778936067355 0.000212668068261771
"NA19098.2.H02" 0.696763716464189 0.303074845007312 0.000161438528498582
"NA19098.2.H03" 0.69249337158728 0.30737772380995 0.000128904602769957
"NA19098.2.H04" 0.738041243699228 0.261857382314769 0.00010137398600292
"NA19098.2.H05" 0.76229958334019 0.237530607967558 0.000169808692251476
"NA19098.2.H06" 0.72446153828007 0.275047282528632 0.000491179191297194
"NA19098.2.H07" 0.423951008453801 0.575889633575727 0.000159357970471915
"NA19098.2.H08" 0.44585833169647 0.553260860614681 0.000880807688848931
"NA19098.2.H10" 0.732488942211087 0.267372173842193 0.000138883946720419
"NA19098.2.H11" 0.752067022243357 0.247805636896724 0.000127340859918898
"NA19098.2.H12" 0.477002036258363 0.522667952732301 0.000330011009336196
"NA19098.3.A03" 0.948907707242 0.0510176657938261 7.46269641734871e-05
"NA19098.3.A05" 0.753517082877447 0.246427309694282 5.56074282705814e-05
"NA19098.3.A06" 0.924235594707414 0.0757312477584597 3.31575341265018e-05
"NA19098.3.A07" 0.785743177576279 0.214139720225605 0.00011710219811611
"NA19098.3.A08" 0.950539073563602 0.0492299452733999 0.000230981162997777
"NA19098.3.A12" 0.933582347722138 0.066355051598655 6.26006792068055e-05
"NA19098.3.B01" 0.888707863721296 0.111227401037816 6.4735240888946e-05
"NA19098.3.B02" 0.799407090322773 0.200462547949928 0.00013036172729903
"NA19098.3.B03" 0.950257883369582 0.0495679702980715 0.00017414633234624
"NA19098.3.B04" 0.97483265889551 0.0251158307061307 5.15103983592895e-05
"NA19098.3.B05" 0.961505313420599 0.0383742819055965 0.000120404673804332
"NA19098.3.B06" 0.829163460742833 0.170750490882876 8.60483742904384e-05
"NA19098.3.B07" 0.959330590494256 0.0401488895554984 0.000520519950245868
"NA19098.3.B08" 0.902863954293459 0.0963529077721756 0.000783137934365193
"NA19098.3.B09" 0.936601185640134 0.0631931470746165 0.000205667285249145
"NA19098.3.B11" 0.968623341903331 0.0312581954596389 0.000118462637030001
"NA19098.3.B12" 0.947143638288552 0.0524818985514402 0.000374463160007622
"NA19098.3.C01" 0.942093144418213 0.0578396577068104 6.71978749769253e-05
"NA19098.3.C02" 0.838664023325859 0.16101869396504 0.000317282709101427
"NA19098.3.C03" 0.90315174937107 0.0964534476048494 0.000394803024080306
"NA19098.3.C04" 0.947994938609421 0.0519656063622116 3.94550283671228e-05
"NA19098.3.C05" 0.950444116623319 0.0494723791153088 8.35042613726311e-05
"NA19098.3.C07" 0.764720118093788 0.235171757302464 0.0001081246037478
"NA19098.3.C08" 0.842166947830836 0.157730257897574 0.00010279427159034
"NA19098.3.C09" 0.96844506836739 0.0315115310485389 4.34005840709927e-05
"NA19098.3.C10" 0.952490486181281 0.0474505088928151 5.90049259039856e-05
"NA19098.3.C11" 0.953737543676887 0.0460954265385957 0.000167029784517604
"NA19098.3.C12" 0.919256958517557 0.0805870480325607 0.000155993449882841
"NA19098.3.D01" 0.803557688975604 0.196352574583452 8.97364409434611e-05
"NA19098.3.D02" 0.860055314720947 0.139898272170237 4.64131088158083e-05
"NA19098.3.D03" 0.959086533201165 0.0403801610509576 0.000533305747877608
"NA19098.3.D05" 0.963171358340586 0.036571191745443 0.000257449913971431
"NA19098.3.D07" 0.956556704281592 0.0433940012673827 4.92944510249e-05
"NA19098.3.D09" 0.952186890437784 0.0477718475584146 4.12620038016261e-05
"NA19098.3.D10" 0.946837431439554 0.0529587861441554 0.000203782416290622
"NA19098.3.D11" 0.94053711426031 0.0593922030169296 7.06827227608524e-05
"NA19098.3.D12" 0.889375903396204 0.110575144875424 4.89517283726039e-05
"NA19098.3.E01" 0.948130293095695 0.0518398693607598 2.98375435453433e-05
"NA19098.3.E02" 0.957140613858926 0.0428267877361498 3.25984049238533e-05
"NA19098.3.E03" 0.957840277409442 0.0420273728566911 0.000132349733866613
"NA19098.3.E04" 0.940534295317271 0.0594298638413517 3.58408413774173e-05
"NA19098.3.E05" 0.749456072513495 0.250471787214148 7.214027235766e-05
"NA19098.3.E06" 0.811364274053781 0.188574767625678 6.09583205406826e-05
"NA19098.3.E07" 0.837349038054915 0.162615843472581 3.51184725043671e-05
"NA19098.3.E08" 0.766233321583987 0.233707106304744 5.95721112682793e-05
"NA19098.3.E09" 0.804414728994143 0.195523406814291 6.18641915662523e-05
"NA19098.3.E10" 0.949636641266417 0.050261234609592 0.00010212412399079
"NA19098.3.E11" 0.963043946704477 0.0364272263018749 0.000528826993648176
"NA19098.3.E12" 0.932901882855708 0.0669559426458275 0.000142174498464289
"NA19098.3.F01" 0.830645787588109 0.169271260431139 8.29519807515202e-05
"NA19098.3.F03" 0.934876477755284 0.0650523234127076 7.11988320078335e-05
"NA19098.3.F04" 0.930982941313169 0.0689707896483012 4.62690385299131e-05
"NA19098.3.F05" 0.939562916908682 0.0603949311510289 4.21519402894687e-05
"NA19098.3.F06" 0.937309439208739 0.0626596346076634 3.09261835973387e-05
"NA19098.3.F07" 0.877227895962321 0.122619419899696 0.000152684137983822
"NA19098.3.F09" 0.949043088235523 0.0508459702986681 0.000110941465808978
"NA19098.3.F10" 0.949491590984686 0.0504647711993771 4.36378159370807e-05
"NA19098.3.F11" 0.76185977832067 0.238076881888503 6.33397908264199e-05
"NA19098.3.G01" 0.931334690974598 0.0685096124574526 0.000155696567949009
"NA19098.3.G02" 0.780436440208947 0.219408747109981 0.000154812681071968
"NA19098.3.G03" 0.762332731205291 0.237614645217809 5.26235769005076e-05
"NA19098.3.G04" 0.797013700838964 0.202939541722038 4.67574389981705e-05
"NA19098.3.G05" 0.980414049616324 0.0195368807590989 4.90696245775479e-05
"NA19098.3.G06" 0.930161253481585 0.0697588944480916 7.98520703231112e-05
"NA19098.3.G07" 0.790131730927537 0.20981666094783 5.16081246335402e-05
"NA19098.3.G08" 0.810364730418945 0.189575681398331 5.9588182723847e-05
"NA19098.3.G09" 0.85072269006403 0.14852951414959 0.000747795786380234
"NA19098.3.G10" 0.967245849738117 0.0327005315079182 5.36187539652547e-05
"NA19098.3.G11" 0.753450669421734 0.246428649057439 0.000120681520827208
"NA19098.3.G12" 0.783087547646622 0.216648891904643 0.000263560448734722
"NA19098.3.H01" 0.815251733052588 0.184479883400956 0.000268383546455151
"NA19098.3.H02" 0.933303761008273 0.0666485580690377 4.7680922689613e-05
"NA19098.3.H03" 0.945965375206733 0.0540078286058403 2.67961874271341e-05
"NA19098.3.H04" 0.958057727745958 0.0412152819690963 0.000726990284945453
"NA19098.3.H05" 0.929840831714901 0.0698247634150637 0.000334404870035567
"NA19098.3.H06" 0.951807703076856 0.0481275672941445 6.47296289988974e-05
"NA19098.3.H07" 0.804290503605219 0.195531476234178 0.000178020160602641
"NA19098.3.H08" 0.795679524077987 0.204215870214137 0.000104605707875942
"NA19098.3.H09" 0.85135151969587 0.148571521915426 7.69583887048126e-05
"NA19098.3.H10" 0.946986110166471 0.0529275218368604 8.63679966684669e-05
"NA19098.3.H11" 0.862189547572249 0.137777727947719 3.2724480031107e-05
"NA19098.3.H12" 0.956141089201773 0.0435186257176092 0.000340285080617625
"NA19239.1.A01" 0.965430929639792 0.0344890326082274 8.00377519801086e-05
"NA19239.1.A02" 0.919527040143321 0.0803358331545859 0.000137126702093505
"NA19239.1.A03" 0.956337156665305 0.0435173094515627 0.000145533883131966
"NA19239.1.A04" 0.933201263213103 0.0665845590083543 0.000214177778542958
"NA19239.1.A05" 0.977768480624999 0.0221507472141758 8.07721608252311e-05
"NA19239.1.A06" 0.964117659221743 0.0340340384257288 0.00184830235252865
"NA19239.1.A07" 0.894326249512906 0.105602238843814 7.15116432803787e-05
"NA19239.1.A08" 0.948843459930691 0.0510601750927244 9.63649765844242e-05
"NA19239.1.A09" 0.956700773532844 0.0430404094789787 0.000258816988177187
"NA19239.1.A10" 0.967836618228181 0.032083208429768 8.01733420508033e-05
"NA19239.1.A11" 0.952693652813642 0.0470681938081293 0.000238153378228528
"NA19239.1.A12" 0.939512039058941 0.0603996875528501 8.8273388209291e-05
"NA19239.1.B02" 0.977325558613265 0.0225248351182903 0.000149606268444999
"NA19239.1.B03" 0.959573848665686 0.0403012542820609 0.000124897052253047
"NA19239.1.B05" 0.945882570921634 0.0539716902357836 0.000145738842582297
"NA19239.1.B06" 0.925804609616461 0.0735457003517828 0.000649690031756437
"NA19239.1.B07" 0.941274662215205 0.0584904469513735 0.000234890833421857
"NA19239.1.B08" 0.983230762031954 0.0167230803660683 4.61576019777578e-05
"NA19239.1.B09" 0.991944450268204 0.00798926395649559 6.6285775300744e-05
"NA19239.1.B10" 0.913316969989512 0.0865945891871289 8.84408233590574e-05
"NA19239.1.B11" 0.992766711745227 0.00718319204533056 5.00962094424701e-05
"NA19239.1.B12" 0.983863693615551 0.0160595552923206 7.67510921281169e-05
"NA19239.1.C01" 0.950791631341543 0.0491190096610762 8.93589973805699e-05
"NA19239.1.C02" 0.993897769703689 0.00592742024741438 0.00017481004889629
"NA19239.1.C03" 0.981644542304085 0.0182878381284425 6.76195674722287e-05
"NA19239.1.C05" 0.99139909813111 0.00855215911978371 4.87427491065892e-05
"NA19239.1.C06" 0.969977585008655 0.029867195803012 0.000155219188333052
"NA19239.1.C07" 0.865025847235121 0.134864611607261 0.000109541157618162
"NA19239.1.C08" 0.972194327989469 0.0277277062938786 7.79657166527443e-05
"NA19239.1.C09" 0.985532870841909 0.0144079306187708 5.91985393206907e-05
"NA19239.1.C10" 0.985116501956809 0.0147856354810425 9.78625621483531e-05
"NA19239.1.C11" 0.930868140866481 0.0690725791934878 5.92799400312628e-05
"NA19239.1.C12" 0.991562363791038 0.00826908721799067 0.000168548990971441
"NA19239.1.D01" 0.986503654773545 0.0134406053306573 5.5739895797412e-05
"NA19239.1.D02" 0.977574095704055 0.022350281893891 7.56224020541673e-05
"NA19239.1.D03" 0.946689502685683 0.0532482546246994 6.22426896181072e-05
"NA19239.1.D04" 0.97288288268864 0.0270635710270028 5.35462843577469e-05
"NA19239.1.D05" 0.963617289503562 0.03616550112202 0.000217209374417875
"NA19239.1.D06" 0.991578342575867 0.0082657194156573 0.000155938008475321
"NA19239.1.D07" 0.872633516656012 0.127129361433754 0.00023712191023358
"NA19239.1.D08" 0.988549754240404 0.0111712638952436 0.000278981864352708
"NA19239.1.D09" 0.981603143066181 0.0181629200814312 0.00023393685238804
"NA19239.1.D10" 0.950852779819229 0.0476739006856297 0.00147331949514184
"NA19239.1.D11" 0.98023556952859 0.0195075509176965 0.000256879553713659
"NA19239.1.D12" 0.948662978724093 0.0512706505517129 6.63707241941233e-05
"NA19239.1.E01" 0.979299034686593 0.0206458263983499 5.51389150572407e-05
"NA19239.1.E02" 0.995800020450505 0.00365102255433872 0.000548956995156429
"NA19239.1.E03" 0.96750976858983 0.0321902602263459 0.000299971183823549
"NA19239.1.E04" 0.970548721255143 0.0293722338339013 7.90449109560332e-05
"NA19239.1.E05" 0.883464537937207 0.1163204050118 0.000215057050992912
"NA19239.1.E06" 0.960526857221202 0.0385879120360743 0.000885230742723592
"NA19239.1.E07" 0.981144289846184 0.0187168039304772 0.000138906223339178
"NA19239.1.E08" 0.990155805698729 0.00965252419897716 0.000191670102294006
"NA19239.1.E09" 0.984732835692714 0.0151683830038684 9.87813034180685e-05
"NA19239.1.E10" 0.962285475280157 0.0375966695109578 0.000117855208885526
"NA19239.1.E11" 0.978464824914868 0.0214677744412261 6.74006439065195e-05
"NA19239.1.E12" 0.987041737141997 0.0128421254222991 0.000116137435703812
"NA19239.1.F01" 0.976438424605415 0.0233996126594285 0.000161962735156314
"NA19239.1.F02" 0.969917144343958 0.0300328682711687 4.99873848735357e-05
"NA19239.1.F03" 0.958660823473955 0.0412763413175913 6.28352084539198e-05
"NA19239.1.F04" 0.979475407075441 0.0204795860779785 4.500684658031e-05
"NA19239.1.F05" 0.832919437156399 0.166927402777986 0.00015316006561521
"NA19239.1.F06" 0.979075853725466 0.0208809621817537 4.31840927799119e-05
"NA19239.1.F07" 0.983758751615965 0.0161651507064828 7.60976775518755e-05
"NA19239.1.F08" 0.974890430395382 0.0250605858327832 4.89837718352826e-05
"NA19239.1.F09" 0.982002684958118 0.0178799592958554 0.000117355746027016
"NA19239.1.F10" 0.977922245901828 0.0220014492637212 7.63048344505086e-05
"NA19239.1.F11" 0.951306246643802 0.0484648152938565 0.000228938062341869
"NA19239.1.F12" 0.968096907719449 0.0318096409091685 9.3451371382328e-05
"NA19239.1.G01" 0.96092674643773 0.0387614816406389 0.000311771921631014
"NA19239.1.G02" 0.961895080066311 0.0380097052972791 9.52146364097044e-05
"NA19239.1.G03" 0.968820378219883 0.031126403307344 5.32184727730876e-05
"NA19239.1.G04" 0.939597376968903 0.0591917485695433 0.00121087446155369
"NA19239.1.G05" 0.871756491110304 0.12664772318333 0.00159578570636631
"NA19239.1.G06" 0.951016407902177 0.0488795769080208 0.000104015189802309
"NA19239.1.G07" 0.941319644205956 0.0583486263788826 0.000331729415160939
"NA19239.1.G08" 0.909372907691187 0.0904319293855192 0.00019516292329435
"NA19239.1.G09" 0.954451819260899 0.0454784765661513 6.97041729499513e-05
"NA19239.1.G10" 0.967885473743548 0.0320175438072883 9.69824491636553e-05
"NA19239.1.G11" 0.977396234020426 0.0224395870864498 0.000164178893124677
"NA19239.1.G12" 0.963957936734371 0.0359003127160264 0.000141750549602167
"NA19239.1.H01" 0.959050957744964 0.0404853306715966 0.000463711583439401
"NA19239.1.H03" 0.973381445093298 0.0265673044799793 5.12504267223327e-05
"NA19239.1.H04" 0.961992214929551 0.0378919282317624 0.000115856838687043
"NA19239.1.H05" 0.945752374552192 0.0540893793681268 0.000158246079680718
"NA19239.1.H06" 0.973217232471168 0.0267168692373445 6.58982914873083e-05
"NA19239.1.H07" 0.977919709894754 0.0218330062515982 0.000247283853648343
"NA19239.1.H08" 0.951129948611044 0.0487237339990308 0.000146317389924841
"NA19239.1.H09" 0.968067544710594 0.0318469420049144 8.5513284491378e-05
"NA19239.1.H10" 0.97971844707367 0.0202208402325013 6.07126938284336e-05
"NA19239.1.H11" 0.977926105550729 0.0219837048425792 9.01896066920156e-05
"NA19239.1.H12" 0.958306334414508 0.0413306634075815 0.000363002177910412
"NA19239.2.A01" 0.94781282267518 0.0520479247014231 0.000139252623397042
"NA19239.2.A02" 0.967709328197993 0.0317994961330362 0.000491175668970471
"NA19239.2.A04" 0.972671082859315 0.0270099475914979 0.000318969549186883
"NA19239.2.A05" 0.968064277705705 0.0318149242273377 0.000120798066957674
"NA19239.2.A06" 0.971898635334585 0.0267707965181486 0.0013305681472663
"NA19239.2.A07" 0.983738230942307 0.0154827738722344 0.000778995185458887
"NA19239.2.A08" 0.960180411030979 0.0384410409809212 0.00137854798810005
"NA19239.2.A09" 0.98248874167478 0.016277397045646 0.00123386127957439
"NA19239.2.A10" 0.845070706726494 0.151165885363181 0.00376340791032469
"NA19239.2.A11" 0.980519677561224 0.0168143804349392 0.00266594200383647
"NA19239.2.A12" 0.999352015041858 0.00047709301034807 0.000170891947793982
"NA19239.2.B01" 0.779290375526123 0.220540347646554 0.000169276827323017
"NA19239.2.B02" 0.963404288947034 0.0362854644168481 0.000310246636117411
"NA19239.2.B03" 0.804613998483656 0.195181989061661 0.000204012454683239
"NA19239.2.B04" 0.975597704691798 0.0240334391205989 0.000368856187602906
"NA19239.2.B05" 0.947352403477832 0.0514705706964396 0.00117702582572818
"NA19239.2.B06" 0.979521571783945 0.0201507560502903 0.000327672165764268
"NA19239.2.B07" 0.996677835601895 0.00305922683484103 0.000262937563263422
"NA19239.2.B08" 0.957380559496922 0.042542964572722 7.64759303561555e-05
"NA19239.2.B09" 0.976286846244732 0.0232413975195243 0.000471756235743686
"NA19239.2.B11" 0.752523578062611 0.247338770113222 0.000137651824166993
"NA19239.2.B12" 0.980589296700549 0.0182070683496128 0.00120363494983833
"NA19239.2.C02" 0.926233880543795 0.0725359635670582 0.00123015588914691
"NA19239.2.C03" 0.797851465932289 0.201897319525552 0.000251214542158232
"NA19239.2.C04" 0.965530082404389 0.0343543819139584 0.00011553568165261
"NA19239.2.C05" 0.927735112673526 0.0718195184582899 0.000445368868184012
"NA19239.2.C06" 0.806069094380389 0.193373685037908 0.000557220581702961
"NA19239.2.C07" 0.96837492255726 0.0313153995750531 0.0003096778676866
"NA19239.2.C08" 0.794828044158583 0.205038696871123 0.000133258970294398
"NA19239.2.C09" 0.985538719940779 0.0135178268983072 0.000943453160914047
"NA19239.2.C11" 0.966112197165013 0.0338082388784434 7.95639565433737e-05
"NA19239.2.C12" 0.955442854849495 0.0441340919490544 0.000423053201450846
"NA19239.2.D01" 0.950658891393749 0.0491345818080008 0.00020652679825058
"NA19239.2.D02" 0.976338790272881 0.0235287084255315 0.000132501301587964
"NA19239.2.D03" 0.93203627921874 0.0677850052488136 0.000178715532446587
"NA19239.2.D04" 0.983515459594084 0.0158118787285823 0.000672661677334103
"NA19239.2.D05" 0.959555171433106 0.0394392786388843 0.00100554992801006
"NA19239.2.D06" 0.961179563575398 0.0387557471639215 6.46892606809841e-05
"NA19239.2.D07" 0.742326516277368 0.256466457807682 0.00120702591494984
"NA19239.2.D08" 0.895136155264706 0.102469978775251 0.00239386596004247
"NA19239.2.D09" 0.761512600251116 0.237316940543538 0.00117045920534522
"NA19239.2.D11" 0.981773430298437 0.0181674274515733 5.9142249989397e-05
"NA19239.2.D12" 0.689623512090864 0.310277246191336 9.92417178000206e-05
"NA19239.2.E01" 0.963254278616838 0.0366873986185531 5.832276460844e-05
"NA19239.2.E02" 0.986712055767483 0.012959558171884 0.000328386060632585
"NA19239.2.E04" 0.977071253005695 0.0223567014242371 0.000572045570068383
"NA19239.2.E05" 0.971290373421125 0.0283451351101698 0.000364491468705343
"NA19239.2.E06" 0.984803887396372 0.014967826701305 0.000228285902322959
"NA19239.2.E07" 0.968586908710942 0.0308065558826215 0.000606535406436087
"NA19239.2.E08" 0.976422483299935 0.0228388697451491 0.000738646954916205
"NA19239.2.E09" 0.737624987800184 0.262243379257989 0.000131632941827153
"NA19239.2.E11" 0.954388989010258 0.0453835647314064 0.000227446258335629
"NA19239.2.E12" 0.950444855429354 0.0495056001778335 4.95443928124109e-05
"NA19239.2.F01" 0.97115632502005 0.0287514991944374 9.21757855125126e-05
"NA19239.2.F02" 0.955825921866014 0.0441231780463702 5.09000876161519e-05
"NA19239.2.F03" 0.941908562094174 0.0577037314119699 0.000387706493856489
"NA19239.2.F04" 0.752698210007034 0.247187970301139 0.000113819691827119
"NA19239.2.F05" 0.946643512729479 0.0531425486042715 0.000213938666249245
"NA19239.2.F06" 0.776891712585569 0.223015195263579 9.3092150851716e-05
"NA19239.2.F07" 0.786655507915067 0.213197331830618 0.000147160254315447
"NA19239.2.F08" 0.9791330121834 0.0198794812857199 0.000987506530880317
"NA19239.2.F09" 0.930206916187313 0.068833596240684 0.000959487572002809
"NA19239.2.F10" 0.960383645682855 0.0394603108072398 0.000156043509904917
"NA19239.2.F11" 0.964111582042672 0.0357154808232854 0.000172937134042289
"NA19239.2.F12" 0.804457793849677 0.195276273245853 0.000265932904469748
"NA19239.2.G01" 0.964568577324296 0.0353597228240603 7.16998516435028e-05
"NA19239.2.G02" 0.958506883968616 0.0399391826118637 0.00155393341952014
"NA19239.2.G03" 0.805612100188986 0.193412376785898 0.000975523025115413
"NA19239.2.G04" 0.967388035767487 0.0322606854711312 0.00035127876138161
"NA19239.2.G05" 0.972049101424791 0.027580703231843 0.000370195343365969
"NA19239.2.G06" 0.95652968373627 0.0432469698293026 0.000223346434427112
"NA19239.2.G07" 0.968039998525056 0.031822500417398 0.000137501057545912
"NA19239.2.G08" 0.861066935095485 0.13790852926071 0.00102453564380534
"NA19239.2.G09" 0.993060910918353 0.00682683636768091 0.000112252713965946
"NA19239.2.G10" 0.986143925430993 0.0138035884762776 5.24860927296672e-05
"NA19239.2.G11" 0.977937266734947 0.0219194616253796 0.000143271639673747
"NA19239.2.G12" 0.970160132823259 0.0295716886028841 0.000268178573856758
"NA19239.2.H01" 0.97514967307639 0.0247193301949733 0.000130996728636228
"NA19239.2.H02" 0.797081866414091 0.20265515975536 0.000262973830549404
"NA19239.2.H03" 0.766659307014621 0.232758394249378 0.000582298736001336
"NA19239.2.H04" 0.96440856314828 0.0345899342494994 0.00100150260222099
"NA19239.2.H05" 0.914286682229598 0.0852739727820977 0.00043934498830457
"NA19239.2.H06" 0.946299982374622 0.0532523472686652 0.000447670356713051
"NA19239.2.H07" 0.800109291801406 0.199087165100427 0.000803543098166901
"NA19239.2.H08" 0.981019617819277 0.0182792799839731 0.000701102196749433
"NA19239.2.H09" 0.960853485019102 0.0390819418208793 6.45731600182113e-05
"NA19239.2.H10" 0.97581637081818 0.0238006787817049 0.000382950400114711
"NA19239.2.H11" 0.946489674134988 0.0517974685071462 0.00171285735786556
"NA19239.2.H12" 0.968684156357862 0.0311730680826828 0.000142775559454894
"NA19239.3.A02" 0.981226070671192 0.0184053567249269 0.000368572603881077
"NA19239.3.A03" 0.984265137147972 0.0152412360702333 0.000493626781794553
"NA19239.3.A04" 0.981600884723414 0.017665900470788 0.000733214805798285
"NA19239.3.A05" 0.980468190028137 0.0194582466761549 7.35632957081782e-05
"NA19239.3.A06" 0.977121391119242 0.0227705065292139 0.000108102351544037
"NA19239.3.A07" 0.992798976546565 0.00703340621321923 0.000167617240215656
"NA19239.3.A08" 0.928320702022784 0.0713500729237904 0.000329225053425303
"NA19239.3.A09" 0.987502047648708 0.0123447635241014 0.000153188827190357
"NA19239.3.A10" 0.965130060627419 0.033630731332997 0.00123920803958353
"NA19239.3.A11" 0.938031065043198 0.0619033440170783 6.55909397237895e-05
"NA19239.3.A12" 0.990998614257754 0.00891425803685499 8.71277053914692e-05
"NA19239.3.B01" 0.96267459537391 0.0368926929365099 0.000432711689580043
"NA19239.3.B02" 0.966177875483479 0.0337409874084318 8.11371080895306e-05
"NA19239.3.B03" 0.982012470182997 0.0167020084771939 0.0012855213398087
"NA19239.3.B04" 0.981694623453522 0.0175245498383565 0.000780826708121414
"NA19239.3.B05" 0.973980266352204 0.025725956018451 0.000293777629344498
"NA19239.3.B06" 0.974090074563364 0.0250858668879235 0.000824058548712757
"NA19239.3.B07" 0.969473095555411 0.0302999847291696 0.000226919715418994
"NA19239.3.B10" 0.98732231116592 0.0123198295323155 0.000357859301764963
"NA19239.3.B11" 0.985575269962724 0.014035524603115 0.000389205434161128
"NA19239.3.B12" 0.978009902386741 0.0216808374187042 0.000309260194554548
"NA19239.3.C01" 0.996390091710867 0.00208291578774798 0.00152699250138492
"NA19239.3.C02" 0.969474207630502 0.0304180905734545 0.000107701796043047
"NA19239.3.C03" 0.981097331646194 0.0188181962919853 8.44720618203104e-05
"NA19239.3.C06" 0.965478828000923 0.0344530192942714 6.81527048056898e-05
"NA19239.3.C07" 0.772057819974962 0.227731870588254 0.000210309436783993
"NA19239.3.C08" 0.980113380065347 0.0187765150439454 0.0011101048907072
"NA19239.3.C09" 0.985235062266484 0.0144278735121162 0.000337064221399607
"NA19239.3.C10" 0.981784471087115 0.0180238364596387 0.000191692453245943
"NA19239.3.C11" 0.992538579009813 0.00699209891323294 0.000469322076954104
"NA19239.3.C12" 0.977570502757903 0.0222889807968317 0.000140516445265084
"NA19239.3.D01" 0.967858535628493 0.0319712647032315 0.000170199668275718
"NA19239.3.D02" 0.989057899603042 0.00999982572784162 0.00094227466911605
"NA19239.3.D03" 0.978734768833738 0.0195074158635763 0.00175781530268535
"NA19239.3.D04" 0.959704053787049 0.0368388343418872 0.00345711187106354
"NA19239.3.D05" 0.979491201053535 0.0204016420177877 0.000107156928677337
"NA19239.3.D06" 0.992924773266408 0.00697964335033002 9.5583383261529e-05
"NA19239.3.D07" 0.961661777932907 0.0349763606648862 0.00336186140220688
"NA19239.3.D08" 0.972939441449503 0.0260400588618048 0.00102049968869201
"NA19239.3.D09" 0.97199497580473 0.027773294109035 0.000231730086235146
"NA19239.3.D10" 0.989736301445549 0.0100409224401465 0.000222776114304259
"NA19239.3.D12" 0.977681499628957 0.0218748403798435 0.00044365999119945
"NA19239.3.E01" 0.87297387943054 0.126869442801417 0.000156677768043187
"NA19239.3.E02" 0.968967087123052 0.0307057561533811 0.000327156723566921
"NA19239.3.E05" 0.991983055447623 0.00788386449706107 0.000133080055315505
"NA19239.3.E06" 0.985023658818688 0.0149069968464227 6.93443348890311e-05
"NA19239.3.E07" 0.991359023765909 0.00857635098542702 6.46252486645149e-05
"NA19239.3.E08" 0.987561289083857 0.0123686765081522 7.0034407990723e-05
"NA19239.3.E09" 0.974442459139402 0.02514951354786 0.000408027312738456
"NA19239.3.E10" 0.983704659570035 0.0157578251267308 0.000537515303234505
"NA19239.3.E11" 0.990212972255928 0.007111583992463 0.00267544375160932
"NA19239.3.E12" 0.81781826565465 0.181983656253006 0.000198078092343263
"NA19239.3.F01" 0.987415254415747 0.0123571411920282 0.000227604392224439
"NA19239.3.F02" 0.961619856258577 0.0371745088332708 0.00120563490815183
"NA19239.3.F03" 0.98682689975906 0.0127769082864208 0.000396191954519744
"NA19239.3.F04" 0.964502749999576 0.034568545451705 0.00092870454871893
"NA19239.3.F05" 0.988556696232866 0.0108557143356208 0.000587589431513341
"NA19239.3.F06" 0.973590310656734 0.026321507047601 8.81822956652075e-05
"NA19239.3.F07" 0.994868930113537 0.0042650564059699 0.00086601348049319
"NA19239.3.F08" 0.984484757173847 0.0152745504060166 0.000240692420136294
"NA19239.3.F09" 0.994887131717872 0.00435233541660161 0.000760532865526769
"NA19239.3.F10" 0.969638776914589 0.0302413251640963 0.000119897921314801
"NA19239.3.F11" 0.985189345419774 0.0147063272327726 0.000104327347453284
"NA19239.3.F12" 0.988529898650255 0.0110568304108197 0.000413270938924879
"NA19239.3.G01" 0.966499743662 0.0285255828012296 0.00497467353677099
"NA19239.3.G02" 0.990868417204602 0.00901156932675926 0.000120013468638339
"NA19239.3.G03" 0.974637649959272 0.0249689082111019 0.00039344182962629
"NA19239.3.G05" 0.981973423264597 0.0172456403848412 0.000780936350561719
"NA19239.3.G06" 0.98850374788574 0.0102918323961313 0.00120441971812827
"NA19239.3.G07" 0.992831576467034 0.00701395021255481 0.000154473320410851
"NA19239.3.G08" 0.985809305148466 0.0138073829370068 0.000383311914527151
"NA19239.3.G09" 0.997299767584442 0.00149236212586005 0.00120787028969735
"NA19239.3.G11" 0.993635122263735 0.00580154883460268 0.000563328901662727
"NA19239.3.G12" 0.968908756096573 0.0276381338568458 0.00345311004658138
"NA19239.3.H01" 0.971925061383775 0.026077678343736 0.00199726027248943
"NA19239.3.H03" 0.985024311482375 0.0147621009661309 0.000213587551494565
"NA19239.3.H04" 0.982817527641341 0.0169166714162109 0.000265800942448371
"NA19239.3.H05" 0.98094958013136 0.0185903079965131 0.000460111872127385
"NA19239.3.H06" 0.984582148876721 0.0147613931217938 0.000656458001484802
"NA19239.3.H07" 0.988157611559658 0.00957518398130285 0.00226720445903955
"NA19239.3.H08" 0.960794647958854 0.0386081411229831 0.000597210918162924
"NA19239.3.H09" 0.980147958377929 0.0188907655544626 0.000961276067608819
"NA19239.3.H11" 0.964453890411748 0.0350674222795429 0.000478687308708806
"NA19239.3.H12" 0.991423358717404 0.00851394847849861 6.26928040978781e-05
"NA19101.1.A01" 0.72179854510186 0.276688605068908 0.00151284982923192
"NA19101.1.A02" 0.960979427494218 0.0386819122731695 0.000338660232612806
"NA19101.1.A03" 0.981383129415306 0.0176738571603129 0.00094301342438127
"NA19101.1.A04" 0.944847590229099 0.0550586481040049 9.3761666896112e-05
"NA19101.1.A05" 0.971829163328008 0.0270099329047158 0.0011609037672763
"NA19101.1.A06" 0.9735528641344 0.0262427570321021 0.00020437883349817
"NA19101.1.A07" 0.986504433526339 0.0133034950673069 0.000192071406354116
"NA19101.1.A08" 0.92590504876222 0.0740124057831959 8.2545454584656e-05
"NA19101.1.A09" 0.985415539556624 0.0138065044733615 0.000777955970014237
"NA19101.1.A10" 0.972535400981418 0.0244892672189815 0.00297533179960081
"NA19101.1.A11" 0.918961153317451 0.0796704282713723 0.00136841841117653
"NA19101.1.A12" 0.686505093707846 0.313300382622292 0.00019452366986196
"NA19101.1.B01" 0.66873391621062 0.330814055109065 0.000452028680314654
"NA19101.1.B02" 0.96552026409153 0.0336449866526238 0.000834749255846291
"NA19101.1.B03" 0.981128418920814 0.0186211291829349 0.000250451896251173
"NA19101.1.B04" 0.985120555486532 0.0148064596128589 7.29849006089427e-05
"NA19101.1.B05" 0.960134330954282 0.0397130130747744 0.000152655970943623
"NA19101.1.B06" 0.650326992485423 0.349531721166351 0.000141286348226173
"NA19101.1.B07" 0.96539757884056 0.0340790066945782 0.000523414464861607
"NA19101.1.B08" 0.957783274640399 0.0399931849329662 0.00222354042663506
"NA19101.1.B09" 0.98793077831053 0.0119015550348654 0.000167666654604563
"NA19101.1.B10" 0.999544037782602 9.59227879255742e-05 0.000360039429472344
"NA19101.1.B11" 0.973350449547955 0.0264348550510908 0.000214695400954083
"NA19101.1.B12" 0.965777556454188 0.0318042511933945 0.0024181923524175
"NA19101.1.C01" 0.946638513353156 0.0531960805745758 0.00016540607226827
"NA19101.1.C02" 0.942941383274613 0.0561922929293665 0.000866323796020722
"NA19101.1.C03" 0.981379590988846 0.0176208833961458 0.000999525615008131
"NA19101.1.C04" 0.948791017936148 0.0498144371793118 0.00139454488454016
"NA19101.1.C05" 0.940987545607153 0.0589274530527753 8.50013400716571e-05
"NA19101.1.C06" 0.987985295297139 0.0113375217588838 0.000677182943977459
"NA19101.1.C07" 0.964937223315463 0.0348365178048935 0.000226258879643791
"NA19101.1.C08" 0.966702889678877 0.0310975218024214 0.00219958851870154
"NA19101.1.C09" 0.9684846091538 0.0313644421225452 0.000150948723654541
"NA19101.1.C10" 0.973459792858414 0.0249882693860899 0.00155193775549652
"NA19101.1.C11" 0.957681645169912 0.041685897544299 0.000632457285789102
"NA19101.1.C12" 0.963683306382995 0.0348738150122838 0.00144287860472102
"NA19101.1.D01" 0.884751863544557 0.115120447913288 0.000127688542154477
"NA19101.1.D02" 0.964315018212288 0.0348846106947008 0.000800371093010677
"NA19101.1.D03" 0.979608363472359 0.0201002547438687 0.000291381783772693
"NA19101.1.D04" 0.949970652499656 0.0488165422826947 0.00121280521764967
"NA19101.1.D05" 0.972752383480073 0.026897911691719 0.000349704828208028
"NA19101.1.D06" 0.931165955582194 0.0686348025701012 0.000199241847705084
"NA19101.1.D07" 0.96427678192861 0.0354400764743832 0.000283141597006407
"NA19101.1.D08" 0.985446597977301 0.0142861179622048 0.000267284060493889
"NA19101.1.D09" 0.988908819451722 0.0108229239075252 0.000268256640753137
"NA19101.1.D10" 0.963153448139968 0.0363624116888831 0.00048414017114887
"NA19101.1.D11" 0.989652195551484 0.00987732539920786 0.000470479049308471
"NA19101.1.D12" 0.972594780627871 0.0272589667601435 0.00014625261198519
"NA19101.1.E01" 0.965213268279471 0.033235835976235 0.001550895744294
"NA19101.1.E02" 0.957960318328806 0.0414205726370338 0.000619109034160186
"NA19101.1.E03" 0.966104054494274 0.0336525908228967 0.000243354682828924
"NA19101.1.E04" 0.983313373584889 0.0163936380495688 0.000292988365542282
"NA19101.1.E05" 0.851763899238004 0.146192334499078 0.00204376626291795
"NA19101.1.E06" 0.919171296642784 0.0805630295851959 0.000265673772020011
"NA19101.1.E07" 0.985772162903095 0.0136458694585617 0.000581967638343732
"NA19101.1.E08" 0.961780857436163 0.0379908824745034 0.000228260089333767
"NA19101.1.E09" 0.770440965627217 0.229131939515724 0.000427094857059713
"NA19101.1.E10" 0.966666585908258 0.0330549825293209 0.000278431562421389
"NA19101.1.E11" 0.73066552712089 0.269091142412776 0.000243330466333169
"NA19101.1.E12" 0.971844753652547 0.0252254203611832 0.00292982598626945
"NA19101.1.F01" 0.96033794222928 0.0392028910813137 0.000459166689406434
"NA19101.1.F02" 0.99101088492431 0.00802349606686156 0.000965619008828729
"NA19101.1.F03" 0.986252428964779 0.0124783228576258 0.00126924817759542
"NA19101.1.F04" 0.946525012206613 0.0527437448418134 0.000731242951573522
"NA19101.1.F07" 0.983367012409995 0.0165285245738223 0.000104463016182317
"NA19101.1.F08" 0.985210633196596 0.0146917301587619 9.76366446421778e-05
"NA19101.1.F09" 0.982489288105284 0.0171931907458911 0.000317521148824526
"NA19101.1.F10" 0.742052832722601 0.257245090508975 0.000702076768424142
"NA19101.1.F11" 0.959419217014831 0.0402426496473664 0.000338133337802332
"NA19101.1.F12" 0.95489199696318 0.0449931967038646 0.000114806332955664
"NA19101.1.G01" 0.723233316011095 0.276647633405917 0.00011905058298837
"NA19101.1.G02" 0.946946034379133 0.0529069433398992 0.000147022280967924
"NA19101.1.G03" 0.959283403956006 0.0399137556702083 0.000802840373785856
"NA19101.1.G04" 0.96459853776592 0.0337340520105453 0.00166741022353466
"NA19101.1.G05" 0.947522677385469 0.0521992700474883 0.000278052567042674
"NA19101.1.G06" 0.800282634731861 0.199496474269673 0.000220890998466122
"NA19101.1.G07" 0.971248183417495 0.0282334826259439 0.000518333956560631
"NA19101.1.G08" 0.953903538921358 0.0460358928457529 6.05682328887244e-05
"NA19101.1.G09" 0.966600330750022 0.0330483599932858 0.000351309256692035
"NA19101.1.G10" 0.966322104875684 0.0335665195118876 0.000111375612428775
"NA19101.1.G11" 0.982379865336221 0.0172364316063606 0.000383703057417913
"NA19101.1.G12" 0.986442290892367 0.0131579959487573 0.000399713158875881
"NA19101.1.H01" 0.976598046603693 0.0222712654007453 0.00113068799556131
"NA19101.1.H02" 0.96430948930089 0.0350508819458393 0.000639628753270688
"NA19101.1.H03" 0.963719255317396 0.0351962020238873 0.00108454265871668
"NA19101.1.H04" 0.756226617852825 0.24361853938611 0.000154842761064845
"NA19101.1.H05" 0.971459737317584 0.0280329486176398 0.000507314064776128
"NA19101.1.H06" 0.983072230354848 0.0159479571822511 0.000979812462900924
"NA19101.1.H08" 0.962843773003189 0.0364606578604772 0.000695569136333628
"NA19101.1.H09" 0.739982828475399 0.258841709636385 0.00117546188821596
"NA19101.1.H10" 0.976678739115315 0.0232815329231156 3.97279615688814e-05
"NA19101.1.H12" 0.967341150260177 0.0325496979778921 0.000109151761931172
"NA19101.2.A01" 0.910768284031047 0.0883904562303105 0.00084125973864233
"NA19101.2.A02" 0.931791348015039 0.0679944628622462 0.000214189122714414
"NA19101.2.A03" 0.700596442287884 0.299291005761648 0.000112551950468588
"NA19101.2.A04" 0.788855618770913 0.209596795780672 0.00154758544841564
"NA19101.2.A06" 0.923338110025857 0.0765582106720895 0.000103679302053505
"NA19101.2.A07" 0.777200010286271 0.22265184298363 0.000148146730098921
"NA19101.2.A08" 0.941083810028785 0.0586450948384783 0.000271095132737077
"NA19101.2.A09" 0.952171776804622 0.0474771012937594 0.000351121901618794
"NA19101.2.A10" 0.935270835481605 0.0645773802995486 0.000151784218846214
"NA19101.2.A11" 0.777935615604885 0.221569568619441 0.000494815775674338
"NA19101.2.A12" 0.714031839640644 0.285288833071839 0.00067932728751676
"NA19101.2.B01" 0.81812897139536 0.181557667684726 0.000313360919914016
"NA19101.2.B02" 0.950974385564245 0.0489209069231456 0.000104707512609663
"NA19101.2.B03" 0.925291087260923 0.0743358481606189 0.000373064578458262
"NA19101.2.B04" 0.710472815361042 0.287716628460597 0.00181055617836049
"NA19101.2.B05" 0.780900396988381 0.218785388907568 0.000314214104051114
"NA19101.2.B06" 0.924298079768432 0.0756499884706651 5.19317609025509e-05
"NA19101.2.B08" 0.894275801479724 0.105377792575986 0.000346405944290327
"NA19101.2.B09" 0.933568993113167 0.0662895148729311 0.00014149201390185
"NA19101.2.B10" 0.907669447213809 0.0918319381292607 0.000498614656929966
"NA19101.2.B12" 0.948415491286343 0.0505583814058849 0.00102612730777261
"NA19101.2.C01" 0.800780903902617 0.198886133294695 0.000332962802688536
"NA19101.2.C03" 0.888371575943721 0.11153610018759 9.23238686889024e-05
"NA19101.2.C04" 0.926150532992624 0.0732246522295575 0.000624814777819002
"NA19101.2.C05" 0.891173257763281 0.108510550153126 0.000316192083593163
"NA19101.2.C06" 0.947422312433992 0.0524685151096012 0.000109172456406601
"NA19101.2.C07" 0.962339908768794 0.0374554928849457 0.000204598346260332
"NA19101.2.C08" 0.927790475251034 0.0718005179431916 0.000409006805774072
"NA19101.2.C09" 0.730533482342214 0.269355678317242 0.000110839340543174
"NA19101.2.C10" 0.727518201166567 0.270830686319947 0.0016511125134862
"NA19101.2.C11" 0.942176835777949 0.0575466224485899 0.000276541773461332
"NA19101.2.C12" 0.723137775792503 0.276460233471739 0.000401990735757333
"NA19101.2.D01" 0.919389164733684 0.0801210082953987 0.000489826970917206
"NA19101.2.D02" 0.897991728653758 0.101494262140377 0.000514009205864941
"NA19101.2.D03" 0.939615156174081 0.0602635758769025 0.000121267949016203
"NA19101.2.D04" 0.920050451250015 0.0797508546169956 0.000198694132989577
"NA19101.2.D05" 0.778022120815907 0.221873892361438 0.000103986822654991
"NA19101.2.D06" 0.906350204137664 0.0935687319069905 8.10639553454362e-05
"NA19101.2.D07" 0.93120393296441 0.0685033181550761 0.000292748880513949
"NA19101.2.D08" 0.969125922402565 0.0300084921561643 0.000865585441271017
"NA19101.2.D09" 0.840487738329069 0.158849967894852 0.0006622937760791
"NA19101.2.D10" 0.868297650846169 0.131432337880982 0.000270011272848416
"NA19101.2.D11" 0.929600464748859 0.0703251659114794 7.436933966199e-05
"NA19101.2.D12" 0.742700408556409 0.25722507942744 7.45120161515203e-05
"NA19101.2.E01" 0.908496232272716 0.0914326712105564 7.10965167278374e-05
"NA19101.2.E02" 0.938605936673665 0.0608570679664639 0.000536995359871119
"NA19101.2.E03" 0.795913800441488 0.203793122679529 0.000293076878983123
"NA19101.2.E04" 0.92188835037826 0.0780334045650779 7.8245056661875e-05
"NA19101.2.E05" 0.700621931483636 0.299259980974631 0.000118087541733181
"NA19101.2.E06" 0.872451786079368 0.127398927278189 0.000149286642443265
"NA19101.2.E07" 0.91386102209434 0.0860505170869834 8.84608186762628e-05
"NA19101.2.E09" 0.906212012565318 0.0918808145692702 0.00190717286541127
"NA19101.2.E10" 0.949549368801319 0.0498546007998278 0.000596030398853023
"NA19101.2.E11" 0.919882294928818 0.0798995222515307 0.000218182819651075
"NA19101.2.E12" 0.961368197866146 0.0382878635624647 0.000343938571389257
"NA19101.2.F01" 0.942333041391832 0.0571808953294287 0.000486063278739517
"NA19101.2.F02" 0.715892885942964 0.284015516026218 9.15980308186259e-05
"NA19101.2.F03" 0.940779741240761 0.0591061248881489 0.000114133871090273
"NA19101.2.F04" 0.908658181197834 0.0912612239509413 8.05948512245492e-05
"NA19101.2.F06" 0.971666097623135 0.0280484040279312 0.000285498348934238
"NA19101.2.F07" 0.945175389938612 0.0547214921484946 0.000103117912892902
"NA19101.2.F08" 0.910050212172691 0.0898770797938164 7.27080334928919e-05
"NA19101.2.F09" 0.895330522352976 0.104437590727582 0.00023188691944194
"NA19101.2.F10" 0.697119232903528 0.302410405539988 0.000470361556484084
"NA19101.2.F11" 0.705453226933486 0.294406501157392 0.000140271909122743
"NA19101.2.F12" 0.820686604433494 0.179210877986367 0.000102517580139404
"NA19101.2.G01" 0.926158778618664 0.0734649349656182 0.000376286415718188
"NA19101.2.G02" 0.926200473132718 0.0736518137897756 0.000147713077505971
"NA19101.2.G03" 0.891047034237634 0.108870423359958 8.25424024084502e-05
"NA19101.2.G04" 0.936024563140454 0.0639353546277278 4.00822318185348e-05
"NA19101.2.G05" 0.866125002027642 0.133474837579015 0.000400160393343657
"NA19101.2.G06" 0.752526171028594 0.247230348040889 0.000243480930517405
"NA19101.2.G07" 0.907803689286463 0.0920630434602967 0.000133267253239986
"NA19101.2.G08" 0.777808910563251 0.22178598121364 0.000405108223109007
"NA19101.2.G09" 0.956296275056273 0.0428600839632024 0.00084364098052462
"NA19101.2.G10" 0.71086615701231 0.288455306767534 0.000678536220155256
"NA19101.2.G11" 0.758489802172159 0.241287743863094 0.000222453964746582
"NA19101.2.G12" 0.943142970388295 0.056804827550004 5.22020617012141e-05
"NA19101.2.H01" 0.932723424607572 0.0669185030324122 0.000358072360015783
"NA19101.2.H02" 0.891691003080219 0.108239342398212 6.96545215690045e-05
"NA19101.2.H03" 0.963908571792985 0.0360343629109337 5.70652960809714e-05
"NA19101.2.H05" 0.934021684850147 0.0656898820611595 0.000288433088693621
"NA19101.2.H06" 0.954597106296465 0.0448513886544627 0.000551505049071862
"NA19101.2.H07" 0.968414296189081 0.0315393044845097 4.6399326409166e-05
"NA19101.2.H08" 0.943518823478433 0.0563596782173755 0.000121498304192034
"NA19101.2.H09" 0.764907627610831 0.234851342607846 0.000241029781322673
"NA19101.2.H10" 0.727568232179707 0.27212372475773 0.000308043062562863
"NA19101.2.H11" 0.852577731789467 0.147338691039117 8.3577171415623e-05
"NA19101.2.H12" 0.719684911509952 0.280190976555822 0.00012411193422545
"NA19101.3.A01" 0.572706247109234 0.426118798008171 0.00117495488259431
"NA19101.3.A02" 0.515002423667464 0.484827999624914 0.000169576707622093
"NA19101.3.A05" 0.65703535005562 0.342682655314718 0.000281994629662093
"NA19101.3.A06" 0.938123191060824 0.0617944025203146 8.24064188611123e-05
"NA19101.3.A07" 0.88026424858937 0.119623336624163 0.000112414786466561
"NA19101.3.A09" 0.564577212328868 0.434900724522197 0.000522063148934696
"NA19101.3.A10" 0.984877450531587 0.0148695739499788 0.000252975518434373
"NA19101.3.A11" 0.664629068666525 0.334315748674528 0.00105518265894789
"NA19101.3.A12" 0.929274015715136 0.070168117353912 0.000557866930951918
"NA19101.3.B01" 0.975213087371203 0.0241799675499734 0.000606945078823281
"NA19101.3.B02" 0.985166819147696 0.0130479337080891 0.00178524714421521
"NA19101.3.B05" 0.674245797620049 0.325554856056604 0.00019934632334705
"NA19101.3.B06" 0.949784054335295 0.0499721603117922 0.000243785352912508
"NA19101.3.B07" 0.98729158735396 0.0123345284504519 0.000373884195588299
"NA19101.3.B08" 0.958357160460205 0.0412138846087969 0.000428954930998353
"NA19101.3.B09" 0.966120183123158 0.0337178853318452 0.000161931544996579
"NA19101.3.B10" 0.966086650355249 0.0338152606645986 9.80889801521473e-05
"NA19101.3.B11" 0.964249926162773 0.0353169686453764 0.000433105191850824
"NA19101.3.B12" 0.975108723054435 0.0248350344367488 5.62425088161973e-05
"NA19101.3.C01" 0.564917685022959 0.434940271197903 0.000142043779137555
"NA19101.3.C03" 0.946370885823021 0.0535623306291003 6.67835478781717e-05
"NA19101.3.C04" 0.982595562734195 0.0173072982867536 9.71389790511559e-05
"NA19101.3.C05" 0.957939353689064 0.041734950650347 0.000325695660588514
"NA19101.3.C06" 0.960180462099482 0.039624686226129 0.000194851674388551
"NA19101.3.C07" 0.999768702882841 0.000169572776433114 6.17243407255785e-05
"NA19101.3.C08" 0.966368040694181 0.0334483939709757 0.000183565334843288
"NA19101.3.C09" 0.652659413372098 0.346766263929004 0.000574322698898666
"NA19101.3.C10" 0.901462334341794 0.0984552446167844 8.24210414216419e-05
"NA19101.3.C11" 0.9698678309781 0.0284024882176347 0.00172968080426494
"NA19101.3.C12" 0.586704478048839 0.413068404925232 0.000227117025929001
"NA19101.3.D01" 0.494961689208475 0.504915175957051 0.000123134834474417
"NA19101.3.D03" 0.974623609259995 0.0248090201663588 0.000567370573646167
"NA19101.3.D04" 0.602332632137747 0.397517568565556 0.000149799296697378
"NA19101.3.D06" 0.971803628081252 0.0281116799771598 8.46919415882688e-05
"NA19101.3.D07" 0.550910343318197 0.44897015097544 0.00011950570636325
"NA19101.3.D08" 0.999409374920491 2.10100878094204e-05 0.000569614991700044
"NA19101.3.D09" 0.744373951922656 0.255188152789213 0.000437895288131204
"NA19101.3.D10" 0.993076573161837 0.00626090263684535 0.000662524201317451
"NA19101.3.D12" 0.967809007022905 0.0312286234255666 0.000962369551528134
"NA19101.3.E01" 0.891463792913306 0.108448606018759 8.76010679344839e-05
"NA19101.3.E02" 0.972983425485342 0.0269697606411459 4.68138735119865e-05
"NA19101.3.E03" 0.937734900046634 0.0621611338598393 0.000103966093526577
"NA19101.3.E04" 0.945910116809848 0.0540462982686288 4.35849215231974e-05
"NA19101.3.E06" 0.956310388662889 0.0426494132308451 0.00104019810626567
"NA19101.3.E07" 0.964619415730545 0.0350918795171858 0.000288704752269102
"NA19101.3.E08" 0.565115166881058 0.434802073385839 8.27597331025879e-05
"NA19101.3.E09" 0.969494473882784 0.0298347246408419 0.000670801476373835
"NA19101.3.E10" 0.825131559768444 0.174796872240493 7.15679910624354e-05
"NA19101.3.F01" 0.972392625167904 0.027246892014617 0.000360482817479005
"NA19101.3.F02" 0.969125986669833 0.0306840331413692 0.000189980188797731
"NA19101.3.F03" 0.956707644129434 0.0431346602549244 0.000157695615641261
"NA19101.3.F05" 0.999679694298782 5.86056005425892e-05 0.000261700100674871
"NA19101.3.F07" 0.927408035914042 0.0725094300439905 8.25340419672127e-05
"NA19101.3.F08" 0.953209286975392 0.0466746704698202 0.000116042554787373
"NA19101.3.F09" 0.740103681912587 0.259702566230251 0.000193751857161907
"NA19101.3.F10" 0.99683443570771 0.00021040915453008 0.00295515513775981
"NA19101.3.F11" 0.962530059188384 0.0367179976421386 0.000751943169478011
"NA19101.3.F12" 0.975730144014379 0.0240200025712336 0.000249853414387088
"NA19101.3.G01" 0.913311440684841 0.0866469201860086 4.16391291501195e-05
"NA19101.3.G02" 0.724777654192138 0.275112153652036 0.000110192155825326
"NA19101.3.G03" 0.954541972176842 0.0444963421774625 0.000961685645695055
"NA19101.3.G05" 0.965563074502407 0.0339276537495477 0.000509271748045262
"NA19101.3.G06" 0.948424493810424 0.0514277723957008 0.000147733793875499
"NA19101.3.G07" 0.931958107451412 0.0678156770520723 0.000226215496515637
"NA19101.3.G08" 0.921312813250492 0.0782572012644302 0.000429985485078066
"NA19101.3.G09" 0.62679822922043 0.372993967278963 0.000207803500607162
"NA19101.3.G10" 0.964755091814386 0.0347033211420699 0.000541587043544198
"NA19101.3.G11" 0.959790745599713 0.0401200134934497 8.92409068368649e-05
"NA19101.3.G12" 0.968701536570528 0.0308453795220195 0.000453083907451932
"NA19101.3.H01" 0.562336773798085 0.436745492138333 0.000917734063582244
"NA19101.3.H02" 0.785239090556047 0.21448547990726 0.000275429536693491
"NA19101.3.H03" 0.596854925960355 0.402995090556442 0.000149983483202592
"NA19101.3.H05" 0.984172786983673 0.0145853444856634 0.00124186853066378
"NA19101.3.H07" 0.579895095624749 0.419614913966721 0.000489990408529721
"NA19101.3.H08" 0.965560151762707 0.0340843315573656 0.000355516679927535
"NA19101.3.H09" 0.611508031412631 0.388370969431005 0.000120999156364289
"NA19101.3.H10" 0.962999063603835 0.0368325213893756 0.000168415006789283
"NA19101.3.H11" 0.963728415437358 0.0355808010930466 0.000690783469595613
"NA19239.1.A01" 0.00019771830435181 0.000114828145996729 0.999687453549651
"NA19239.1.A02" 7.7964975971083e-05 0.0191637864419909 0.980758248582038
"NA19239.1.A04" 0.000171571448477906 0.147475034762038 0.852353393789484
"NA19239.1.A05" 8.84486001052909e-05 0.00979132869803146 0.990120222701863
"NA19239.1.A06" 6.20013797388965e-05 0.000125790431126935 0.999812208189134
"NA19239.1.A07" 0.00630515825004111 6.67510721765857e-05 0.993628090677782
"NA19239.1.A09" 9.44634326549549e-05 0.0154153991434586 0.984490137423886
"NA19239.1.A10" 0.000167242323458224 0.000110434263257881 0.999722323413284
"NA19239.1.A11" 0.000158013637580543 0.00429424344901873 0.995547742913401
"NA19239.1.A12" 9.80463341143093e-05 3.29097143985463e-05 0.999869043951487
"NA19239.1.B01" 8.33804617561994e-05 0.0132149526501945 0.986701666888049
"NA19239.1.B02" 4.89338205557454e-05 6.93896078403902e-05 0.999881676571604
"NA19239.1.B03" 8.2545648537112e-05 2.85608405623574e-05 0.9998888935109
"NA19239.1.B04" 6.41961051131815e-05 0.0162149261085917 0.983720877786295
"NA19239.1.B06" 0.103276546864987 3.59153960700739e-05 0.896687537738943
"NA19239.1.B09" 0.00014466435267982 5.74557516155742e-05 0.999797879895705
"NA19239.1.B10" 0.00612731486162993 6.09547878111151e-05 0.993811730350559
"NA19239.1.B11" 0.000149285161837913 0.0114887607581443 0.988361954080018
"NA19239.1.B12" 0.0252943527896439 4.05962696142237e-05 0.974665050940742
"NA19239.1.C01" 0.000220113201035508 0.0707078910849453 0.929071995714019
"NA19239.1.C02" 0.000151028113887754 0.000109260172464146 0.999739711713648
"NA19239.1.C03" 0.0287225531722704 3.27631780655956e-05 0.971244683649664
"NA19239.1.C04" 0.000182106040305258 0.252409064959993 0.747408828999701
"NA19239.1.C05" 8.28324358116812e-05 0.00223987095948188 0.997677296604706
"NA19239.1.C06" 0.0181803073762354 0.00971399524732657 0.972105697376438
"NA19239.1.C07" 5.96682318324412e-05 0.00609359782597926 0.993846733942188
"NA19239.1.C08" 5.71206789978065e-05 0.000316357864816628 0.999626521456186
"NA19239.1.C09" 0.000198953998378165 0.00248922716620931 0.997311818835413
"NA19239.1.C10" 8.34818452161696e-05 0.000122047629945558 0.999794470524838
"NA19239.1.C11" 0.000206951983403059 0.00287343433204273 0.996919613684554
"NA19239.1.C12" 9.71585423472415e-05 0.000123000296400623 0.999779841161252
"NA19239.1.D01" 6.93259296579086e-05 0.0125497214544875 0.987380952615855
"NA19239.1.D02" 8.92622312903876e-05 0.000511316715896752 0.999399421052813
"NA19239.1.D03" 0.0230744103729811 0.00419227929105666 0.972733310335962
"NA19239.1.D04" 0.000170391514439147 0.237567130234004 0.762262478251557
"NA19239.1.D05" 8.01093917276095e-05 0.00349529938302605 0.996424591225246
"NA19239.1.D06" 0.0283841025646218 0.00616279428396617 0.965453103151412
"NA19239.1.D07" 0.0356730427919353 1.5965385258281e-05 0.964310991822807
"NA19239.1.D08" 0.00015221830945462 0.000749417315946926 0.999098364374599
"NA19239.1.D09" 0.0224082865825626 0.000121583924691662 0.977470129492746
"NA19239.1.D10" 0.000226769429035845 0.00862878738402107 0.991144443186943
"NA19239.1.D11" 0.0606331571966995 6.01054186546216e-05 0.939306737384646
"NA19239.1.D12" 0.000179807953301039 0.00230897551480121 0.997511216531898
"NA19239.1.E01" 0.00124425786524013 2.47862514788641e-05 0.998730955883281
"NA19239.1.E02" 6.26132663493856e-05 0.00226799987975993 0.997669386853891
"NA19239.1.E03" 0.0623033849226127 2.38995733257544e-05 0.937672715504062
"NA19239.1.E04" 0.000149958000668543 3.75812546192129e-05 0.999812460744712
"NA19239.1.E05" 0.0254172467158853 2.18629726624087e-05 0.974560890311452
"NA19239.1.E06" 6.80852740230536e-05 0.000346660331367435 0.99958525439461
"NA19239.1.E07" 8.64297819016416e-05 0.00529109146765419 0.994622478750444
"NA19239.1.E08" 7.07514108397578e-05 0.00567097109492385 0.994258277494236
"NA19239.1.E09" 9.13189227835529e-05 0.0311137476731335 0.968794933404083
"NA19239.1.E11" 9.53185778083632e-05 0.0138670196223368 0.986037661799855
"NA19239.1.E12" 0.0022084407434511 7.63026440303196e-05 0.997715256612519
"NA19239.1.F01" 5.44114428065816e-05 4.37789445571471e-05 0.999901809612636
"NA19239.1.F02" 9.45820811050026e-05 0.000108687619552554 0.999796730299343
"NA19239.1.F03" 0.000178944978438288 0.220540873378193 0.779280181643368
"NA19239.1.F04" 6.89397020325546e-05 0.000800162172208557 0.999130898125759
"NA19239.1.F05" 0.115741681917618 1.41746278557393e-05 0.884244143454526
"NA19239.1.F06" 6.83510057927657e-05 0.00214503358384311 0.997786615410364
"NA19239.1.F07" 6.89274324031024e-05 0.0181024859294717 0.981828586638125
"NA19239.1.F08" 7.52566269313222e-05 0.00372502942398162 0.996199713949087
"NA19239.1.F09" 0.00024312132862223 0.0195767936510709 0.980180085020307
"NA19239.1.F10" 0.0945896176225857 3.34054801493976e-05 0.905376976897265
"NA19239.1.F11" 0.0645848088800136 0.00115593599367844 0.934259255126308
"NA19239.1.F12" 8.47898908080832e-05 0.0171389574514442 0.982776252657748
"NA19239.1.G01" 0.000220556443168265 0.00140458028212578 0.998374863274706
"NA19239.1.G04" 0.000374483656673552 0.00130450299587209 0.998321013347454
"NA19239.1.G05" 0.00148052781070747 0.000127770630756557 0.998391701558536
"NA19239.1.G06" 0.000935227703950637 0.000102364042397387 0.998962408253652
"NA19239.1.G07" 0.0031975587865371 0.0019076007402344 0.994894840473229
"NA19239.1.G08" 0.00107030589686429 9.43603461871105e-05 0.998835333756949
"NA19239.1.G09" 0.000286454105988353 0.166497379840403 0.833216166053608
"NA19239.1.G10" 0.00173779930905632 0.000138735753077566 0.998123464937866
"NA19239.1.G11" 0.000127370256224792 8.98809311355193e-05 0.99978274881264
"NA19239.1.G12" 0.0261143144227818 0.00239693030235797 0.97148875527486
"NA19239.1.H01" 0.00291664350538244 0.000117760535623878 0.996965595958994
"NA19239.1.H02" 0.0447442795309937 3.40018809617261e-05 0.955221718588045
"NA19239.1.H03" 0.000147456544214945 0.000124862571490233 0.999727680884295
"NA19239.1.H04" 0.0320438592325786 0.000101348971884254 0.967854791795537
"NA19239.1.H06" 0.00207679802454079 0.000105859262507197 0.997817342712952
"NA19239.1.H08" 0.0391183119310157 3.89110935334354e-05 0.960842776975451
"NA19239.1.H09" 0.108952417503619 5.69704881930845e-05 0.890990612008188
"NA19239.1.H11" 0.0345137655115298 5.99811844703026e-05 0.965426253304
