"1" "2" "3" "4"
"ENSG00000102977" 8.40894866031591e-05 0.00129363821872951 1.89132704544812e-08 0.00134695377048779
"ENSG00000119640" 0.000318657617668714 0.00125170619261605 0.000835727810036027 0.00478708645056641
"ENSG00000154734" 5.88024628011727e-09 5.80202084776475e-09 6.8943569647506e-09 9.6810965810941e-09
"ENSG00000088448" 0.00297748637151567 0.00234624228229852 0.0012005484936449 9.22636581083693e-06
"ENSG00000169188" 0.000937523112367952 0.000782414755887449 0.000399912031363099 0.000823693942281629
"ENSG00000134884" 0.00469633443385832 0.00194973360780187 0.00250798202580532 0.00349709304030043
"ENSG00000156802" 0.00155796558086464 0.00066721299480854 0.00113732816848996 0.0101868023155867
"ENSG00000138376" 0.00098282725586701 0.00113832973169837 0.00138382331598495 0.000247909853074234
"ENSG00000166164" 0.000561452726288021 0.00134380650484539 0.000243439280583163 0.000599357448761881
"ENSG00000170270" 0.00045742675427877 0.000513120445894761 1.87036734558744e-08 0.000686931717820934
"ENSG00000117616" 0.00157722839868015 0.00054189913679158 0.000852755789734656 0.000526082165124737
"ENSG00000180354" 1.11397038552517e-08 1.25140257826259e-05 8.18033470374247e-09 1.94475480483717e-07
"ENSG00000131375" 0.000797677893141967 0.000576171733827183 3.29241651110361e-07 5.35982491771653e-08
"ENSG00000106144" 0.000118359172631702 0.00121702799076861 1.45720854620412e-08 0.000871081385566215
"ENSG00000105173" 0.000474397407789932 0.000141000982396145 0.000136107028662194 0.000140491940763109
"ENSG00000175305" 1.56502965900189e-08 6.56008089448396e-05 9.65869414738679e-09 0.000768304523018056
"ENSG00000164045" 0.000165460514776331 3.75806696351813e-05 7.86287892422663e-05 0.00115550595957042
"ENSG00000094804" 0.000245157522766883 0.00121706562963163 0.000277127698826493 0.00273792640806552
"ENSG00000144354" 0.000301310007402843 0.000187446448563873 0.000121953972218387 0.00207445663880145
"ENSG00000164649" 0.00060750168493352 0.00271186526117236 0.000715684884974283 3.45749057940609e-07
"ENSG00000166037" 0.0012690279176624 0.00439754590369844 0.00224467013388738 0.00393682027871834
"ENSG00000167670" 0.000249432768328751 5.94844762258453e-08 0.000351351565669022 0.0018133611330856
"ENSG00000159259" 7.11006677545393e-05 0.000134296846629303 5.84831217841254e-05 0.000819552161379519
"ENSG00000092853" 9.7983894546903e-05 0.00115129166179216 9.35776343990447e-05 0.00322135036765311
"ENSG00000137504" 0.0017229466562362 0.00102800276563306 0.000419144405443843 0.000526246711627314
"ENSG00000117984" 0.000430777285390547 0.000467746042008569 0.00033407798075932 2.51836961827733e-07
"ENSG00000083520" 0.00185232035684327 0.00213721716515289 0.000614230867977976 9.61894159129999e-08
"ENSG00000102580" 0.00221418532919841 0.0032412285040475 0.0011840919944328 0.00112246865657826
"ENSG00000159147" 2.10036610752208e-08 0.0013306285329703 3.15499943874175e-08 0.000181229866507105
"ENSG00000136982" 6.90648729587113e-05 1.37658230581721e-08 1.71885568186455e-08 0.00123432323332161
"ENSG00000143476" 0.000371337750703479 0.00165662203366325 9.65182505397515e-08 0.00189083059396919
"ENSG00000101412" 9.60239326169456e-08 0.000121697590934683 0.000180864535635337 0.000638250520850616
"ENSG00000144895" 0.00418524628909371 0.00424534439493135 0.00149192585043655 0.00152052672109367
"ENSG00000139684" 0.00407902735850421 0.00517710795571986 0.00104749644146829 0.00268019788958612
"ENSG00000154124" 0.00120802951452188 0.00079353510374878 4.6259298613009e-08 0.00119476448875216
"ENSG00000187866" 6.58307750717267e-08 0.000877145558448678 5.27788549119678e-05 8.43103335209336e-05
"ENSG00000160688" 0.00142544017018169 2.13411045059826e-05 0.000213010674213608 0.00140507925925176
"ENSG00000131153" 1.03932989797015e-05 0.00156140910674997 0.000416995820789977 0.00732499622823985
"ENSG00000181938" 1.67182053231844e-08 0.000183384744750815 5.04847825386674e-05 0.000528968845333693
"ENSG00000112312" 0.000564924829820064 0.00032105901186877 0.000542848995151319 0.00676627546562827
"ENSG00000119969" 0.000378488931038519 0.00226434331326913 0.000572272191567385 0.0127225050029775
"ENSG00000182742" 0.00051848153488298 3.04459949923915e-05 0.000357586886312478 0.000341700648550548
"ENSG00000174775" 0.000189580762808915 4.53084245473154e-06 2.52819200585414e-08 0.000649370202202113
"ENSG00000025156" 0.00023085115000851 0.000299733288746088 0.00024303226391036 0.000421726598980941
"ENSG00000171105" 0.00211224659369798 0.000603808137079677 0.000720516363624614 4.6092858574144e-07
"ENSG00000164941" 0.00064593331119571 0.00115503412983479 3.87572945339519e-07 4.14934875827809e-08
"ENSG00000116679" 0.00074645929151684 0.00509636705565892 0.000936409145068896 0.00138102554056341
"ENSG00000168116" 0.000608940345626653 0.0011748223537344 0.000451941013584422 0.000805373483115734
"ENSG00000113441" 0.0060323988645891 0.00545387809814995 0.00184734860227608 0.000114626701927867
"ENSG00000108848" 0.00832538153979934 0.00883484114544568 0.0027540931198039 0.00286360122022339
"ENSG00000073111" 0.000462529769260027 0.0025333388961371 8.15457672730893e-05 0.00418702593950191
"ENSG00000104738" 1.57997473032919e-06 0.000251932847331029 1.78610751170199e-08 0.00570718434715029
"ENSG00000100297" 0.00171983737483607 0.00182427203162606 2.95809498396809e-07 0.00577360554130474
"ENSG00000076003" 0.00040207587158047 0.00190109321633213 3.84682892805886e-08 0.00465543588269761
"ENSG00000111554" 0.000233569785218261 0.000389124740886507 3.76432391924327e-08 0.000145816118737348
"ENSG00000108590" 0.00197567414912694 0.00013136446803537 0.000882032672880596 0.000935366269530845
"ENSG00000037757" 1.79456195615878e-08 0.000177487138217978 5.57795847618065e-05 0.000552410465715811
"ENSG00000095002" 0.00101924334020335 3.42885036906704e-08 0.00082845660288995 0.00130861528308084
"ENSG00000132780" 0.000791609539316663 0.00269670982561011 0.00159163830398658 0.00607626140995559
"ENSG00000114857" 0.00269015693270601 0.0054202141364269 0.00488061920349291 0.00124658282035181
"ENSG00000149308" 0.00251684306833337 0.000579309963769589 0.000868244177242592 7.59119100461496e-05
"ENSG00000120253" 0.000259286483968752 0.00025291645579099 0.000678490963111678 0.00165323155900654
"ENSG00000085840" 1.76090747200325e-08 0.000576382169097193 3.21209225373877e-06 0.00189856902242739
"ENSG00000079156" 5.88024628011727e-09 5.80202084776475e-09 6.8943569647506e-09 9.6810965810941e-09
"ENSG00000125779" 0.000195315689892642 0.00135536301160719 3.79563953962766e-08 0.00122879748045273
"ENSG00000169851" 1.6868561073321e-08 5.0491170406629e-05 8.1120051701044e-09 1.56105487394804e-08
"ENSG00000132646" 0.000248751113668547 0.00244405139894558 0.000545347525934858 0.0180038906814153
"ENSG00000182378" 9.90038510474985e-05 0.000353161698478566 0.000504547221579686 0.000372013897747968
"ENSG00000064933" 0.000938530196671033 0.00106833724132328 0.000201439868894874 0.00205608727576065
"ENSG00000100941" 0.0039382549015739 0.00495400927530797 0.00100022793150412 0.00400548230079898
"ENSG00000077514" 7.02253957857565e-08 0.00238804705244492 0.00022049369759839 0.0044478856990908
"ENSG00000112210" 5.88024628011727e-09 5.80202084776475e-09 6.8943569647506e-09 9.6810965810941e-09
"ENSG00000160957" 2.30262017178933e-07 1.80165519108226e-05 8.23382685482391e-05 0.000612181425031313
"ENSG00000175643" 0.000142042622839838 5.40189291069138e-05 6.71356077148378e-05 0.00145661182608686
"ENSG00000125352" 9.52672741013434e-05 0.00152183462668549 5.08835197016717e-08 6.28731443816831e-08
"ENSG00000185946" 0.000909371068751128 0.00248189500637061 0.000635219450805436 6.50452521550887e-08
"ENSG00000008952" 0.0125506802720776 0.0155332458552325 0.00805793059508247 0.00361496665856325
"ENSG00000145604" 0.000366286233091919 7.41809659230371e-05 0.000439949794517135 0.00084630694953966
"ENSG00000163950" 0.000861979134483627 0.00143256327835071 2.67034724217211e-08 0.00265756619368906
"ENSG00000114120" 0.00763460568233136 0.00463616027323756 0.0013815639241862 0.000691906653022689
"ENSG00000115875" 0.00644490628565109 0.00234513076967179 0.000915484561932641 0.0113656929868299
"ENSG00000114850" 0.00766813883899061 0.0140993660172574 0.0055642735954016 0.00316833156253315
"ENSG00000172660" 0.000513390395526829 0.000920193557640917 0.000719927970215836 5.54804072099451e-08
"ENSG00000075131" 0.000989687566171459 0.00182818023844267 0.000552706480100373 1.90527095636094e-07
"ENSG00000163781" 0.000905440924012723 0.00172554704983893 0.000461746176406433 0.0023126532985118
"ENSG00000164548" 0.00338118990210488 0.0043464624056167 0.00158336818653393 0.00311637070529626
"ENSG00000163728" 0.00204894711131423 0.000543671823955145 0.000416522852459919 3.29374480328664e-07
"ENSG00000012963" 2.23531086862272e-05 0.00294437551818545 0.000701437046858788 0.00377671047966592
"ENSG00000076248" 0.000470977917889112 5.93831056599027e-08 7.25873588583521e-05 0.00207178716614625
"ENSG00000145390" 1.33011548578122e-05 3.45942208409587e-08 4.43599188049929e-05 5.05004615029383e-08
"ENSG00000163159" 0.00097529889178349 0.000206019307210714 0.000498185626518852 0.000700416754956943
"ENSG00000092470" 3.91408703018242e-07 0.000189819826837901 5.073902695077e-06 0.000813079443515046
"ENSG00000165724" 0.000289784784221127 1.16332036416836e-07 1.76921261452017e-05 0.000466978435679535
"ENSG00000165244" 1.88610545910036e-08 0.00010546778242954 0.000389162425427947 0.000625805825970431
"ENSG00000132485" 0.00798032513919858 0.00782756819212901 0.00298347972093968 0.00322607071327139
"ENSG00000114770" 9.12871087161773e-09 7.57437999564273e-05 1.27029857577598e-08 1.81784922460964e-08
"ENSG00000144827" 0.000424735281559644 0.00133777849647191 0.000635275920998422 0.000789904599384273
"ENSG00000180071" 1.92435225706923e-05 3.15147112072068e-05 8.38543716129563e-09 2.36578201465015e-08
"ENSG00000105011" 5.26302237709518e-06 0.000327654064995524 0.00118899778664635 0.00299941687590099
"ENSG00000125124" 1.50474091967161e-08 0.000140387322143319 0.000118219901455115 1.74898249797461e-08
"ENSG00000134897" 0.000370982207902037 0.000424469028462707 1.72240255635238e-05 0.00211164173045
"ENSG00000197299" 0.000250133701950996 0.000333785757476551 0.00121065052782278 0.000154127610273618
"ENSG00000168283" 0.000324960028731998 0.000765842395602157 0.000375731175062359 4.00775838181705e-05
"ENSG00000012048" 2.47081610740001e-07 0.00162123029585708 0.00116593259635613 0.0027986280258234
"ENSG00000136492" 1.70767112748059e-08 0.00103294783393515 3.83440410166017e-08 4.59491006764014e-05
"ENSG00000165490" 0.000110795722322473 5.75092512434713e-05 0.000450287550731466 0.000100697597964189
"ENSG00000197603" 0.000685653814042937 0.000292071506906449 1.92003840321381e-05 7.53461622645513e-08
"ENSG00000122786" 4.73694062643354e-05 6.77559696111108e-09 1.4635518291197e-08 0.000448440384018254
"ENSG00000143933" 0.00470647482115677 0.00223295233295337 0.00415078180304988 0.00340493418080175
"ENSG00000175455" 0.000310178871068092 0.00236601368223657 0.000917595740580346 0.000404139397104823
"ENSG00000144395" 0.00015697763725309 3.41480527225388e-08 0.000191786124269834 0.00105217810133905
"ENSG00000186166" 0.00116970185253322 0.000326141633550086 2.43527063135734e-05 0.00054902111321546
"ENSG00000093009" 1.29489609349429e-08 0.000412623637008183 2.97927510016874e-08 0.000954588758817135
"ENSG00000097046" 3.35864557505853e-05 0.00244351826796743 4.14013380673101e-05 1.53510666758191e-06
"ENSG00000146670" 1.79321285969341e-08 0.00129274070822684 0.000617053356304305 0.00177938618754635
"ENSG00000168564" 0.000605133688628786 0.000709644333480405 5.76127449635259e-06 0.000213066666114836
"ENSG00000100162" 0.00169559304315515 0.000482970633823953 0.000798356394736891 0.00427591433971686
"ENSG00000031691" 8.54043023448669e-05 0.000981970821790307 0.000113612565190006 0.00134767800242256
"ENSG00000172292" 0.00234882571664256 0.00364324403252759 0.00104775062732213 2.36827028185345e-07
"ENSG00000203668" 7.40728728714579e-05 0.000131254730766848 3.76041172233088e-08 0.000944058934004836
"ENSG00000088682" 0.00032408406846277 0.000423142925540113 0.000201222735719283 0.00062658932021429
"ENSG00000139117" 0.00155168836756851 0.00255396614547085 0.000449128311130316 0.000115872579529403
"ENSG00000088766" 0.00199990491669121 0.00161457506072391 0.00118205914511203 2.53946407987208e-07
"ENSG00000163257" 0.000113276682975401 0.000441912897428608 0.000393447372331458 1.93987037576568e-05
"ENSG00000121690" 1.8828395918365e-06 0.000135528404864431 3.16303115296873e-05 2.08707849001211e-08
"ENSG00000138346" 5.21961663330493e-05 2.30982913235898e-08 0.000463041669227514 0.000843873270694502
"ENSG00000162616" 0.000156022444518001 0.000363546839811966 0.000740348986726805 0.000751276206949188
"ENSG00000135720" 0.00142660497034407 0.000853418913962223 0.000628400297550806 3.84685843705159e-07
"ENSG00000129173" 4.13808470243678e-05 4.74422321184449e-05 5.67658020229826e-05 0.00084756461890419
"ENSG00000148730" 0.00178739385217245 0.00265890627460425 0.000144468068180433 0.00168725135538511
"ENSG00000132199" 0.00214307359791668 0.0019539894736311 0.000415662727825466 0.00168567708000738
"ENSG00000171320" 2.09405574167623e-08 0.000680483202323894 4.33612359132754e-08 0.00168732305346084
"ENSG00000174371" 0.00019884435870782 9.69052422195983e-09 8.43389690047189e-06 0.00140876295549032
"ENSG00000106462" 0.00135410383096934 0.000183380769823447 0.00221249869648749 0.00196283231304845
"ENSG00000119906" 0.000910086380588337 0.000673455058189136 0.000594874440165649 0.000861156264039909
"ENSG00000187741" 0.000328544423869857 0.000178684598705422 0.000107468213035107 5.09234958197942e-08
"ENSG00000140525" 2.93761486244918e-08 0.0010606939767159 0.000151219709527417 0.0042319505879259
"ENSG00000168496" 0.000459979262850305 0.000391968670120623 0.000208611613877881 0.00478357205238638
"ENSG00000023909" 1.60789623676619e-05 0.00014494409673418 0.000663632808917288 5.08355904457339e-07
"ENSG00000175265" 0.00294325935781703 0.00214572225644146 0.00285855884614855 0.00123177675650162
"ENSG00000215252" 0.00117406394118153 0.000896184680086819 1.9613634869556e-05 0.000673162182689889
"ENSG00000189060" 5.96459973716699e-05 6.73909130655749e-05 1.31463509771e-08 1.98341043204632e-08
"ENSG00000180573" 0.000286763004796204 0.00117865252449639 0.000273290309714279 0.00012671239989174
"ENSG00000124529" 2.51791177267016e-08 0.000760660337979801 0.000209120221768984 0.00237638810007085
"ENSG00000143493" 0.000891609903064925 0.000617496008154328 0.000339052468459895 0.000859679099797995
"ENSG00000108773" 0.00030481164050572 0.000346927044198092 0.000329007218775211 1.6192961922033e-05
"ENSG00000114166" 0.000478203114661622 0.000700653077558151 3.37219278049266e-07 2.22447180977781e-06
"ENSG00000134901" 0.000181478021320714 0.000110414279172316 6.41050187628459e-06 0.000371767939502628
"ENSG00000187164" 5.88024628011727e-09 5.80202084776475e-09 6.8943569647506e-09 9.6810965810941e-09
"ENSG00000143013" 0.0019914444498628 0.00742064697176353 0.00159303455013491 0.000451124547028157
"ENSG00000186687" 0.00103437533496953 0.000662639276784811 0.000519786733993314 0.0010117871852938
"ENSG00000198162" 0.00203072148463102 0.0024475162446461 0.000470724168426258 2.82130959926253e-07
"ENSG00000169967" 0.00134248649873066 0.00450272302176233 3.52946965947533e-07 8.672463663966e-06
"ENSG00000120539" 0.000461908683087916 0.000758020798989354 0.00044790637135894 1.08881011346955e-07
"ENSG00000129071" 0.00133916377293945 0.00256550210647384 0.00180942176338115 0.00102050313492199
"ENSG00000125885" 0.00068911213167441 2.70420109873638e-05 9.8774545029354e-05 0.00281061917176959
"ENSG00000151725" 7.94299052457048e-05 0.00167294055686641 5.86770367362829e-08 0.00185977141451216
"ENSG00000005810" 0.0119408575785554 0.00389729966018422 0.00107058529552788 0.0017634812274441
"ENSG00000138386" 0.00146898148610228 2.28557172966824e-07 2.52809837109414e-08 0.000719964984449504
"ENSG00000078618" 0.00499391733254177 0.00461514793653912 0.00148263225686173 0.00230303771415334
"ENSG00000178694" 6.4808686077202e-05 1.0208594344826e-07 7.81677931920599e-05 0.00123666740285778
"ENSG00000178425" 0.00126917314320121 0.0062640836156235 0.00162969980198529 4.20808216984902e-07
"ENSG00000030066" 3.20614670420291e-05 0.00138121989777071 2.90410841726342e-08 1.94707734190963e-06
"ENSG00000147162" 0.0025723390359235 0.00568954866930222 0.00177146815175078 2.58483445445078e-05
"ENSG00000135336" 0.000689995415573659 0.00130746246145927 0.00028619592888173 0.00156809894438606
"ENSG00000164823" 0.00118742924569477 0.000601582021705322 0.00055120761563589 0.000796461729756472
"ENSG00000146247" 0.00548051147646161 0.00750664717278212 0.00207941844173159 0.00365462286583469
"ENSG00000116793" 9.08054685400145e-05 0.000852236943627247 0.000196580849606634 0.000806065502647591
"ENSG00000006576" 0.00153936418206976 0.00264651143600449 0.0012471399816106 0.00136420680816916
"ENSG00000127564" 1.63104050040003e-08 1.61664287473255e-08 7.68434479187484e-09 0.000336984963143564
"ENSG00000101868" 0.000474324620037416 6.00617497003661e-08 0.00104185133687067 0.00207458497484485
"ENSG00000198056" 0.000119622782399225 4.50494382034379e-05 0.000244665325410112 0.00197554969445729
"ENSG00000188647" 0.000484552035185639 0.00127297298575581 1.57814108095664e-08 0.00046982426436046
"ENSG00000070950" 0.00014747963303428 0.000620376938010233 0.000339475606111308 0.00231103326718504
"ENSG00000051180" 3.73718763221917e-08 0.000969926114476611 0.000196692954191399 0.000865031270032645
"ENSG00000111247" 0.000497157844403376 0.00223163150966065 0.00253751738086135 0.00529267785770319
"ENSG00000101773" 0.0010378266481025 0.00104521206431823 3.94752448802448e-07 0.00408838744946956
"ENSG00000068615" 5.88024628011727e-09 5.80202084776475e-09 6.8943569647506e-09 9.6810965810941e-09
"ENSG00000049541" 0.00107574314775393 0.000661160318742804 0.000254083792053244 0.00407887497499738
"ENSG00000164292" 0.000219753886602254 0.000422399077246028 5.05181138158243e-05 2.61368437751933e-08
"ENSG00000178966" 0.000379278611520399 0.000535736564551159 7.88917459836077e-05 0.000645832827408655
"ENSG00000117748" 0.00144331845604161 0.0032429076428767 0.000965602604390139 0.0078149019644267
"ENSG00000167325" 0.0019683627543679 0.0045970941252604 0.00191167798874492 0.00921887091604074
"ENSG00000171848" 0.00144872593785724 0.00114422810960757 0.0100910443227106 0.0245518010646446
"ENSG00000111011" 0.0052004871651031 0.00605690290476602 0.00324546515442967 0.0014209717546844
"ENSG00000161526" 0.00123953092316541 0.00218227395915828 0.00125824645602526 0.000430754535498646
"ENSG00000134294" 0.00234044879765883 0.00854045028728025 0.00253789733008173 9.39884074614841e-06
"ENSG00000185591" 0.00132211559381556 0.00136613327250444 0.000613882023596473 0.000516978527186873
"ENSG00000100650" 0.00877476128757032 0.00786761613432426 0.00332943237595392 0.00215503301020741
"ENSG00000198168" 0.00415392725903212 0.000292574135361114 0.000600513488275642 0.010620392055587
"ENSG00000131747" 0.00166375708552551 0.00176649678636994 0.0240214414172949 0.00949676321868452
"ENSG00000115282" 3.24841265379066e-05 0.000391076963588806 0.000266187768169969 5.77443512430189e-05
"ENSG00000137941" 3.02675493484089e-08 0.000200757371225588 1.46006100219737e-06 1.86379914577624e-08
"ENSG00000176890" 0.00145379761828945 0.00373971217377387 0.00290465241237928 0.00641578879303593
"ENSG00000077152" 9.79619442570365e-08 0.00203714774889321 0.00241288789739017 0.00867487955651733
"ENSG00000122042" 0.0018088439577418 0.000269400880635339 3.34980236204039e-07 8.34129277195104e-06
"ENSG00000162607" 0.00031641438998137 0.0020304938943326 0.00139718233916349 0.00527299737392384
"ENSG00000122952" 0.000183798528581197 0.0019916340187428 0.00401548171650997 0.00626130187046125
"ENSG00000011426" 2.57210601966119e-08 0.000328688787296047 0.00118964067768905 0.000414295177674197
"ENSG00000065000" 0.00382419792017633 0.000783742474477057 0.000611681704424463 0.00164841465153827
"ENSG00000213390" 3.64686014053788e-08 0.00131560903846197 0.00146483893902307 3.19875913989363e-06
"ENSG00000122644" 8.72349729159784e-05 8.75944120959265e-05 0.000174056092893249 5.56297091368722e-05
"ENSG00000104442" 0.000711902175171401 0.00120574452122989 0.000352203664529242 0.000281929915961965
"ENSG00000171456" 0.0017299187030369 0.0020554797065372 0.00139812319232231 0.00178637479194188
"ENSG00000119787" 0.000194134893336332 0.000958271942284616 0.000398566548953875 0.000850223639635225
"ENSG00000178999" 2.17758131490887e-05 0.00119268612715525 0.00372833233728434 0.00478848196994858
"ENSG00000029363" 0.00561370760040624 0.00350337788222238 0.00282310623372864 0.00220161786695408
"ENSG00000136122" 0.000571346848826773 6.77797656667856e-08 0.00182028234270646 1.86281228740793e-07
"ENSG00000112983" 0.000331098175197471 1.67677762285187e-07 0.00135721626000594 0.00180416787455358
"ENSG00000154473" 0.00926397242643839 0.00733649335105592 0.0126548177157837 0.00759136346016334
"ENSG00000185347" 6.89865255428207e-06 1.59901429746972e-08 0.000157145313529251 0.000126135477937815
"ENSG00000178074" 0.000309346523583607 0.000338801794973012 0.00104736554362732 0.000888387801407994
"ENSG00000164305" 0.000756674397720271 0.00481085555315843 0.00122729407900595 6.93846174436145e-08
"ENSG00000094916" 0.00114507815450014 0.00295972111997711 0.00411425394314112 0.00715899464471996
"ENSG00000159884" 2.51205353321738e-05 1.74041476353429e-08 9.58617890848085e-09 2.18364538883e-05
"ENSG00000145386" 5.09139262698629e-08 0.000468835873688422 0.00358491490238045 0.00250471735849616
"ENSG00000162063" 0.000186866443334121 2.10252333221099e-08 0.00179516190789712 0.000668526363503072
"ENSG00000130177" 0.0011324052820803 0.00144336852726471 0.00121720592607178 6.79472376738386e-07
"ENSG00000158402" 0.000143907718310529 0.000158551823645534 0.00172803319509495 6.90092594052353e-07
"ENSG00000184661" 7.65815908286887e-08 0.000810216782316832 0.00237919453822511 0.00141609401720398
"ENSG00000111665" 1.40157806662431e-06 0.00127461546123582 0.00383419360996526 0.00122914995698177
"ENSG00000134690" 0.000514957995685792 0.000259831039764197 0.00596234575404397 0.00159559636659611
"ENSG00000170312" 0.00110043702366862 0.000611315962933781 0.010796545781212 0.00709705554767429
"ENSG00000111276" 0.000104096950849941 0.0031835164497983 0.00131565070092697 1.81482993199747e-07
"ENSG00000123080" 0.00125713298389595 4.75593574153763e-07 0.00065841343970639 0.000670504072905341
"ENSG00000140743" 0.000736202890074543 0.000158864086607312 0.00054404734134879 0.000918620492232783
"ENSG00000120334" 1.84771029468058e-07 0.000726521528566549 0.00108671568468729 5.73125194883526e-08
"ENSG00000135837" 0.00538242680050234 0.00282186370817793 0.00184924008003523 0.00123350430151942
"ENSG00000197766" 9.10891764116567e-09 1.11960317693469e-08 2.99718263638317e-05 5.05630099378778e-08
"ENSG00000003402" 0.0181881092541971 0.000168902192573353 1.59392131548614e-05 0.00207351251203655
"ENSG00000183765" 0.000466448678548649 0.00030413804107175 0.000722452872284052 0.000237991992411932
"ENSG00000136108" 0.00130798394493339 0.00240436821712829 0.00500823842325226 0.00165070575309765
"ENSG00000169607" 4.52542274193542e-05 0.000325068261183419 0.00281630856789159 0.000650178788563038
"ENSG00000105443" 0.00096665545394514 2.46259357188161e-08 0.000321759938431783 8.77378661027091e-08
"ENSG00000136485" 0.00320971924113903 0.00213066599573813 0.00299746714543355 0.0025612868710678
"ENSG00000067596" 0.00149581109885872 9.64758161513978e-05 0.000196038369483114 0.000935125657789328
"ENSG00000132002" 0.000576781304564186 0.000296232404485243 0.000831192349644451 0.00103336644986505
"ENSG00000187097" 0.000199785829104582 3.08341002056923e-07 0.000325408072645791 0.00014057044976236
"ENSG00000135476" 0.000468907909432165 1.42665382651539e-08 0.00046220974382485 0.00125432691907403
"ENSG00000168040" 0.000775022998566676 0.000537379066803064 0.000761792936891886 0.00118152709219237
"ENSG00000101447" 0.00037219225709273 3.05624138633448e-08 0.000208667587194224 4.8481867061653e-08
"ENSG00000198690" 0.000140747953708061 7.25196807804673e-09 8.45897269596052e-09 1.7391584597582e-08
"ENSG00000144554" 0.00033200405543358 0.000912565878201732 0.000869054007777504 0.00286168978309855
"ENSG00000092140" 0.000213998849886051 0.00136515412890952 0.00181743132283802 4.80428367798881e-08
"ENSG00000104064" 0.000402315344495577 0.00078612614247399 0.00090442493003356 7.33252243907493e-08
"ENSG00000180447" 5.88024628011727e-09 5.80202084776475e-09 6.8943569647506e-09 9.6810965810941e-09
"ENSG00000139354" 9.05747003998503e-05 4.49833577213972e-05 0.00064539360186489 7.06003145415391e-05
"ENSG00000188486" 0.00043585986260866 1.52183010608758e-07 0.00163276775277567 0.000402160694062556
"ENSG00000131351" 0.000307944877858951 0.000114898506347468 0.00174809929335716 0.00129152556988978
"ENSG00000111911" 0.000886457164867596 0.00107848777980099 0.000109482843112118 3.30346794484372e-08
"ENSG00000064393" 0.00723614924750993 0.00538937618154206 0.000894188794730895 0.00353093651353889
"ENSG00000123485" 0.000376214285755374 3.48426523365858e-08 0.00406795309360186 0.00243182940129285
"ENSG00000164104" 0.00292426930183943 0.00965011869326114 0.0364901229027356 0.0209559246268314
"ENSG00000189159" 0.000956804765661414 0.00192061802704025 0.00426079242304524 0.0013262014158808
"ENSG00000127483" 0.00177306329143186 0.00683428638238883 0.00475675444469168 4.95237972511412e-07
"ENSG00000132541" 0.00211977242260642 0.00297384627854573 0.000796363225017779 0.00133788754584471
"ENSG00000142166" 0.000981946368053636 0.00131724476304048 0.000594936746183888 0.00114312010198964
"ENSG00000183856" 1.32123572352301e-08 0.000158698470800618 0.000537549423688689 0.000264460289306944
"ENSG00000186625" 0.000819334668159245 0.00122948233732334 0.00113383444616589 1.17460113999556e-07
"ENSG00000104756" 0.000535099595742045 4.54870392732506e-05 0.000412623929397862 0.000486091698663936
"ENSG00000066135" 0.000803259019392424 0.00100002871041856 0.000660240112678026 7.84052776662351e-08
"ENSG00000163507" 0.000131550700205713 0.000204452281365966 0.000812503621771013 0.00158747105919828
"ENSG00000138160" 0.000654196360826406 3.8923097155438e-07 0.00275455420822012 0.00118461309557669
"ENSG00000138182" 0.00231935784354201 0.0021054963951796 0.00821024092312816 0.00498620240084325
"ENSG00000079616" 0.00085152479657896 1.16672708659786e-07 0.00323576304838924 0.00353388785847541
"ENSG00000137807" 4.57267069574811e-08 0.000969676886265785 0.00240457292089691 0.00146329316350775
"ENSG00000170759" 0.003099455574517 0.00233533433398486 0.00260802804238141 0.00267421935245266
"ENSG00000067082" 0.00855401022405386 0.0124588927547975 0.00641555401395889 0.00242402688874643
"ENSG00000182481" 0.000779611655703083 0.00144820084309015 0.0105551555403447 0.00179120920908688
"ENSG00000143815" 0.00158254656066692 0.00249189083968438 0.00353955907949772 0.000884824852356039
"ENSG00000152022" 0.00139583820389693 2.12538176366507e-08 0.000501788563428071 0.000683882192867489
"ENSG00000113368" 0.00143160353279805 0.00102233174339756 0.00377990008752693 0.00533330890773302
"ENSG00000164109" 5.11271169941799e-08 0.00355395375204851 0.00520308718371743 0.00766087054357804
"ENSG00000165304" 8.55267322030995e-05 0.000168833031971711 0.00108340260037991 0.00245901502126025
"ENSG00000168282" 0.00163896816772231 0.00123489837494246 0.000909934196423697 0.00017782580094205
"ENSG00000101871" 5.88024628011727e-09 5.80202084776475e-09 6.8943569647506e-09 9.6810965810941e-09
"ENSG00000129534" 0.00265753616201613 0.00517751941924533 0.00391814442109811 0.00326588342088546
"ENSG00000121211" 0.00033754063351877 0.000815633437290805 0.00106024024522349 0.00339889839679192
"ENSG00000151503" 1.7495831797183e-08 0.000773639091544431 0.000431188936679971 0.00109501691435948
"ENSG00000121152" 2.52836605326491e-06 0.0018412128859713 0.00244095537960435 0.00297559478108165
"ENSG00000124160" 0.000352743945703107 0.000387636285565559 0.00013487482023566 0.00100566815345323
"ENSG00000080986" 6.60535511791466e-08 0.0010785804187155 0.00459361009026777 0.00137387388827938
"ENSG00000109674" 1.0429051751853e-08 0.000410030642263444 0.000217849020605877 5.38285305489582e-08
"ENSG00000141905" 0.00161885255330226 0.000309663626476002 0.000175250162945735 0.00166980770425039
"ENSG00000164190" 0.00320455282070457 0.00389434203384629 0.0015621853179298 0.000674076160065126
"ENSG00000197696" 1.27982369296931e-05 5.93847589669444e-09 8.77239860283406e-09 1.18526814545524e-08
"ENSG00000113580" 0.0104269107635834 0.0118758000545767 0.00300526797642559 2.71678630766433e-06
"ENSG00000069275" 0.0067059383459963 0.00477332564253108 0.00515819848273996 0.00888976976732078
"ENSG00000137497" 0.00113781362119549 0.000627206166069933 1.12648131122037e-07 0.000766625320942835
"ENSG00000137804" 0.00195589028844635 0.000484893066129375 0.0192296879411594 0.0148079598783406
"ENSG00000140451" 0.000338747945567368 2.22371010300432e-08 0.00126799900421762 7.8612247187968e-08
"ENSG00000160199" 3.76534111899216e-07 0.000294191071937065 0.000137148299749907 0.000410051523392903
"ENSG00000051341" 0.000282079234601873 0.000393463896514202 0.000928324553406499 0.00254657648838754
"ENSG00000184203" 0.00309142394082586 0.00204497983529585 0.000621136229159356 2.60979217138154e-07
"ENSG00000108671" 0.00406037839956382 0.00369632133694406 0.0020853673663613 0.00473752916664232
"ENSG00000134222" 4.30068598108191e-08 3.61720640873456e-08 0.000960602514768744 0.000104601755871338
"ENSG00000100401" 0.000437356376372724 3.92418558482578e-08 0.00114548119813916 0.00070492384139066
"ENSG00000166965" 9.37156636570247e-08 1.2477863366501e-08 0.000400890582575789 0.000300639215921248
"ENSG00000072042" 0.00474956287487492 0.0036453969537202 0.000430122977084926 0.00177737213289879
"ENSG00000110315" 0.00178476472280376 0.000269921616777638 0.000335843937137041 0.000479073050547768
"ENSG00000164105" 7.62311437314976e-08 0.000448690638499538 0.0015378962559481 0.000736128054156255
"ENSG00000165480" 5.91163785283278e-05 0.000955799832286095 0.0003636091368961 0.0019053377607765
"ENSG00000113810" 0.000702836521130395 0.00314772851270321 0.00763201361005205 0.00488771222815741
"ENSG00000115415" 0.0133397655879429 0.00863600256317608 0.00393936981137012 0.00581068030220577
"ENSG00000123473" 0.000203402639031632 0.000268376338019642 0.001111048631112 0.0013227079534176
"ENSG00000081320" 0.00334996399055832 0.00279077790953509 0.00138147670352993 0.000780576695852447
"ENSG00000172340" 0.000659374705679663 0.00176155320984564 7.93288351431695e-05 0.000729762062924545
"ENSG00000137203" 1.36128068238506e-08 0.000239458259563673 7.54939478045896e-05 3.88295347848145e-08
"ENSG00000102265" 0.0155619261976518 6.31999687008769e-06 0.00214387259748787 0.00216568288566215
"ENSG00000167920" 0.0012661226378203 1.74527226983752e-07 0.00036009582280548 0.000400974506215577
"ENSG00000120802" 0.00262106283490636 0.00109736532524713 0.00559991108562975 0.00650864655919268
"ENSG00000105576" 0.000926138622229414 0.00129078192021378 0.00181449191400983 9.12925048016636e-06
"ENSG00000183763" 6.27940299477329e-08 0.00069377034985168 0.000411041227970319 0.000455915869002561
"ENSG00000213186" 1.11590448569398e-08 0.00131245146086442 0.00019560062507267 1.38891698524396e-07
"ENSG00000099899" 0.000220769605704652 0.000854423631352547 1.03948719755224e-06 4.14060939886762e-08
"ENSG00000116830" 0.00283512450644564 9.54915237236234e-08 0.000948469914443817 0.00339578507983165
"ENSG00000167552" 0.00127809087587747 0.000872983168372684 0.00365363281989589 0.00304237407466203
"ENSG00000196230" 0.0108852880677822 0.00747221195921915 0.0216151679165085 0.0355936678235612
"ENSG00000137267" 0.000457968056129975 1.7982034261002e-07 9.17751902762643e-05 1.25798869184448e-06
"ENSG00000188229" 0.0029084509999948 9.32558691275781e-07 0.00404758109194535 0.00488353962439473
"ENSG00000108423" 0.000618619783734537 0.000563646431152873 0.000300035014107054 1.05360170878086e-07
"ENSG00000137831" 0.000358186817773923 9.1233824415808e-09 8.27927766992804e-08 4.69381662297225e-08
"ENSG00000175063" 0.00022315422272088 0.000742127581667081 0.0112950995078875 0.00264033239069591
"ENSG00000131475" 0.0020571929035856 0.00236225425544807 0.00157678892363347 6.47047660692627e-08
"ENSG00000009844" 0.00186683560983227 0.00501759537320206 0.00144630421995966 0.00126860651937415
"ENSG00000109046" 0.0156248167665479 0.00893381242413183 0.00603373685261339 1.13891344036963e-06
"ENSG00000198466" 0.000701415634907422 1.76613604274646e-08 7.89149778037665e-05 4.08000232728785e-05
"ENSG00000174276" 7.59817809130439e-05 7.93288836520791e-05 3.78777492326602e-08 0.000247938957288192
"ENSG00000135541" 0.00160134092777042 0.00132714356810616 0.00140163605194994 0.000511893377060567
"ENSG00000135334" 0.00151008245272519 0.00144968314398271 0.000812331865932418 1.61191132860991e-07
"ENSG00000154945" 1.21201191915567e-08 0.00214626382259789 1.90283650952617e-08 2.4969933144318e-08
"ENSG00000136938" 0.00689978449322741 0.00755559032298548 0.0057708287828872 0.00553059163153713
"ENSG00000143401" 0.00438618872062886 0.00427657994623549 0.00658418356845342 0.00268687107866949
"ENSG00000170540" 0.00382796060775625 0.00193454133124787 0.00563200405485277 5.67090000510328e-08
"ENSG00000171681" 0.00152315012382458 0.00176189437936736 0.000285725166243477 7.52085261492496e-06
"ENSG00000087586" 0.000323497396108845 0.000312688192230553 0.00567055685193189 2.26587630610662e-07
"ENSG00000110330" 0.00320033789438291 0.00353223189649784 1.35175558142073e-07 1.98430109318675e-06
"ENSG00000089685" 4.75966369773942e-08 0.00121249737267076 0.00317323476709685 0.00116764576977547
"ENSG00000169679" 1.26287525098924e-05 0.00193054783764614 0.00472465544818942 0.00208539078933039
"ENSG00000182985" 0.000752162643072256 0.000204395195062599 1.72829794153188e-08 2.62784650126288e-08
"ENSG00000115355" 0.00443868471844968 0.00550020688233606 0.00232431634656224 1.054797398608e-05
"ENSG00000137500" 0.00190657453981172 0.00520766706919728 0.00141333335825105 0.00156256166690785
"ENSG00000157456" 0.000127808134897469 0.00131012759519349 0.00738042360719827 0.000682286933408822
"ENSG00000117399" 0.000301142184461997 2.80745146665407e-06 0.00445921231422827 1.13653499267019e-07
"ENSG00000101224" 0.00023819824824897 0.00120815116071887 0.00331060252757482 2.13477134053274e-07
"ENSG00000004897" 0.00107311378287631 0.00228915532544151 0.00116735594028322 1.1304448926703e-07
"ENSG00000128283" 5.88024628011727e-09 5.80202084776475e-09 6.8943569647506e-09 9.6810965810941e-09
"ENSG00000115163" 0.000126760637200297 0.000110209683373475 0.000937661709265972 0.000692317221577666
"ENSG00000138778" 0.000181012403808615 0.00160395867043127 0.00829277601971873 9.55921660060775e-08
"ENSG00000117724" 0.00125369513461799 0.000164834694224127 0.0133378775095611 0.00389540769015425
"ENSG00000138180" 0.000228799426414671 3.51591671050125e-07 0.0030659821048301 0.000794680311053348
"ENSG00000122966" 9.71552139590802e-08 0.000742198129692196 0.000541881108734089 0.000296712689920528
"ENSG00000175216" 0.00222086423514882 4.79912844242487e-07 0.00494406900530334 0.00134481882275979
"ENSG00000173207" 0.00106502699452811 0.00577069000863968 0.00923849795693135 0.00766539368441422
"ENSG00000123975" 0.00656512525818822 0.00309772616745498 0.0296887416985705 0.00919975211249365
"ENSG00000182973" 0.000520463754978271 0.00150324504989553 1.57725550161629e-06 0.00126700613154637
"ENSG00000170037" 0.000360839280218196 1.52645330552179e-05 0.00079592183672827 0.000769685810924907
"ENSG00000102974" 0.00266053908709774 2.18962087478744e-06 0.00158186675944779 0.00137892476763524
"ENSG00000044115" 0.00171407369872062 0.000874445868155278 0.00105268681264901 0.00167706493076541
"ENSG00000198561" 0.000375836248743684 0.00217926948830813 3.27650972855017e-08 2.86337352354734e-07
"ENSG00000024526" 5.37191286484445e-08 0.000486810551602909 0.00245460620720833 0.000207094043392491
"ENSG00000035499" 5.46088211273703e-05 0.000544852555863613 0.00123826574400505 7.8281277425522e-07
"ENSG00000139734" 8.06303732451487e-07 0.000481454149573553 0.000881449423974475 0.00185481728802152
"ENSG00000126787" 0.000583791148559204 0.000577663906904393 0.00654998310975958 0.000568526369198744
"ENSG00000086061" 0.00911461065757961 0.00297415535440546 0.00464478781853461 0.00563491586213538
"ENSG00000117505" 0.00279245882510202 4.6957370186812e-07 0.00164780121048886 0.001935725783103
"ENSG00000198919" 0.000406526614527289 0.0019213715352337 0.000450795490544936 0.000505410630498665
"ENSG00000133740" 1.63792753050136e-08 0.00103524017840261 1.60362915945824e-08 3.26179289250658e-08
"ENSG00000114346" 7.19404820915525e-05 0.000562646906014576 0.00258660157735341 7.17254495998752e-05
"ENSG00000129195" 1.14512210311956e-08 0.000100370469989623 1.57088699002821e-05 6.93176904557283e-08
"ENSG00000111206" 2.89490451678365e-08 2.71044316296975e-08 0.000113421799939052 0.00142057757577148
"ENSG00000010810" 0.00118337696902608 0.000692453683404314 0.000333094544368499 0.000325765157715908
"ENSG00000116717" 0.00151048949078617 0.00298832878144747 0.000152530432602377 0.000865588559516356
"ENSG00000120053" 0.00118786414530602 0.000422444377331414 0.00175257621996407 0.000776446503522424
"ENSG00000198055" 0.000356834207846398 0.00054672011863679 0.000743507211964161 0.000678922559567268
"ENSG00000075218" 0.000246482108334817 0.000294462797478017 0.00418412001111545 0.00184309896719133
"ENSG00000172534" 0.000915197485290281 0.000519549403217006 0.000560088763280899 0.00385488067667546
"ENSG00000064961" 5.01121856045502e-05 0.000478057121688469 0.000233178226352056 0.00039343938270298
"ENSG00000029993" 1.01776540070348e-05 0.00043476854627797 0.000821385943083882 3.66689781550347e-07
"ENSG00000072571" 0.00125574410162347 1.74869542396907e-07 0.0100275419479564 9.2609818409407e-06
"ENSG00000100099" 0.000932688319272125 0.00273163138125476 0.000212385824852127 0.000327280965619801
"ENSG00000153936" 0.00232631459332692 6.73863599457467e-05 0.000704697406745798 0.00105104329776097
"ENSG00000155304" 0.000693919704654385 0.00317314843130069 0.0017348487631153 0.000965021865738857
"ENSG00000109971" 0.00889825975790639 0.0083257355761542 0.00583679510903354 0.0198873001757389
"ENSG00000132849" 0.000775507653832257 2.48589030315679e-08 1.191388264114e-08 5.0826868295089e-05
"ENSG00000118193" 3.02336539319403e-05 0.00065959914411617 0.00323019702478864 1.62044749350909e-06
"ENSG00000142945" 0.000446638702669341 0.00049782851822023 0.00427304113096259 1.82462273738838e-05
"ENSG00000119138" 0.000898956216700342 6.87730758051889e-08 0.000556766267769028 0.00110865720649204
"ENSG00000160789" 0.00307764873039214 0.00128015428413378 4.91018985868545e-07 5.66790646068488e-07
"ENSG00000148773" 0.000983993482004538 0.0016365699358734 0.00914921653357921 0.00938705184596619
"ENSG00000130396" 0.00107011943358174 0.000445705373084397 0.000779625647919616 0.0020454762945437
"ENSG00000204899" 0.0010718301468355 0.00223828943655158 0.00283704097256028 0.00429393917888663
"ENSG00000010292" 2.2580462301563e-06 0.00227430590798466 0.00408439519206147 0.00255675872899278
"ENSG00000117650" 0.000396735748296795 2.93451122775405e-08 0.00268526078495918 2.51522188169221e-08
"ENSG00000143228" 9.64182473057533e-05 0.000657617243246118 0.0044192831310598 0.00250266749673065
"ENSG00000163002" 0.000228225075419943 0.000744433638198319 0.00165243122124158 1.05018190571081e-06
"ENSG00000110713" 4.69387741586743e-05 0.00233702389858688 0.000588031013126656 5.81887310828646e-07
"ENSG00000136811" 0.000563771909696663 2.06160711471692e-06 0.00124297323727344 0.000693598795149605
"ENSG00000149716" 0.000104366567255187 0.000131091350897439 6.91704902427922e-06 2.24036203978812e-08
"ENSG00000168078" 0.000184419119024076 0.00212899179163413 0.00379023076127757 2.76496382076079e-05
"ENSG00000165494" 0.00202154440454792 0.000542845724563289 0.00080648068910708 0.00126925477640129
"ENSG00000166851" 0.000588800300059301 1.3158555027581e-07 0.00549541502365009 0.000708359250973907
"ENSG00000164087" 0.000260669632481648 1.63536867266067e-08 0.000585041641962066 0.000434583456577519
"ENSG00000196313" 0.000267943915432805 0.000651178875210037 3.72224455103584e-05 9.16012573226411e-08
"ENSG00000161542" 0.00019998278115567 0.00147210689447368 0.000155948050293841 0.000491030871921757
"ENSG00000068489" 0.00113424598434193 0.000908516307096614 0.00742580619625539 0.00154594283739461
"ENSG00000157778" 0.000687540357497318 2.95003660079781e-08 0.000103945567485519 0.001144450487402
"ENSG00000112245" 0.00378154130457095 0.00361121773705626 0.00116809288780762 0.00340354991651232
"ENSG00000169410" 0.000419904029224294 0.000689793635450422 9.13055032635334e-05 0.000157581393341503
"ENSG00000136045" 0.00568078572226593 0.00118874881987077 0.00131140038303235 0.00323258499772672
"ENSG00000198218" 0.000482625760003002 0.00168291314099826 0.000714370038823961 0.00120842339320155
"ENSG00000108384" 0.00173231379605617 0.00100037662305212 0.000798753236399184 0.00331026825668874
"ENSG00000131795" 0.00238881918403421 0.000607716012031173 0.00201816086191761 0.00199330970533798
"ENSG00000159200" 8.72469910491925e-05 0.00060826177323289 1.7342912132769e-08 7.70701050814359e-08
"ENSG00000142599" 0.00199066051192149 0.0023306452578066 0.000945381080944799 0.00081714908194233
"ENSG00000070423" 0.000427423298513565 0.000326537860404287 0.000260719217768923 0.000702641940734778
"ENSG00000205937" 0.00083949359359155 0.00213275913205392 0.000605091455686798 0.00118238938985733
"ENSG00000160214" 0.000342398444416964 0.00020726411413873 6.15287207219673e-08 0.000375420769860318
"ENSG00000086475" 5.2575581396144e-05 0.000203501392038705 4.16436713977696e-08 0.000879814546702859
"ENSG00000183955" 0.000501603749176465 6.66897861552358e-08 0.00119978093150822 0.000796732733096945
"ENSG00000116560" 0.00730824379034317 0.00699973295259304 0.00567123443904693 0.00324943387060587
"ENSG00000163535" 0.000922257766208709 3.01302594152232e-08 0.0062459062805811 0.00186617134095639
"ENSG00000171241" 0.000340040072237276 8.91401553000765e-07 0.0035650657092009 0.0010473658178899
"ENSG00000099956" 0.000632712502138421 0.00137566865404139 0.00119286784866704 0.000485987770885227
"ENSG00000066117" 0.000604828154340577 0.000211906499103125 1.93252609518334e-06 0.000311350423468707
"ENSG00000076382" 0.000547832688150316 0.000630742406400325 0.00432290904763455 0.00337205892110921
"ENSG00000115306" 0.011972499654951 0.00142808076870076 0.00424293794224897 0.00218219184165786
"ENSG00000112658" 0.000877598545649483 0.000258335015168808 0.000509451958912142 8.50140074351243e-05
"ENSG00000112081" 0.00599370562628249 0.0123972348483568 0.0101116771596126 0.00673105485664266
"ENSG00000141380" 0.000357324141775291 0.00110398737593501 0.000685500695137919 0.00149431075451431
"ENSG00000110066" 0.000781632660117419 0.00118247042165491 0.000171170106657536 0.000691134576702634
"ENSG00000013810" 1.01946927704082e-05 0.000168289920232166 0.00155095388440126 0.000958336011501129
"ENSG00000054118" 0.00421798595897432 0.00694837468512901 0.00194474257235423 0.00719097487598356
"ENSG00000140332" 0.00254977490745315 0.00132364708643898 0.000648334511823326 0.00258415245468871
"ENSG00000149483" 0.00105196175864088 0.00094653092130926 0.000432938320753832 0.000882154836422811
"ENSG00000083312" 0.00126636065502032 0.0011238641509679 0.00147555957466003 0.00159238920628352
"ENSG00000025772" 0.000936342105547116 0.00093163803855629 0.000810484202839919 0.000337118347031244
"ENSG00000088325" 0.000224290399459945 0.000664059529394749 0.00572219989693049 0.00260000895854382
"ENSG00000071539" 6.10245435541771e-05 2.77844336640048e-06 0.000309338941905286 0.00110369771180303
"ENSG00000074319" 0.00190747746518541 0.00101533181511604 0.000952010085531921 0.00144901541815098
"ENSG00000211460" 0.00100029149470334 0.000856223800359004 0.000542600756566158 0.00239810313652837
"ENSG00000112742" 3.43292616898122e-08 0.00137390385445835 0.00242978687262567 0.00244815645528798
"ENSG00000115514" 0.00326393360036935 8.09498890444469e-08 0.00179669819555793 0.0017094825541364
"ENSG00000198431" 0.0007650858837643 0.00178654083131934 9.82702388160481e-05 0.00122494068772807
"ENSG00000109332" 0.0109241914636001 0.00858502070978752 0.00516777274658961 0.00292167768701101
"ENSG00000058056" 0.000335292083539937 1.1676748210475e-08 0.000131943555551344 3.92008960932486e-08
"ENSG00000156256" 0.0034167736140935 0.00178031804622221 0.00329431626078263 0.00171404515436436
"ENSG00000173218" 0.000473272017759375 9.48581737641297e-09 0.000284952437495723 9.21736459121537e-08
"ENSG00000170473" 0.000369833868863544 0.000808455271973887 0.000802644804700263 0.000285601479417795
"ENSG00000128245" 0.000591631438989603 0.00123031033434469 0.00242262220151199 0.000985084819435207
"ENSG00000091732" 0.00208859583794208 1.89966034467626e-07 0.00034206018707913 0.000588329943378229
"ENSG00000005889" 0.000503630070717336 1.05910133631093e-07 0.000321249243854774 0.000678741284095301
"ENSG00000197056" 0.000186374671221666 4.52559065986562e-08 8.14916631212409e-05 1.04912482195419e-08
"ENSG00000010244" 0.0074063959594505 0.00463674711739593 0.00333332118560134 3.54068503429026e-05
"ENSG00000173744" 0.00255962756245241 0.00196256425841187 0.0012473234594642 0.00131378956926665
"ENSG00000160216" 0.002679815384979 0.00130482102022364 0.00128477790130492 0.00142348313439624
"ENSG00000170776" 0.0066511031054087 0.009150959479862 0.00146028449633918 3.45763308380031e-07
"ENSG00000169604" 1.27992103743452e-05 7.04860770548917e-09 7.03604209015144e-09 1.08360506387477e-08
"ENSG00000151929" 5.88024628011727e-09 5.80202084776475e-09 6.8943569647506e-09 9.6810965810941e-09
"ENSG00000132640" 2.3016285254519e-08 0.000656404418492176 6.20449566137888e-08 9.02757511208503e-08
"ENSG00000122565" 0.00951825722312694 0.00639159598122418 0.00610478852738488 0.0151872492222223
"ENSG00000070831" 0.00782898554367483 0.00576055081500261 0.002422803277877 0.00773896416851372
"ENSG00000134058" 0.00230199823053087 0.00056281477761124 0.000656598358860159 1.83413427901579e-05
"ENSG00000100526" 0.000333569649246699 0.00185622818675628 0.0108065953397759 0.00140714006736631
"ENSG00000114107" 0.000597462049433141 1.47953893374801e-08 0.000815489879857635 6.19027608764607e-05
"ENSG00000143771" 0.00263862079009239 0.0038938762415586 0.00409417397884668 0.00148624930264474
"ENSG00000198730" 0.00129824495086263 0.00300367368903501 0.00107531805909947 2.00532140755095e-05
"ENSG00000150316" 0.00491095774964292 0.00616324357514983 0.00140432690888662 0.00234227725722603
"ENSG00000162290" 0.00189238071833763 0.0012606174429117 0.000768493460765748 3.89061382516617e-07
"ENSG00000104671" 0.000635798013197047 0.000369778413257307 0.000986253133722801 0.00112276444746786
"ENSG00000182108" 4.44823902658521e-08 0.00010095675448115 1.06816714447492e-08 1.80447962742059e-08
"ENSG00000130826" 0.00276324977826493 0.00221730713677022 0.000682732159378621 0.00269450031843238
"ENSG00000105993" 0.00238519509689779 5.50741445193363e-06 0.000691379891307039 0.00132864358692516
"ENSG00000096696" 5.88024628011727e-09 5.80202084776475e-09 6.8943569647506e-09 9.6810965810941e-09
"ENSG00000088986" 0.00461423844682731 0.00480497074327687 0.00357780440651574 0.00550474583774321
"ENSG00000134014" 0.000773863403679241 0.000735506614852164 0.000121259956248812 0.000572197204099903
"ENSG00000160767" 0.00033045567282236 0.000229109961345602 4.03683311134167e-05 0.000154566164719428
"ENSG00000139146" 0.00592522133837671 0.00511881877371766 0.00284225435762618 3.08764071559793e-07
"ENSG00000133393" 0.00081005085948716 0.0051036050019385 0.000658727435047368 5.36020074286232e-05
"ENSG00000141568" 0.00140746772461448 0.00102212616301713 0.000215206344588051 0.00197357037471535
"ENSG00000114416" 0.00798426542558405 0.00579246062670835 0.00217281194468972 0.000640661842738239
"ENSG00000145907" 0.00407327214198187 0.00179122606843537 0.00293845078451316 0.0042956491204443
"ENSG00000179348" 5.88024628011727e-09 5.80202084776475e-09 6.8943569647506e-09 9.6810965810941e-09
"ENSG00000078369" 0.00399568616587925 0.00988607938608678 0.00341514100318549 5.79419070038609e-07
"ENSG00000109519" 0.00344071571774616 0.00133008727845069 0.000896382123560565 0.00174833584947308
"ENSG00000103342" 0.0042432816075108 0.00345298277400453 0.00171391811459508 0.000583388079605063
"ENSG00000125484" 0.000503546468831645 0.000912270030792984 0.000545869443866907 4.22457280041219e-08
"ENSG00000100644" 0.00249281450108541 0.00161832415390069 0.000383676951502689 0.00203121230542385
"ENSG00000113161" 0.00214218095346341 0.00210397623998161 0.00056859247693079 0.000758935351175819
"ENSG00000198189" 0.000476940402134391 0.0014455104213402 0.00079988297812368 1.92951815978516e-05
"ENSG00000143621" 0.00614478293702525 0.00233167317276654 0.0023353107748551 0.00691821172351312
"ENSG00000171988" 0.00249306075928416 0.00413066801035251 0.00176308153138762 0.00144196702575179
"ENSG00000117139" 0.000525366411237057 0.00101028912811358 0.000208505222312211 7.06930241920345e-08
"ENSG00000100578" 0.000532098005147824 0.00100284928752667 0.00156153364909331 0.000103331550911073
"ENSG00000108424" 0.00670186217074763 0.00983842650952095 0.00436647389064055 0.00505357548909784
"ENSG00000133703" 0.000472019744004358 0.000508129225178331 0.00121479977229109 0.00124051384606535
"ENSG00000155506" 0.00315185324941417 0.0053832644062708 0.0018967860320763 0.00111535584812386
"ENSG00000174720" 0.00483499984895358 0.00385738242163724 0.00229929547597387 0.0026180507501189
"ENSG00000121931" 0.00252307197159409 0.00189392348146673 0.000721011913988442 0.00231184704506509
"ENSG00000145220" 0.00200944643205495 0.000892750720940595 0.000548754804304383 0.000955983755967642
"ENSG00000123562" 0.00599239520048581 0.00268433609278082 0.00269594562215711 0.00289296809398573
"ENSG00000115364" 0.00136039990418265 0.00163716988991408 0.000472918565890199 0.00101908544504501
"ENSG00000204568" 0.00675109737173057 0.00498917826647433 0.001967364050544 0.00208381719549145
"ENSG00000122140" 0.000685449479273881 0.00115187026361847 0.000392537499862104 6.0711498289834e-07
"ENSG00000188895" 0.0016395697677297 0.00121010508326116 0.000626743817455741 0.000552771510082436
"ENSG00000105887" 0.0016774675814208 0.0010205803379183 0.000350735476965546 0.000372572532516023
"ENSG00000124151" 0.00664507806760097 0.00710135807207163 0.00239685197240386 0.00289277860599657
"ENSG00000162599" 5.88024628011727e-09 5.80202084776475e-09 6.8943569647506e-09 9.6810965810941e-09
"ENSG00000108256" 0.00216456926337688 0.00135390768965446 0.00110502925914907 1.97693439531296e-05
"ENSG00000075188" 0.00106443942157662 0.0044131658967347 0.00308787424030331 8.93815988796987e-06
"ENSG00000054277" 1.38887135683042e-08 0.00029034516268063 8.45704317597684e-09 6.13397595084078e-08
"ENSG00000111845" 0.000615837247258373 0.00144497773377764 0.000244259250627123 0.000718997097646932
"ENSG00000105355" 0.00184420663919423 0.00318156073248003 0.00454307965821748 7.83619999879177e-07
"ENSG00000113575" 0.000814341013584609 0.00266909381967689 0.000706207074656085 0.00188266094128683
"ENSG00000221914" 0.00325212292795064 0.00223928989936343 0.00135600132219759 0.00157986357626526
"ENSG00000110075" 0.00102422854071402 0.00274758856939173 0.00120495426013552 1.32593891702362e-07
"ENSG00000198901" 0.000903678170308389 3.28839339341963e-07 0.00533287195813675 0.00282025565897548
"ENSG00000080815" 0.00110537964516864 0.00241645590484619 0.000902518033746534 1.0871104251866e-06
"ENSG00000159335" 0.000627389328123352 0.00064260118192215 0.000406092103795978 3.35154178501197e-08
"ENSG00000164611" 0.0027597504526575 0.0111740342259567 0.0198466174325672 0.00543319306406886
"ENSG00000164754" 0.00194350733825814 0.00496207048464982 0.00593318893390334 0.00527865206656234
"ENSG00000132341" 0.0296025392079311 0.0129779746284272 0.0169277459014818 0.0208369039887778
"ENSG00000106615" 0.000707358690718248 1.69560426858748e-07 0.000295614622768131 2.85372175961822e-08
"ENSG00000142541" 0.103997125347676 0.0771321459366598 0.0252629219771376 0.029023603622565
"ENSG00000196950" 0.000316370864922694 0.000354322407649927 0.000261017199572833 0.000417263612139401
"ENSG00000169371" 0.000326722365889112 0.00155491601396081 0.00145683070703948 4.1649926569991e-06
"ENSG00000118007" 0.00112863509138738 3.82367319051612e-05 0.000908020936653998 0.000132304131685854
"ENSG00000135316" 0.00476074258928504 0.00319614187281243 0.002747569526766 0.0064595145738202
"ENSG00000085231" 0.00669648660400149 0.0058999671330223 0.00380712718803159 0.00130017555643291
"ENSG00000113649" 0.00243369295917871 0.00519206507530452 0.00165790458548614 7.20401597194473e-07
"ENSG00000183864" 0.00349034493198782 0.000978957334711408 0.00196192614991101 3.03419836450517e-07
"ENSG00000198900" 0.00474455439177193 0.00194106295983784 0.0017575944167453 0.00598905331732974
"ENSG00000135451" 0.000161596298251148 0.000681564425354104 0.0017304889620955 6.64512573396011e-07
"ENSG00000102804" 0.000150752073815573 0.000177654751346586 0.000152229080585356 2.30818248332649e-08
"ENSG00000130338" 0.000531456135942184 1.96172673087077e-05 0.000521360501551616 0.000277290181997682
"ENSG00000035403" 0.00131573237421469 0.000413982512324381 0.000424496733115074 7.5686009549573e-08
"ENSG00000171475" 0.000719597188700745 0.00244882112706049 0.000866820313071848 3.84744178605231e-07
"ENSG00000113645" 0.000102182828318849 1.79126459423605e-07 1.14517068420445e-08 2.10708561867899e-08
"ENSG00000100811" 0.00517235697979176 0.00281466123873129 0.00269696009273398 0.000801319506214604
"ENSG00000178951" 0.00117799126313041 0.000679424275012465 9.22941652594176e-05 0.000715768616050146
"ENSG00000155329" 0.00199595539580022 0.00329621792869011 0.000836143775383422 0.00168918360672606
"ENSG00000172466" 0.0043164796637119 0.00161339006184904 0.000927244142944878 2.60185845840639e-07
"ENSG00000162702" 0.00270773049010494 0.00117865171162159 3.62185437847872e-07 1.24046713233712e-07
"ENSG00000142684" 0.00124880357027202 0.000518540006637453 1.89936654127611e-07 0.000593746882483799
