"1" "2" "3" "4"
"NA19098.1.A01" 0.740371107974703 0.184392467597955 0.0742685047931716 0.000967919634169901
"NA19098.1.A02" 0.837003962406519 0.0842700223539083 0.0774286924947104 0.00129732274486194
"NA19098.1.A03" 0.730441492209402 0.144502975558951 0.124771712919248 0.000283819312398581
"NA19098.1.A04" 0.729128967292022 0.163261920711246 0.106399859160258 0.00120925283647383
"NA19098.1.A05" 0.805859331074082 0.124392736963866 0.0678613357144488 0.00188659624760339
"NA19098.1.A06" 0.842976271232761 0.0835262870729734 0.0725369254940252 0.000960516200240352
"NA19098.1.A07" 0.810492989680399 0.104744658735669 0.0845184448730639 0.000243906710867993
"NA19098.1.A08" 0.878883770239989 0.0788654488543518 0.0414583769790921 0.000792403926567477
"NA19098.1.A09" 0.845794532288235 0.0631874152463736 0.0894178554100525 0.00160019705533879
"NA19098.1.A10" 0.873678835486601 0.0759495979725256 0.0493424820910304 0.00102908444984264
"NA19098.1.A11" 0.793557225154962 0.131505134848532 0.072646706855692 0.00229093314081422
"NA19098.1.A12" 0.875199273823095 0.0707418548597806 0.0531468784234375 0.000911992893686676
"NA19098.1.B01" 0.899553404065351 0.0585382110733804 0.0416068146218297 0.000301570239438617
"NA19098.1.B02" 0.846048747303909 0.0730196158078764 0.0788664123703953 0.00206522451781909
"NA19098.1.B03" 0.740013938821748 0.188058408801944 0.06956487684316 0.00236277553314806
"NA19098.1.B05" 0.846398519474882 0.103289097868121 0.0495609343654884 0.000751448291507943
"NA19098.1.B06" 0.792349325924286 0.152664666859779 0.053292435771591 0.00169357144434441
"NA19098.1.B07" 0.891336703354396 0.0591142640609879 0.0488984125571702 0.000650620027446325
"NA19098.1.B08" 0.887151125876021 0.0730253024208209 0.0324683191424233 0.00735525256073462
"NA19098.1.B09" 0.751230959020066 0.163212446828847 0.0808434482206983 0.00471314593038912
"NA19098.1.B10" 0.556579608864083 0.24177691590944 0.201314937900807 0.000328537325670425
"NA19098.1.B11" 0.759109279217536 0.158537644862465 0.0822738459187625 7.92300012365888e-05
"NA19098.1.B12" 0.881253062025697 0.0731868321334318 0.0447282084977515 0.000831897343119533
"NA19098.1.C01" 0.865146161585777 0.0790983351439031 0.0538656752293716 0.00188982804094803
"NA19098.1.C02" 0.879899716517435 0.0805514778059592 0.0386147455691429 0.000934060107463245
"NA19098.1.C03" 0.807226002795586 0.123937040988464 0.066309353660599 0.00252760255535123
"NA19098.1.C04" 0.801085684764778 0.123994294747577 0.0747858477068438 0.000134172780800352
"NA19098.1.C05" 0.789573562807095 0.157876011860375 0.0518219520381604 0.000728473294369739
"NA19098.1.C06" 0.82265851392486 0.144897478388014 0.031226050894449 0.00121795679267676
"NA19098.1.C07" 0.865433445073515 0.0872799177825849 0.0420968439736319 0.0051897931702677
"NA19098.1.C08" 0.757994816300628 0.153016660327126 0.0886603757989109 0.000328147573335531
"NA19098.1.C09" 0.81870448978556 0.111996129774213 0.0690950328101195 0.000204347630106988
"NA19098.1.C10" 0.892553637597512 0.0585582439482708 0.0480752053453485 0.000812913108869079
"NA19098.1.C11" 0.864474869943251 0.100882778398197 0.033845280043024 0.000797071615528424
"NA19098.1.C12" 0.727251353814456 0.192921778588387 0.0762848856747893 0.00354198192236796
"NA19098.1.D01" 0.754352536320498 0.179117699754435 0.0659718934923231 0.00055787043274415
"NA19098.1.D02" 0.832587014924213 0.122592367952335 0.0438086025802493 0.00101201454320244
"NA19098.1.D03" 0.884120600234156 0.060919289982801 0.0530990002667461 0.00186110951629664
"NA19098.1.D04" 0.840518451334715 0.110452210735663 0.048704331288552 0.000325006641070709
"NA19098.1.D05" 0.678883752910135 0.21791463212912 0.103087177480892 0.000114437479852792
"NA19098.1.D06" 0.876731275099372 0.0852002721452535 0.0380213944006479 4.70583547265042e-05
"NA19098.1.D07" 0.473799573143052 0.403757776494747 0.121714577148187 0.000728073214013943
"NA19098.1.D08" 0.80296308468065 0.144471805715457 0.0499481925471251 0.0026169170567679
"NA19098.1.D09" 0.760389490747991 0.158260962525769 0.0774259407186291 0.00392360600761005
"NA19098.1.D10" 0.844493308113525 0.0940163425680422 0.0581000617202629 0.00339028759816963
"NA19098.1.D11" 0.726382893329046 0.166608653489077 0.105710007627968 0.00129844555390897
"NA19098.1.D12" 0.902602717681617 0.0532775592520243 0.0435366954014303 0.000583027664928548
"NA19098.1.E01" 0.810373898624135 0.102141050979205 0.0855319091174109 0.00195314127924889
"NA19098.1.E02" 0.842162176335693 0.111804999475601 0.0438504043584369 0.00218241983026904
"NA19098.1.E03" 0.870256197116944 0.0817502727746949 0.0474782957485833 0.000515234359777294
"NA19098.1.E05" 0.801383688750954 0.103356930397283 0.0938671536797723 0.00139222717199007
"NA19098.1.E06" 0.830068815199318 0.113795942813677 0.0543929801522874 0.00174226183471778
"NA19098.1.E07" 0.716131606017987 0.217992256738165 0.0650624199672174 0.000813717276630124
"NA19098.1.E08" 0.879327328548787 0.0834805630694741 0.0365466960852947 0.000645412296443951
"NA19098.1.E09" 0.824384006662293 0.111434383453053 0.0567158118391786 0.00746579804547554
"NA19098.1.E10" 0.866246676972238 0.0820039810224713 0.0502954448427842 0.00145389716250624
"NA19098.1.E11" 0.77411656456021 0.184970422476806 0.0371399620025517 0.00377305096043164
"NA19098.1.E12" 0.814187829834423 0.102444961739481 0.0830664921044977 0.000300716321598692
"NA19098.1.F01" 0.785037586037287 0.158973265470303 0.0471909447355511 0.0087982037568583
"NA19098.1.F02" 0.89771789493468 0.0567644449417135 0.0453419187298759 0.000175741393730665
"NA19098.1.F03" 0.880602067409946 0.0720474719870877 0.0472759099794013 7.4550623564906e-05
"NA19098.1.F04" 0.666531361348792 0.181772148432479 0.151625800904742 7.06893139868835e-05
"NA19098.1.F06" 0.513504992547826 0.336692064578789 0.149421851517852 0.000381091355533641
"NA19098.1.F07" 0.732816159570173 0.172927823142971 0.0934058947101591 0.000850122576696508
"NA19098.1.F08" 0.793115340526328 0.132458831035027 0.0729699583677092 0.001455870070935
"NA19098.1.F09" 0.851893898450878 0.0668471910367967 0.0749656584475922 0.00629325206473303
"NA19098.1.F10" 0.890067655417005 0.0528812882977821 0.0570134439138357 3.7612371376993e-05
"NA19098.1.F11" 0.862653727213519 0.0860077027743224 0.0510258113904053 0.000312758621753052
"NA19098.1.F12" 0.801086983944121 0.130827776943357 0.0623043211507333 0.00578091796178873
"NA19098.1.G01" 0.7490259451151 0.167632162090525 0.0831015446586711 0.000240348135704093
"NA19098.1.G02" 0.855519336340816 0.0648506137659977 0.0795294105599778 0.000100639333208419
"NA19098.1.G03" 0.742108999487216 0.177162397054264 0.0791390220718339 0.00158958138668633
"NA19098.1.G04" 0.810011214144311 0.119672831311284 0.0688618953182663 0.00145405922613872
"NA19098.1.G05" 0.848193336184529 0.0996272218794655 0.0514209785418907 0.000758463394114409
"NA19098.1.G06" 0.814136027320644 0.116006712530077 0.0681454172311083 0.0017118429181707
"NA19098.1.G07" 0.767867304649313 0.170149225775105 0.0610846681278258 0.000898801447756268
"NA19098.1.G08" 0.814353946372249 0.0857156018245663 0.097445638951176 0.00248481285200878
"NA19098.1.G09" 0.826489978414194 0.0987564519519703 0.0741091550354808 0.000644414598355221
"NA19098.1.G10" 0.861689727966471 0.0718716409250865 0.0663632577950958 7.53733133461851e-05
"NA19098.1.G11" 0.873818662099837 0.0805946508411759 0.0454927862262568 9.39008327304187e-05
"NA19098.1.G12" 0.794355174959417 0.128887937247561 0.0765886602876747 0.000168227505347104
"NA19098.1.H01" 0.86371937222291 0.0775001504115276 0.058093549778883 0.000686927586679568
"NA19098.1.H02" 0.754101634993312 0.169922714922993 0.0753874248105391 0.000588225273156383
"NA19098.1.H03" 0.732535555212273 0.185832350903994 0.0812070919330702 0.000425001950663061
"NA19098.1.H04" 0.825238152256856 0.108556768351729 0.0660670895763987 0.000137989815015775
"NA19098.1.H05" 0.856683206651462 0.0798955952691805 0.0629103742996838 0.000510823779673894
"NA19098.1.H06" 0.609914453499589 0.267116098344585 0.122398785067378 0.000570663088448772
"NA19098.1.H07" 0.759030742364178 0.169808595927093 0.0710771871195784 8.34745891505361e-05
"NA19098.1.H08" 0.589641396215093 0.220965478751805 0.188827962192611 0.000565162840491026
"NA19098.1.H09" 0.643155583958329 0.100641530456889 0.251155597978434 0.00504728760634712
"NA19098.1.H10" 0.830187952280871 0.0838419564445839 0.0851379446530954 0.00083214662144992
"NA19098.1.H11" 0.856285953663528 0.0994706492938227 0.0437754259133561 0.000467971129293127
"NA19098.1.H12" 0.750532534350505 0.162029108466198 0.0854675852515517 0.00197077193174554
"NA19098.2.A01" 0.0286566757268435 0.27911442548278 0.692167570070263 6.13287201136259e-05
"NA19098.2.A02" 0.550479051224282 0.0508250009486121 0.398467743087064 0.000228204740041884
"NA19098.2.A03" 0.547849257347005 0.0495853108697651 0.402505061073845 6.037070938477e-05
"NA19098.2.A04" 0.585750371264458 0.0128765907851282 0.401342783227068 3.02547233461107e-05
"NA19098.2.A05" 0.681268401790896 0.0522664011922709 0.266372696414768 9.25006020658819e-05
"NA19098.2.A06" 0.0148095497834794 0.136340599880821 0.848756478833097 9.3371502603014e-05
"NA19098.2.A07" 0.642744881434054 0.0485537975204462 0.30863110881251 7.02122329893244e-05
"NA19098.2.A08" 0.554519322036684 0.012609834101733 0.432827588787141 4.32550744416738e-05
"NA19098.2.A09" 0.0863280413670033 0.101731844794244 0.811653181065375 0.000286932773377919
"NA19098.2.A10" 0.495037907042699 0.0735620722581345 0.431107478020097 0.000292542679069111
"NA19098.2.A11" 0.543372569731185 0.0201223181194233 0.436469739469716 3.53726796750716e-05
"NA19098.2.B01" 0.0173705735622181 0.110937161100885 0.871566633562318 0.00012563177457901
"NA19098.2.B02" 0.590131894801898 0.0583142484926078 0.351476275603062 7.75811024321329e-05
"NA19098.2.B03" 0.595923588198141 0.0575529516828585 0.346359792722017 0.000163667396983594
"NA19098.2.B04" 0.514535120100893 0.0133611526459116 0.471934822939797 0.000168904313398079
"NA19098.2.B05" 0.57926514991805 0.0277608107530943 0.392918088492604 5.5950836251806e-05
"NA19098.2.B06" 0.618189534312097 0.0409922776230816 0.34064770380456 0.000170484260261844
"NA19098.2.B07" 0.556453706765954 0.0398733738876724 0.403468136961583 0.000204782384790208
"NA19098.2.B08" 0.617719112704802 0.0406587642544216 0.341581814593508 4.03084472683429e-05
"NA19098.2.B09" 0.574428088497716 0.0465886450252051 0.378894510578247 8.87558988312626e-05
"NA19098.2.B10" 0.643176245050491 0.0250130916797572 0.331775100837041 3.55624327110687e-05
"NA19098.2.B11" 0.0307379682935021 0.149926609138155 0.818556078095198 0.000779344473143956
"NA19098.2.C01" 0.539644608253309 0.105885706822177 0.354258991874198 0.000210693050315946
"NA19098.2.C02" 0.421507985588492 0.0492864682873397 0.529158604378846 4.69417453219618e-05
"NA19098.2.C03" 0.429184279981127 0.0475556557137149 0.523213179304105 4.68850010529232e-05
"NA19098.2.C04" 0.0201989725486071 0.000138386437051508 0.979573648769889 8.89922444523591e-05
"NA19098.2.C05" 0.473918062684228 0.0562243618723066 0.469740782035302 0.000116793408163215
"NA19098.2.C06" 0.494489679536426 0.161362475375007 0.344083003146302 6.48419422657702e-05
"NA19098.2.C07" 0.565390230986342 0.0897913330473195 0.344773337440741 4.50985255975462e-05
"NA19098.2.C08" 0.487435195348045 0.0320584520318772 0.480376712335795 0.000129640284281937
"NA19098.2.C09" 0.0688547241991959 0.188073157943992 0.742901660750612 0.000170457106199799
"NA19098.2.C10" 0.457684029926726 0.0582265056649642 0.484032863447609 5.66009607001632e-05
"NA19098.2.C11" 0.509776593426603 0.0173264380951257 0.472856789408613 4.01790696582797e-05
"NA19098.2.C12" 0.502700436177886 0.00322335229053984 0.494008013582874 6.81979487002135e-05
"NA19098.2.D01" 0.481532749248759 0.0575606580934006 0.459987596828875 0.00091899582896591
"NA19098.2.D02" 0.212948075241538 0.0944487368893337 0.692546611657768 5.65762113608899e-05
"NA19098.2.D03" 0.248577737387473 0.083532458455346 0.667855399858013 3.44042991682028e-05
"NA19098.2.D04" 0.467842356697789 0.118623214496597 0.413493300522092 4.11282835218853e-05
"NA19098.2.D05" 0.599877098846249 0.0454134873989325 0.354668607609367 4.08061454522036e-05
"NA19098.2.D06" 0.564984070732754 0.0658454791769598 0.36910604981998 6.44002703064803e-05
"NA19098.2.D08" 0.562446608588167 0.0589993686923777 0.377929465565696 0.000624557153759688
"NA19098.2.D09" 0.00670781083811984 0.172153947305429 0.820858701656371 0.000279540200080837
"NA19098.2.D10" 0.471496658897869 0.0862301495063541 0.442183835107901 8.93564878760476e-05
"NA19098.2.D11" 0.563307643694198 0.0560988704524845 0.380549819175611 4.3666677707147e-05
"NA19098.2.D12" 0.563876996233182 0.0294688182451044 0.406329148546354 0.000325036975359147
"NA19098.2.E01" 0.541617719666509 0.0365799682323603 0.421756451229051 4.58608720794763e-05
"NA19098.2.E02" 0.563841828528668 0.0220789807121291 0.413944846129929 0.000134344629274726
"NA19098.2.E03" 0.539368926063337 0.0204257123768686 0.439990047581311 0.000215313978483543
"NA19098.2.E04" 0.0266413691563928 0.133948153174793 0.839337199620601 7.32780482134289e-05
"NA19098.2.E05" 0.42637937107478 0.0523506100994692 0.521234137303738 3.58815220130779e-05
"NA19098.2.E06" 0.479871942051208 0.0174004891715466 0.502049594090334 0.000677974686911295
"NA19098.2.E07" 0.240782675922817 0.128061738642671 0.631047636422152 0.000107949012359396
"NA19098.2.E08" 0.625846462842419 0.0785060949774568 0.295598098433926 4.93437461985073e-05
"NA19098.2.E09" 0.620158038492184 0.00461546636113807 0.375147382546905 7.91125997733054e-05
"NA19098.2.E11" 0.616776534557853 0.0426341160006464 0.340555259872652 3.40895688481348e-05
"NA19098.2.E12" 0.453475497616614 0.0685587291314859 0.47769667470907 0.000269098542830291
"NA19098.2.F01" 0.0417098514678424 0.156517325067777 0.801653826710917 0.000118996753463973
"NA19098.2.F02" 0.561187599116826 0.0367927129411364 0.401925074909278 9.46130327599136e-05
"NA19098.2.F03" 0.555001727642252 0.0353531464665208 0.40960951927213 3.56066190965437e-05
"NA19098.2.F04" 0.495422655498165 0.123349513618073 0.381181395257906 4.64356258556721e-05
"NA19098.2.F05" 0.612943805930038 0.0275031648169841 0.359517189984849 3.58392681283173e-05
"NA19098.2.F07" 0.581816895370405 0.0590343381895771 0.357857392048834 0.00129137439118295
"NA19098.2.F08" 0.53144643962944 0.0454017632998812 0.422748621115359 0.000403175955320194
"NA19098.2.F09" 0.564049692067953 9.11461738882473e-05 0.4358024041909 5.67575672580945e-05
"NA19098.2.F10" 0.493293687856223 0.0470117692904529 0.459648899963168 4.56428901552366e-05
"NA19098.2.F11" 0.0520052292946481 0.137692585184929 0.810101856415497 0.000200329104925886
"NA19098.2.F12" 0.578592249305231 0.0106421025310104 0.410562870410533 0.000202777753225072
"NA19098.2.G01" 0.0778451318788328 0.132760282444936 0.78934260087172 5.19848045112006e-05
"NA19098.2.G02" 0.513449468289375 0.0366344089953131 0.449856020045603 6.01026697091146e-05
"NA19098.2.G03" 0.507702908867288 0.0345732110283503 0.45765711776183 6.67623425318048e-05
"NA19098.2.G04" 0.624713485103425 4.63178282194827e-05 0.375208806381517 3.13906868382319e-05
"NA19098.2.G05" 0.220619873342921 0.066966814180128 0.712325049967105 8.82625098460137e-05
"NA19098.2.G06" 0.490774103650426 0.033141004696817 0.475660517638311 0.000424374014445604
"NA19098.2.G07" 0.577410131970958 0.0510224325134427 0.3714927213332 7.47141824000593e-05
"NA19098.2.G08" 0.537454189804511 0.0679651969208714 0.39423000424903 0.000350609025587134
"NA19098.2.G09" 0.554843774572849 0.027927753203528 0.417193582671766 3.48895518573318e-05
"NA19098.2.G10" 0.0015129260182853 0.000257960384879064 0.997809235677857 0.000419877918978543
"NA19098.2.G11" 0.333032390583464 0.0761974898339645 0.590685520647693 8.45989348785768e-05
"NA19098.2.G12" 0.672480466353588 0.147791952550422 0.179257434446393 0.000470146649597022
"NA19098.2.H01" 0.0581264913200988 0.090866387192104 0.850879434548913 0.000127686938884628
"NA19098.2.H02" 0.420016288788105 0.0257538470160049 0.554160808935646 6.90552602437991e-05
"NA19098.2.H03" 0.413042995123183 0.0275109244928895 0.559388718127077 5.73622568500872e-05
"NA19098.2.H04" 0.493129336837549 0.0173688535937279 0.489450192894982 5.16166737414564e-05
"NA19098.2.H05" 0.536449860588052 8.63027443555954e-05 0.463409389280461 5.44473871318818e-05
"NA19098.2.H06" 0.463251756944759 0.0965655968779268 0.43984824032155 0.000334405855764722
"NA19098.2.H07" 0.000166673053406327 0.0719930263843525 0.927771036018682 6.92645435593506e-05
"NA19098.2.H08" 0.0173396962278139 0.16849864703897 0.813457609401026 0.000704047332190306
"NA19098.2.H10" 0.480539291782361 0.000348407028054461 0.519060540382363 5.17608072213351e-05
"NA19098.2.H11" 0.516365578828382 0.0408612304408117 0.442708080494342 6.51102364645248e-05
"NA19098.2.H12" 0.0600425708768564 0.157448852951387 0.782212393523229 0.000296182648527152
"NA19098.3.A03" 0.818463600456089 0.116200903465447 0.0652871231098164 4.83729686475745e-05
"NA19098.3.A05" 0.519899376222854 0.353172134392079 0.126878127471217 5.0361913850192e-05
"NA19098.3.A06" 0.740427409082231 0.201357391527979 0.0581877315746227 2.74678151672318e-05
"NA19098.3.A07" 0.553272547665789 0.30549646694619 0.141136449559398 9.45358286233904e-05
"NA19098.3.A08" 0.802540483426894 0.14729815905514 0.0499514684965114 0.000209889021455135
"NA19098.3.A12" 0.786738373274103 0.134699475502232 0.078515556036898 4.65951867664204e-05
"NA19098.3.B01" 0.706965404673712 0.182048511773564 0.110933488974288 5.25945784361803e-05
"NA19098.3.B02" 0.57067619485967 0.278400081308421 0.150790652210962 0.000133071620946791
"NA19098.3.B03" 0.820546229684446 0.116090525909976 0.0632418201954567 0.000121424210121611
"NA19098.3.B04" 0.852597080771514 0.116098192780324 0.0312656470060738 3.90794420883656e-05
"NA19098.3.B05" 0.838097830448523 0.111940044511105 0.0498500461007212 0.000112078939650749
"NA19098.3.B06" 0.607665829629746 0.24063728077425 0.151625463847075 7.14257489291511e-05
"NA19098.3.B07" 0.852062170137741 0.087730728897282 0.0597813220523732 0.000425778912604126
"NA19098.3.B08" 0.758278825463722 0.100679117602261 0.140357468751974 0.000684588182042047
"NA19098.3.B09" 0.82450581148915 0.0725425776789933 0.102831973751218 0.000119637080637999
"NA19098.3.B11" 0.822316792949152 0.149161664223724 0.0284491058224969 7.24370046267659e-05
"NA19098.3.B12" 0.78737301652908 0.162180986401574 0.0501269406096304 0.000319056459715545
"NA19098.3.C01" 0.794924451976079 0.143040317172395 0.0619986647957163 3.65660558104202e-05
"NA19098.3.C02" 0.640816262263885 0.148795193389292 0.210144811042419 0.000243733304404646
"NA19098.3.C03" 0.72080527748742 0.193920196412132 0.0848944030576943 0.00038012304275365
"NA19098.3.C04" 0.808782834279509 0.129508646093359 0.061677856838048 3.06627890844242e-05
"NA19098.3.C05" 0.809261453180283 0.134309471079152 0.0563637186415691 6.53570989956919e-05
"NA19098.3.C07" 0.524124981603811 0.340231556304059 0.135543264714122 0.000100197378007309
"NA19098.3.C08" 0.63378645836672 0.189263776516376 0.17687063914396 7.91259729443281e-05
"NA19098.3.C09" 0.854128012409891 0.10212215884014 0.0437181001540962 3.17285958724443e-05
"NA19098.3.C10" 0.826405629368558 0.110290215861563 0.0632614047665263 4.27500033527283e-05
"NA19098.3.C11" 0.808885067725044 0.142187039288012 0.0488113759272999 0.000116517059644691
"NA19098.3.C12" 0.748255867569812 0.179933507666367 0.0717144872203246 9.61375434961577e-05
"NA19098.3.D01" 0.575392520633024 0.256394299954267 0.1681418137087 7.13657040083035e-05
"NA19098.3.D02" 0.637612064965302 0.274098832123199 0.088248336750245 4.07661612531922e-05
"NA19098.3.D03" 0.834248328199813 0.112935496499906 0.0523437482617462 0.000472427038534807
"NA19098.3.D05" 0.841166349841093 0.111452626465715 0.047199470643003 0.000181553050189189
"NA19098.3.D07" 0.839080639468995 0.0975783352601781 0.0633045765248125 3.64487460146185e-05
"NA19098.3.D09" 0.813627614415597 0.130940794648975 0.0554002954246903 3.12955107382028e-05
"NA19098.3.D10" 0.80460871261693 0.13348949493751 0.0617898762700273 0.000111916175532985
"NA19098.3.D11" 0.77572744199086 0.17126082370269 0.0529505991577077 6.11351487421016e-05
"NA19098.3.D12" 0.694474169995065 0.223065924735729 0.0824170475129199 4.28577562858216e-05
"NA19098.3.E01" 0.813270413837697 0.121097031547077 0.0656105032092157 2.20514060098321e-05
"NA19098.3.E02" 0.829969607273586 0.115089799253002 0.0549160850584181 2.45084149930578e-05
"NA19098.3.E03" 0.829999249564787 0.116183215887464 0.0537539744834428 6.35600643061426e-05
"NA19098.3.E04" 0.772505041093183 0.177729487480555 0.0497347328587159 3.07385675451531e-05
"NA19098.3.E05" 0.504620282042297 0.343888444176767 0.151427103391732 6.417038920355e-05
"NA19098.3.E06" 0.577139834797941 0.306535723505577 0.116271800561979 5.26411345033439e-05
"NA19098.3.E07" 0.606409174432227 0.339910592703908 0.0536433412975445 3.68915663205837e-05
"NA19098.3.E08" 0.535310750477464 0.335714626995273 0.128925650632341 4.89718949215494e-05
"NA19098.3.E09" 0.577606349637475 0.284235628690605 0.138106760988539 5.12606833817815e-05
"NA19098.3.E10" 0.820925942607343 0.112432828252966 0.0665662643159095 7.49648237821407e-05
"NA19098.3.E11" 0.862173291406652 0.0792865323505677 0.0581083695034083 0.000431806739372115
"NA19098.3.E12" 0.793914392491396 0.119757264068862 0.0862279363125005 0.000100407127241848
"NA19098.3.F01" 0.619208537787086 0.195165869932775 0.185561591197159 6.40010829809729e-05
"NA19098.3.F03" 0.778453407341671 0.152983878825153 0.0685142232890755 4.84905441003187e-05
"NA19098.3.F04" 0.768103094435177 0.164749210353795 0.067108019714054 3.96754969740622e-05
"NA19098.3.F05" 0.775532877083167 0.17280129125318 0.0516275973551315 3.82343085212386e-05
"NA19098.3.F06" 0.782939818175349 0.150674992058272 0.0663609204348386 2.42693315402895e-05
"NA19098.3.F07" 0.663037628641476 0.288086652587336 0.0487918161541178 8.39026170707717e-05
"NA19098.3.F09" 0.819213542895848 0.114827850501325 0.0658998179123664 5.87886904605702e-05
"NA19098.3.F10" 0.80046536127933 0.146687254690627 0.0528166375860566 3.07464439870008e-05
"NA19098.3.F11" 0.524336154318924 0.3562752393052 0.119336464919809 5.21414560662839e-05
"NA19098.3.G01" 0.817300925500328 0.0706120762021584 0.111985626859374 0.000101371438139813
"NA19098.3.G02" 0.544170520241377 0.31520617366133 0.140510785738376 0.000112520358916476
"NA19098.3.G03" 0.526131888941612 0.338720067169236 0.135105336187232 4.27077019204757e-05
"NA19098.3.G04" 0.568077758156423 0.320982845849596 0.110900309046127 3.90869478532804e-05
"NA19098.3.G05" 0.893302040238638 0.0725962475921277 0.0340683991643018 3.33130049329867e-05
"NA19098.3.G06" 0.772590458012242 0.152176897654578 0.0751860943974619 4.6549935718388e-05
"NA19098.3.G07" 0.560721185530894 0.30324406165712 0.135991712235723 4.30405762631756e-05
"NA19098.3.G08" 0.584218475175326 0.298084996978431 0.117644495784238 5.203206200483e-05
"NA19098.3.G09" 0.641069403844991 0.24574412928554 0.112522923933046 0.000663542936422748
"NA19098.3.G10" 0.871446014746556 0.0755988319956333 0.0529177448185214 3.74084392898086e-05
"NA19098.3.G11" 0.514753724579982 0.32101403509783 0.164132711462516 9.95288596720664e-05
"NA19098.3.G12" 0.549252842944661 0.311436459265998 0.139120672820812 0.000190024968529355
"NA19098.3.H01" 0.586036761923274 0.280858396236255 0.132944304979572 0.000160536860899083
"NA19098.3.H02" 0.771538645352777 0.166880948782437 0.0615415115059735 3.88943588129844e-05
"NA19098.3.H03" 0.800504373008488 0.139617305937626 0.0598576386709711 2.06823829142643e-05
"NA19098.3.H04" 0.846004057561899 0.0926046786918634 0.0608373320870937 0.000553931659144084
"NA19098.3.H05" 0.772072958437377 0.153299855942469 0.0743662936003963 0.000260892019757975
"NA19098.3.H06" 0.817262686985967 0.124632225915347 0.0580547388010878 5.03482975983171e-05
"NA19098.3.H07" 0.572154704566666 0.225074579172591 0.202627884431176 0.000142831829566689
"NA19098.3.H08" 0.56641830069121 0.273129043249624 0.160362457146878 9.01989122883389e-05
"NA19098.3.H09" 0.645177494353397 0.23045859107013 0.124301164334361 6.27502421117701e-05
"NA19098.3.H10" 0.803820506642361 0.135831969158462 0.0603033531481586 4.41710510186082e-05
"NA19098.3.H11" 0.645709050672133 0.300255566166734 0.0540023683017386 3.30148593951299e-05
"NA19098.3.H12" 0.830285364805251 0.113597945944855 0.0558374459708041 0.000279243279090071
"NA19239.1.A01" 0.843312885165475 0.115470638059743 0.0411546218904272 6.18548843544578e-05
"NA19239.1.A02" 0.773265233311366 0.129457246644892 0.0971734168318718 0.000104103211869845
"NA19239.1.A03" 0.836097691271814 0.108637492589907 0.0551599595800098 0.000104856558269592
"NA19239.1.A04" 0.804739993824171 0.105924165805864 0.0891855184680335 0.000150321901931736
"NA19239.1.A05" 0.927106470641447 0.0274170812753679 0.0454303517288752 4.60963543100168e-05
"NA19239.1.A06" 0.875517642215894 0.0691856398265412 0.0536976572982558 0.00159906065930885
"NA19239.1.A07" 0.698152980824826 0.225492376109228 0.0762916606964551 6.29823694904641e-05
"NA19239.1.A08" 0.824686342593305 0.111882404140194 0.0633595919790701 7.16612874312572e-05
"NA19239.1.A09" 0.802354569833609 0.158341587819186 0.0390257281582127 0.00027811418899258
"NA19239.1.A10" 0.885534299145518 0.0611270737397431 0.0532858186264818 5.2808488257254e-05
"NA19239.1.A11" 0.864001967116738 0.058454578402777 0.0773835971027054 0.000159857377779742
"NA19239.1.A12" 0.819044923106742 0.0978507098337608 0.083041065366022 6.33016934747119e-05
"NA19239.1.B02" 0.876476037299557 0.0905123135178064 0.032902150540146 0.000109498642490393
"NA19239.1.B03" 0.826813989180941 0.128832309029318 0.0442446008603635 0.000109100929377562
"NA19239.1.B05" 0.823015963769777 0.105388556266443 0.0714912976854191 0.00010418227836126
"NA19239.1.B06" 0.719281233297548 0.241977938584557 0.0380105485927537 0.000730279525141454
"NA19239.1.B07" 0.792151285726383 0.147883195786684 0.059738574895632 0.000226943591300761
"NA19239.1.B08" 0.919345149172067 0.0487356805698382 0.0318892281339841 2.99421241102926e-05
"NA19239.1.B09" 0.916607058546541 0.0674393363885564 0.0159099073914734 4.36976734288631e-05
"NA19239.1.B10" 0.716844871899814 0.224801770414122 0.0582616102988238 9.17473872406438e-05
"NA19239.1.B11" 0.889426572922976 0.100989365021926 0.00954633148238835 3.77305727098917e-05
"NA19239.1.B12" 0.927859059292777 0.0394128543544226 0.0326818126316747 4.6273721126169e-05
"NA19239.1.C01" 0.810780178690284 0.134602700512753 0.0545450201496138 7.21006473497454e-05
"NA19239.1.C02" 0.953891926759644 0.0276457953697237 0.0184004340094139 6.18438612184345e-05
"NA19239.1.C03" 0.900728961313626 0.0681709792381912 0.0310569851858982 4.30742622846983e-05
"NA19239.1.C05" 0.920183966487452 0.0622060759427326 0.0175773239610299 3.26336087860185e-05
"NA19239.1.C06" 0.839029848587489 0.130591124071051 0.0303071398978538 7.18874436062987e-05
"NA19239.1.C07" 0.650825873965224 0.255879751334053 0.0931866302126226 0.000107744488100184
"NA19239.1.C08" 0.865760793076161 0.0967898334990137 0.0373943844509663 5.49889738591214e-05
"NA19239.1.C09" 0.933463596539454 0.0349552798807271 0.0315449780739539 3.61455058646725e-05
"NA19239.1.C10" 0.897953522584747 0.0782213110477236 0.0237474743870483 7.76919804809048e-05
"NA19239.1.C11" 0.746051273849237 0.207110737911677 0.0467853506087847 5.26376303011681e-05
"NA19239.1.C12" 0.918889784389408 0.0642043084953569 0.0168133613914315 9.25457238032874e-05
"NA19239.1.D01" 0.900864212479563 0.0773195649140539 0.0217783605271378 3.78620792449291e-05
"NA19239.1.D02" 0.872760901571747 0.0974322904471074 0.0297512154393678 5.55925417780435e-05
"NA19239.1.D03" 0.78164798788543 0.171776225454013 0.0465220584407092 5.37282198470832e-05
"NA19239.1.D04" 0.847363331823858 0.122768233759633 0.0298258077953052 4.26266212029789e-05
"NA19239.1.D05" 0.794121609835582 0.184289860786958 0.021396080989213 0.000192448388247327
"NA19239.1.D06" 0.906720000768229 0.0782954881364551 0.0148753527110609 0.000109158384255225
"NA19239.1.D07" 0.660544336140789 0.24897899901583 0.0901451157580372 0.000331549085343385
"NA19239.1.D08" 0.911453200172748 0.0680794558495544 0.020334146341713 0.000133197635984854
"NA19239.1.D09" 0.891524197201468 0.0801696949816252 0.028166139752347 0.000139968064559715
"NA19239.1.D10" 0.821821089947136 0.120677721567917 0.0559959152990278 0.00150527318591878
"NA19239.1.D11" 0.88942479650928 0.0802215818981697 0.0301314440118611 0.000222177580689702
"NA19239.1.D12" 0.793937321853377 0.157154482032414 0.0488517573956496 5.64387185592983e-05
"NA19239.1.E01" 0.895915384124182 0.0701713744089062 0.0338772585123055 3.59829546057931e-05
"NA19239.1.E02" 0.941894932556842 0.0453170011165949 0.0123725692270972 0.000415497099465513
"NA19239.1.E03" 0.877184724589524 0.0724903286931276 0.0501634396961444 0.000161507021204025
"NA19239.1.E04" 0.884637961786063 0.0681242847702926 0.0471866810170708 5.10724265737692e-05
"NA19239.1.E05" 0.72631831145297 0.115640871910221 0.157885450978912 0.000155365657897179
"NA19239.1.E06" 0.84605008327348 0.102353277524543 0.0507839173543803 0.00081272184759652
"NA19239.1.E07" 0.884700773321608 0.0877606262706963 0.0274517664250065 8.68339826887338e-05
"NA19239.1.E08" 0.926697353473604 0.052237652247907 0.0209108283572749 0.000154165921213997
"NA19239.1.E09" 0.908210095257668 0.0652881058222872 0.0264426729760649 5.91259439797301e-05
"NA19239.1.E10" 0.847034911933204 0.104228078091278 0.0486508218066404 8.61881688768176e-05
"NA19239.1.E11" 0.886131256450596 0.0810383861504114 0.0327830983932477 4.72590057452671e-05
"NA19239.1.E12" 0.933020614357028 0.0388327683116228 0.0280823706907533 6.42466405956824e-05
"NA19239.1.F01" 0.881818724339943 0.0832362231381632 0.0348026148706545 0.000142437651239292
"NA19239.1.F02" 0.85697945204561 0.104633745317049 0.038349591320819 3.72113165228496e-05
"NA19239.1.F03" 0.839025135060339 0.109182230396543 0.0517455387203749 4.70958227429122e-05
"NA19239.1.F04" 0.886208997089851 0.0829930862445127 0.030765936153227 3.19805124094226e-05
"NA19239.1.F05" 0.612535753852021 0.28780745805152 0.0994753173600385 0.000181470736420514
"NA19239.1.F06" 0.876585544123907 0.0950446074609533 0.0283384389361665 3.14094789728578e-05
"NA19239.1.F07" 0.894963121462606 0.0793822583850479 0.0256034302738832 5.1189878462488e-05
"NA19239.1.F08" 0.880058881531141 0.0828079766980222 0.0370989534275969 3.41883432397121e-05
"NA19239.1.F09" 0.890719608046638 0.0819729502862068 0.0272321822855527 7.52593816026184e-05
"NA19239.1.F10" 0.914124077941077 0.04447476402227 0.0413564097751305 4.47482615221643e-05
"NA19239.1.F11" 0.854574028920737 0.0704859104427328 0.0748026014938347 0.000137459142695517
"NA19239.1.F12" 0.897466070183389 0.0452795845471555 0.0571983320827897 5.60131866654221e-05
"NA19239.1.G01" 0.852640437879831 0.093568096643795 0.0535131214534026 0.000278344022971154
"NA19239.1.G02" 0.8399364706821 0.112595779222877 0.047395947459399 7.18026356242484e-05
"NA19239.1.G03" 0.864669682374565 0.0919265153924908 0.0433654996218742 3.83026110696359e-05
"NA19239.1.G04" 0.826335603341539 0.0872349806016647 0.085346605558253 0.00108281049854347
"NA19239.1.G05" 0.691167488135743 0.168706020146758 0.1384971805001 0.00162931121739997
"NA19239.1.G06" 0.852794367692944 0.0712968293750142 0.0758392328133896 6.95701186518003e-05
"NA19239.1.G07" 0.806628079547098 0.123798764810384 0.06925836129833 0.000314794344187494
"NA19239.1.G08" 0.762162723222553 0.122976879383637 0.114716680568299 0.000143716825511702
"NA19239.1.G09" 0.853497255919781 0.0792532984531906 0.06720050923651 4.89363905183433e-05
"NA19239.1.G10" 0.896490792285683 0.0463291476402735 0.0571200105319705 6.00495420728851e-05
"NA19239.1.G11" 0.892874218061545 0.0709766515840975 0.0360501832743995 9.89470799584937e-05
"NA19239.1.G12" 0.862353484434019 0.0859910828239905 0.0515509002203172 0.000104532521673319
"NA19239.1.H01" 0.832419515724325 0.120071953352381 0.0470470005493331 0.000461530373960504
"NA19239.1.H03" 0.887006846931092 0.0714690686667513 0.0414893654539088 3.47189482480883e-05
"NA19239.1.H04" 0.836350069835714 0.117981953936628 0.0455806764027952 8.72998248627444e-05
"NA19239.1.H05" 0.845589296000249 0.0723987917426043 0.081912848977487 9.90632796596855e-05
"NA19239.1.H06" 0.879745806547675 0.079924098919755 0.040284228100652 4.58664319180155e-05
"NA19239.1.H07" 0.896263523988318 0.0676775890017745 0.0358529465609169 0.000205940448990702
"NA19239.1.H08" 0.821056900678444 0.120707104034507 0.0581238908681275 0.00011210441892162
"NA19239.1.H09" 0.811047587525244 0.162939807668253 0.0259315124669336 8.10923395695174e-05
"NA19239.1.H10" 0.91281074585051 0.0496218167489503 0.0375285784702259 3.88589303137876e-05
"NA19239.1.H11" 0.947109498650959 0.00132445732760046 0.0515195718638358 4.64721576053108e-05
"NA19239.1.H12" 0.913101393594116 0.000113513055822394 0.0866546953753612 0.00013039797470043
"NA19239.2.A01" 0.796564957512022 0.156060683167984 0.0472534308971376 0.000120928422856452
"NA19239.2.A02" 0.88799233850169 0.0593052144494614 0.0523459062549434 0.000356540793904834
"NA19239.2.A04" 0.840854916092336 0.130856080804897 0.0279857223406399 0.000303280762126098
"NA19239.2.A05" 0.846575440790607 0.115399704324358 0.0379313584813895 9.34964036459288e-05
"NA19239.2.A06" 0.861341333006921 0.102048670398774 0.0353937542619709 0.00121624233233411
"NA19239.2.A07" 0.906651289256597 0.0654321369626514 0.0272659223218424 0.000650651458908878
"NA19239.2.A08" 0.882057040932861 0.0516732782666966 0.0652295164029255 0.00104016439751693
"NA19239.2.A09" 0.886145129674203 0.0890063948746032 0.0237951772981662 0.00105329815302788
"NA19239.2.A10" 0.628864402027828 0.215663193493335 0.151891162376212 0.00358124210262563
"NA19239.2.A11" 0.889268311470809 0.0820777313027315 0.0262752275239544 0.00237872970250532
"NA19239.2.A12" 0.869613439995479 0.130129622096056 8.7373223436998e-05 0.00016956468502831
"NA19239.2.B01" 0.531441318783371 0.354246412134338 0.114108392563653 0.000203876518638418
"NA19239.2.B02" 0.849530682995555 0.102079638364942 0.0481333269668418 0.000256351672661159
"NA19239.2.B03" 0.573661362740415 0.305601978556466 0.12052606707757 0.000210591625548778
"NA19239.2.B04" 0.888753126671618 0.0728019364657549 0.0382608504571069 0.000184086405520692
"NA19239.2.B05" 0.819869677667436 0.11388818398703 0.0651800310919266 0.0010621072536078
"NA19239.2.B06" 0.876660506796816 0.0950031384925386 0.0281177822338669 0.00021857247677793
"NA19239.2.B07" 0.891914763477314 0.103142042221306 0.00473462836043314 0.000208565940946986
"NA19239.2.B08" 0.795495575932273 0.16920427976564 0.035230688453354 6.94558487326588e-05
"NA19239.2.B09" 0.903930600241565 0.054611564507629 0.0410883804255793 0.000369454825227117
"NA19239.2.B11" 0.511653726392595 0.360438232200496 0.127765315562916 0.000142725843992942
"NA19239.2.B12" 0.872496636301858 0.102221527339746 0.0241847749251458 0.00109706143324934
"NA19239.2.C02" 0.747138054500154 0.192855689437124 0.0585626064399841 0.00144364962273734
"NA19239.2.C03" 0.561797691850087 0.285464276571161 0.152464183774239 0.000273847804513184
"NA19239.2.C04" 0.873065117125465 0.0728019231772498 0.0540552839772108 7.76757200745514e-05
"NA19239.2.C05" 0.736277425308317 0.218982021671811 0.0441561315484716 0.00058442147139975
"NA19239.2.C06" 0.579183534983789 0.332045480523822 0.0880084161355718 0.000762568356816746
"NA19239.2.C07" 0.875856457416372 0.075015641761389 0.048925019131757 0.000202881690482455
"NA19239.2.C08" 0.543930517116591 0.327681791339711 0.128273220333888 0.000114471209810571
"NA19239.2.C09" 0.877681628202712 0.103601012269563 0.017878515278581 0.000838844249144537
"NA19239.2.C11" 0.876334698793032 0.0698129424790769 0.053798768436172 5.35902917187921e-05
"NA19239.2.C12" 0.806550647288198 0.148629598732034 0.0443506208713514 0.000469133108417011
"NA19239.2.D01" 0.769485760810337 0.196319799874812 0.0339606262243572 0.000233813090493279
"NA19239.2.D02" 0.879442216717852 0.0851359695254145 0.0353378910015165 8.3922755216622e-05
"NA19239.2.D03" 0.780570362519611 0.143778742985052 0.0755003757697931 0.000150518725543968
"NA19239.2.D04" 0.91116717633504 0.0591722908431296 0.0292214556664762 0.000439077155354209
"NA19239.2.D05" 0.840002144090014 0.108448192092284 0.0506524022840321 0.000897261533669552
"NA19239.2.D06" 0.845497619821446 0.103497139965643 0.0509576160884083 4.76241245018363e-05
"NA19239.2.D07" 0.495266217244759 0.388715501786405 0.11475959693986 0.00125868402897672
"NA19239.2.D08" 0.696171100157854 0.221513103581869 0.0797807384333378 0.00253505782693936
"NA19239.2.D09" 0.515770942082548 0.328650084353187 0.154265077397673 0.00131389616659158
"NA19239.2.D11" 0.883087238759267 0.0903537007626859 0.0265161368656706 4.29236123764311e-05
"NA19239.2.D12" 0.443592669514606 0.485395854952829 0.0708799097431938 0.000131565789370617
"NA19239.2.E01" 0.821913930634975 0.141061636297152 0.0369761946278035 4.8238440069991e-05
"NA19239.2.E02" 0.888367311066479 0.0924160008853426 0.0189048078509267 0.000311880197252123
"NA19239.2.E04" 0.870390101455673 0.0983815517797653 0.0306910029639434 0.000537343800618156
"NA19239.2.E05" 0.871060816518767 0.0872240303546815 0.0414369940336207 0.000278159092931105
"NA19239.2.E06" 0.893858352343966 0.0818625516762575 0.0240846310588036 0.000194464920972625
"NA19239.2.E07" 0.842205670911321 0.121725158981025 0.0354852564197244 0.000583913687929197
"NA19239.2.E08" 0.852749668541488 0.119951815077764 0.0266074155158266 0.000691100864920857
"NA19239.2.E09" 0.498881851128157 0.386154779710605 0.114851256618458 0.000112112542780995
"NA19239.2.E11" 0.830449346871864 0.111568812142721 0.0577698632227833 0.000211977762631649
"NA19239.2.E12" 0.78057790953812 0.179448900048921 0.0399284683099064 4.47221030520822e-05
"NA19239.2.F01" 0.841378244481803 0.126876368771012 0.0316719364111315 7.34503360530199e-05
"NA19239.2.F02" 0.786987821199215 0.177303517833375 0.0356632198130464 4.54411543639658e-05
"NA19239.2.F03" 0.769594456891029 0.186993066559219 0.0429358598103055 0.000476616739447199
"NA19239.2.F04" 0.500084512249611 0.372420001697399 0.127389512065558 0.000105973987431224
"NA19239.2.F05" 0.80911072274653 0.129200215976136 0.0615122170105539 0.000176844266779693
"NA19239.2.F06" 0.536469696037963 0.347655471860676 0.115778009382228 9.68227191325128e-05
"NA19239.2.F07" 0.551412681217346 0.311139872829037 0.137328853099751 0.000118592853865716
"NA19239.2.F08" 0.870583868176968 0.101884448807487 0.0265721613233802 0.000959521692165676
"NA19239.2.F09" 0.76020552811069 0.177275180228047 0.0613550105059762 0.0011642811552863
"NA19239.2.F10" 0.853625894715159 0.0902934366423723 0.0559744735577817 0.000106195084687335
"NA19239.2.F11" 0.861026557861421 0.0882905868426507 0.0505732295987718 0.000109625697156164
"NA19239.2.F12" 0.57724791207334 0.304057356603501 0.118416943944222 0.000277787378936589
"NA19239.2.G01" 0.851573218618687 0.101029927230252 0.0473450897674406 5.17643836204845e-05
"NA19239.2.G02" 0.831846007618779 0.11804260463459 0.0485782302205985 0.00153315752603295
"NA19239.2.G03" 0.571552356987325 0.299394782242131 0.128181822335072 0.000871038435472154
"NA19239.2.G04" 0.861795902322899 0.0921853727699506 0.0457941721087152 0.00022455279843529
"NA19239.2.G05" 0.879038028133842 0.0783741612180478 0.0423828548853219 0.000204955762787945
"NA19239.2.G06" 0.824632576909259 0.124038985288694 0.0511338024411846 0.000194635360862535
"NA19239.2.G07" 0.824220136563402 0.145734471404314 0.0299317646748113 0.000113627357472858
"NA19239.2.G08" 0.655920118223659 0.223588579417612 0.119361474723588 0.00112982763514173
"NA19239.2.G09" 0.925620677502178 0.0589687086449792 0.0153472470749758 6.33667778664235e-05
"NA19239.2.G10" 0.906950982110497 0.0685616839401485 0.0244501577350785 3.71762142758986e-05
"NA19239.2.G11" 0.93448177924568 0.0188631055949498 0.0465849439710413 7.0171188328939e-05
"NA19239.2.G12" 0.880635888236509 0.0723216149139944 0.046899827600671 0.000142669248825534
"NA19239.2.H01" 0.866747156623236 0.10026964887792 0.0328894580094668 9.37364893768347e-05
"NA19239.2.H02" 0.561902509983422 0.306386661146946 0.131412446278377 0.000298382591255433
"NA19239.2.H03" 0.522569222299894 0.363448412151293 0.113435144751318 0.000547220797494613
"NA19239.2.H04" 0.858209571208911 0.0923230590069087 0.0485907424061927 0.00087662737798729
"NA19239.2.H05" 0.705052158555341 0.251480669770158 0.0430595816973341 0.000407589977167078
"NA19239.2.H06" 0.812076173367817 0.12412094422027 0.0633839585798816 0.000418923832031255
"NA19239.2.H07" 0.570535138884814 0.279820382941551 0.148718397503066 0.000926080670567798
"NA19239.2.H08" 0.872342761076491 0.103048879333412 0.0239662672024715 0.000642092387625026
"NA19239.2.H09" 0.819771530062392 0.13993137629696 0.0402367485721222 6.03450685256385e-05
"NA19239.2.H10" 0.913013021278323 0.0418037841924298 0.0449017813890143 0.000281413140232813
"NA19239.2.H11" 0.842095720040178 0.0798714443462801 0.0765565346416276 0.00147630097191409
"NA19239.2.H12" 0.872710216416445 0.0803702289166751 0.0468324451338462 8.71095330334763e-05
"NA19239.3.A02" 0.91158026346715 0.0562747077021542 0.0318798741883599 0.000265154642336466
"NA19239.3.A03" 0.920679187730433 0.0506809085618978 0.028291792104014 0.000348111603655715
"NA19239.3.A04" 0.916991291371876 0.0501132129929402 0.0325947738267535 0.000300721808429992
"NA19239.3.A05" 0.920059836873954 0.0433955541192908 0.0365008838516833 4.37251550719936e-05
"NA19239.3.A06" 0.911687456181116 0.0474356590998183 0.0408159822729726 6.09024460926411e-05
"NA19239.3.A07" 0.949805142307915 0.0312427775595643 0.0188792457468267 7.28343856935431e-05
"NA19239.3.A08" 0.768159247589649 0.166784726057613 0.0647057766009807 0.000350249751757334
"NA19239.3.A09" 0.92824591980994 0.047152980061663 0.0245231933075485 7.79068208480977e-05
"NA19239.3.A10" 0.845722384770382 0.114603184171727 0.0384494733163514 0.0012249577415389
"NA19239.3.A11" 0.779449862861589 0.174443118346158 0.0460479659824022 5.90528098510994e-05
"NA19239.3.A12" 0.930868127615494 0.0500095841409106 0.0190730799519125 4.92082916831189e-05
"NA19239.3.B01" 0.849235307349232 0.105181614629081 0.0452358547390953 0.000347223282591151
"NA19239.3.B02" 0.862264693562043 0.0928664325461669 0.0448118907712251 5.69831205649517e-05
"NA19239.3.B03" 0.952834366507386 0.00669943468955074 0.0398513152520123 0.000614883551050951
"NA19239.3.B04" 0.889217308323186 0.0850643674985912 0.0251560831317862 0.000562241046436266
"NA19239.3.B05" 0.886801916219486 0.0743678277448271 0.0386810769823602 0.000149179053327217
"NA19239.3.B06" 0.902690190075306 0.0535606378690611 0.0431681425440976 0.000581029511535614
"NA19239.3.B07" 0.883514820834569 0.0693885520310793 0.0469723865737587 0.000124240560593308
"NA19239.3.B10" 0.904336888944965 0.0755056219157516 0.0199443070899826 0.000213182049300522
"NA19239.3.B11" 0.904527564625631 0.0727134885952025 0.0225343403683716 0.000224606410794823
"NA19239.3.B12" 0.898745110302781 0.066030011608304 0.0349772240366623 0.000247654052252986
"NA19239.3.C01" 0.983633621391555 1.36132507008202e-05 0.0159839930126047 0.00036877234513991
"NA19239.3.C02" 0.862124177791291 0.0993417230666317 0.0384594747593899 7.46243826877269e-05
"NA19239.3.C03" 0.923698872766281 0.0399667048510907 0.0362860891596913 4.83332229373059e-05
"NA19239.3.C06" 0.890069469684539 0.0513692626130808 0.0585178646438914 4.34030584887417e-05
"NA19239.3.C07" 0.545581504589977 0.257948568633164 0.196286322186227 0.000183604590631703
"NA19239.3.C08" 0.899546618914178 0.0696123658774371 0.0299962480948376 0.000844767113547097
"NA19239.3.C09" 0.951146392084135 0.0149831690438516 0.0337672686327816 0.000103170239231635
"NA19239.3.C10" 0.893468026483972 0.0794467091314175 0.0269661490359474 0.000119115348663136
"NA19239.3.C11" 0.930415007031289 0.0535459636430084 0.0156997318519986 0.000339297473704135
"NA19239.3.C12" 0.922592212145829 0.0344289086190786 0.0429041340791008 7.47451559912376e-05
"NA19239.3.D01" 0.895517606553857 0.0493378019202872 0.0550519409264547 9.265059940109e-05
"NA19239.3.D02" 0.939926140229201 0.0366688737449704 0.0229610307416664 0.000443955284162225
"NA19239.3.D03" 0.905352760099769 0.0600838972153715 0.0331603293542732 0.00140301333058624
"NA19239.3.D04" 0.867041040126508 0.076010165360521 0.05404367538993 0.00290511912304102
"NA19239.3.D05" 0.923698022485031 0.0362326781029584 0.0400128338123651 5.64655996454976e-05
"NA19239.3.D06" 0.922837807653166 0.0624986857043479 0.0146071972071011 5.63094353849246e-05
"NA19239.3.D07" 0.86463437874432 0.0820662398052796 0.0503721673888184 0.00292721406158241
"NA19239.3.D08" 0.876262474847079 0.0864009138467189 0.0364638675275871 0.00087274377861484
"NA19239.3.D09" 0.891557821940027 0.0635978208662346 0.0447178004477745 0.000126556745964461
"NA19239.3.D10" 0.930601970154489 0.0480540725305793 0.0212452803372534 9.86769776784703e-05
"NA19239.3.D12" 0.886877935379111 0.080832814820091 0.0320138739374346 0.000275375863363566
"NA19239.3.E01" 0.696102826652718 0.172141035028531 0.131630807810284 0.000125330508466871
"NA19239.3.E02" 0.882494390746709 0.0697248348291821 0.0476018206213299 0.000178953802779192
"NA19239.3.E05" 0.93471788339657 0.0474419835823906 0.0177768393705379 6.32936505013226e-05
"NA19239.3.E06" 0.907736076863586 0.06709765696044 0.0251217603378752 4.45058380989693e-05
"NA19239.3.E07" 0.922949741660103 0.0596504080736655 0.0173586001506393 4.12501155926562e-05
"NA19239.3.E08" 0.921308982989032 0.0553479907229453 0.0232999306369971 4.30956510255809e-05
"NA19239.3.E09" 0.887315581082773 0.0741677191774581 0.0382785266511631 0.000238173088606295
"NA19239.3.E10" 0.925283738958435 0.0437186989788508 0.0307773789804651 0.000220183082249028
"NA19239.3.E11" 0.944169787286127 0.0355044104030435 0.0187533892243758 0.00157241308645373
"NA19239.3.E12" 0.616135151102418 0.200127479245385 0.183579995733359 0.000157373918837111
"NA19239.3.F01" 0.923562305649503 0.0524000044774887 0.0239259794849975 0.000111710388010493
"NA19239.3.F02" 0.852792430932629 0.0975424052127153 0.0485560472059834 0.0011091166486719
"NA19239.3.F03" 0.922132436704244 0.0528579827702001 0.0247475566009664 0.000262023924589088
"NA19239.3.F04" 0.845679221974057 0.110765729256992 0.0426557773387495 0.000899271430202355
"NA19239.3.F05" 0.939307063794308 0.0360408684798874 0.0244339292535753 0.000218138472229173
"NA19239.3.F06" 0.889997841636618 0.068706206699965 0.041239641116887 5.63105465302703e-05
"NA19239.3.F07" 0.940611325715951 0.0461754160603175 0.012609957859398 0.00060330036433301
"NA19239.3.F08" 0.919727545968045 0.0514164130194449 0.0287470343986056 0.000109006613904369
"NA19239.3.F09" 0.951991715400621 0.0332143634876834 0.0143649173740985 0.000429003737597462
"NA19239.3.F10" 0.85598413534054 0.106935428074216 0.0369911699904129 8.92665948315051e-05
"NA19239.3.F11" 0.928463673506722 0.0422656584771292 0.0292143502252619 5.63177908865697e-05
"NA19239.3.F12" 0.944012755976863 0.0301605083121935 0.0256192504869734 0.000207485223970379
"NA19239.3.G01" 0.886304113134784 0.0630190629674881 0.04669872375622 0.00397810014150782
"NA19239.3.G02" 0.935056822689385 0.0449104224758691 0.0199660934183265 6.6661416419856e-05
"NA19239.3.G03" 0.898604839728345 0.0598799517347729 0.0413161718412267 0.000199036695655045
"NA19239.3.G05" 0.917374353531545 0.0498372825223508 0.032219991321723 0.000568372624381026
"NA19239.3.G06" 0.925068145312148 0.0530146947962995 0.0209392353792097 0.000977924512342994
"NA19239.3.G07" 0.937000506531107 0.0456214614722844 0.017296168267944 8.18637286647721e-05
"NA19239.3.G08" 0.919454498093811 0.054806895961196 0.0254551473566591 0.000283458588333887
"NA19239.3.G09" 0.97291509021085 0.0146913058815843 0.0116887570258289 0.000704846881736931
"NA19239.3.G11" 0.939560134188587 0.0449893676859975 0.0151235657240901 0.000326932401325609
"NA19239.3.G12" 0.88426142062174 0.0704692812834479 0.0424248694366818 0.00284442865812982
"NA19239.3.H01" 0.911190875636579 0.0395219811550199 0.0480920409949665 0.00119510221343479
"NA19239.3.H03" 0.919894740661816 0.0528780304554179 0.0271251878779925 0.000102041004774152
"NA19239.3.H04" 0.931534509767208 0.0338139256854355 0.0345507297722002 0.000100834775156114
"NA19239.3.H05" 0.909291922001145 0.0583089010168472 0.0321790142414997 0.000220162740508421
"NA19239.3.H06" 0.921198100557827 0.0496647438026262 0.0286719061164675 0.000465249523079228
"NA19239.3.H07" 0.93081014755601 0.0472545686561328 0.0204637172479901 0.00147156653986731
"NA19239.3.H08" 0.85972915050384 0.0869009600776622 0.0528945203331718 0.000475369085326374
"NA19239.3.H09" 0.951673982336114 0.00459174892009048 0.0430158672528057 0.000718401490989483
"NA19239.3.H11" 0.892677473533306 0.0460150760438455 0.0609544901924378 0.000352960230411153
"NA19239.3.H12" 0.941939559657476 0.0374198181330293 0.0206032620181958 3.73601912992405e-05
"NA19101.1.A01" 0.471896736764105 0.331534410865946 0.194738133003467 0.00183071936648178
"NA19101.1.A02" 0.816135310130619 0.143897694345694 0.0396218523973626 0.000345143126324502
"NA19101.1.A03" 0.88310523915508 0.0896579184488899 0.0264022850896983 0.000834557306332167
"NA19101.1.A04" 0.802780703710257 0.139389396130802 0.057751956648943 7.79435099976806e-05
"NA19101.1.A05" 0.867414014212591 0.0934283097689242 0.038138684173415 0.00101899184506939
"NA19101.1.A06" 0.900361798354004 0.0511957695002123 0.0483366492942754 0.000105782851508286
"NA19101.1.A07" 0.904983468800202 0.0712413056653371 0.0236708020334521 0.000104423501009102
"NA19101.1.A08" 0.743384743369325 0.20056284249809 0.0559754517916477 7.69623409377025e-05
"NA19101.1.A09" 0.921038856200248 0.049867290302871 0.028542051476734 0.000551802020146837
"NA19101.1.A10" 0.878348803373798 0.0812094034801759 0.0379296706177204 0.00251212252830588
"NA19101.1.A11" 0.740678578338131 0.191466219387406 0.0661311223939059 0.00172407988055636
"NA19101.1.A12" 0.43095985909701 0.424154443185293 0.144641447044994 0.000244250672703126
"NA19101.1.B01" 0.42336122056961 0.43821677116565 0.13788837362234 0.000533634642400214
"NA19101.1.B02" 0.87610243379348 0.0673791925179171 0.0558376233309444 0.000680750357658303
"NA19101.1.B03" 0.91280348213708 0.0505730949973259 0.0364017884769187 0.000221634388675012
"NA19101.1.B04" 0.882255262888275 0.0957420891876627 0.0219500135149572 5.2634409104887e-05
"NA19101.1.B05" 0.835544931937549 0.113664158734251 0.0506678874682892 0.000123021859910637
"NA19101.1.B06" 0.397656612821533 0.456534039159758 0.145661022017444 0.000148326001265202
"NA19101.1.B07" 0.845699700466759 0.10938061392941 0.044448349809183 0.000471335794648213
"NA19101.1.B08" 0.839144613705994 0.104425210754197 0.0543370705950278 0.00209310494478133
"NA19101.1.B09" 0.893495894376471 0.0873185846369847 0.019066348439013 0.000119172547530948
"NA19101.1.B10" 0.920337217532614 0.0768626748135708 0.00251193004782913 0.000288177605986353
"NA19101.1.B11" 0.871758754539547 0.0886901064947556 0.0393585566374973 0.000192582328199813
"NA19101.1.B12" 0.8634299439925 0.0875622616779559 0.0468569047342672 0.00215088959527659
"NA19101.1.C01" 0.802475030560092 0.137780144832141 0.0596101647983057 0.000134659809461013
"NA19101.1.C02" 0.786192914513003 0.156394023808706 0.0564485412554051 0.000964520422885968
"NA19101.1.C03" 0.890353065536797 0.0809866904811332 0.0278977366767953 0.000762507305274115
"NA19101.1.C04" 0.808584635552711 0.133440021951059 0.0565092450712237 0.0014660974250065
"NA19101.1.C05" 0.774159270057627 0.176018758775582 0.0497413926572981 8.05785094928153e-05
"NA19101.1.C06" 0.901031326882822 0.0782546839408962 0.0201688322213446 0.000545156954937435
"NA19101.1.C07" 0.823042237060082 0.141023405567248 0.0358105763580897 0.000123781014581089
"NA19101.1.C08" 0.822790419449427 0.143328279601524 0.0315259758811817 0.00235532506786777
"NA19101.1.C09" 0.84981825280358 0.109331808987973 0.0407395631133419 0.000110375095104888
"NA19101.1.C10" 0.871805531759016 0.0897444869117784 0.0370447127324279 0.00140526859677804
"NA19101.1.C11" 0.819437785188639 0.132276908561009 0.0475385007903326 0.000746805460019607
"NA19101.1.C12" 0.86263125768255 0.0834396503072454 0.0527337341539283 0.00119535785627591
"NA19101.1.D01" 0.674664466820674 0.268359435359011 0.0567981316947702 0.000177966125545141
"NA19101.1.D02" 0.830564760319443 0.127369874500235 0.0412552319925051 0.000810133187816965
"NA19101.1.D03" 0.871034956612234 0.101213847147562 0.027536758774259 0.000214437465944768
"NA19101.1.D04" 0.839993295409528 0.0864933906972163 0.0724777660214335 0.00103554787182257
"NA19101.1.D05" 0.877531368279825 0.0804826144045073 0.0416849774239719 0.00030103989169574
"NA19101.1.D06" 0.733976900705691 0.228203727462914 0.037457208460691 0.000362163370703641
"NA19101.1.D07" 0.80604267515549 0.167524517800437 0.0261323859191955 0.000300421124877833
"NA19101.1.D08" 0.872960047560981 0.107558220697 0.0192399227356406 0.000241809006378425
"NA19101.1.D09" 0.892616830630003 0.0897478897948612 0.0174609219873827 0.000174357587753191
"NA19101.1.D10" 0.819854572890117 0.142531515628018 0.0371726708553151 0.000441240626549974
"NA19101.1.D11" 0.896654764900502 0.0862711146371955 0.0167841837476811 0.000289936714621611
"NA19101.1.D12" 0.874185287021011 0.0839278018169108 0.0417932679235054 9.36432385730701e-05
"NA19101.1.E01" 0.830487875127087 0.129987454978966 0.0378477758745099 0.00167689401943689
"NA19101.1.E02" 0.833205686713699 0.112572377376538 0.0537268322318335 0.00049510367792944
"NA19101.1.E03" 0.8448916242411 0.111780934713915 0.0431358339419625 0.000191607103022499
"NA19101.1.E04" 0.880257284314809 0.0951333906575729 0.0243934197795151 0.000215905248102836
"NA19101.1.E05" 0.625905688021551 0.300362974367529 0.0707751556357828 0.00295618197513738
"NA19101.1.E06" 0.756542439695031 0.156899926600451 0.0863549112893546 0.000202722415163253
"NA19101.1.E07" 0.915510532615227 0.05708238630178 0.0271507183660761 0.000256362716916989
"NA19101.1.E08" 0.854177003090612 0.0893780140092029 0.0562967614512821 0.000148221448902531
"NA19101.1.E09" 0.529324032941144 0.298396809971869 0.171929107132088 0.000350049954898906
"NA19101.1.E10" 0.877966122707489 0.066017509296475 0.05586291786562 0.000153450130416194
"NA19101.1.E11" 0.492437029648957 0.331654784121866 0.175704559222897 0.000203627006279526
"NA19101.1.E12" 0.858766892741313 0.105576528555558 0.0327947421045646 0.00286183659856439
"NA19101.1.F01" 0.840183741387956 0.107631353202892 0.0518244773744821 0.000360428034670457
"NA19101.1.F02" 0.906533486314495 0.077155685215884 0.0155852693554976 0.000725559114123035
"NA19101.1.F03" 0.893298293044594 0.0847844834041317 0.0207166348509713 0.00120058870030266
"NA19101.1.F04" 0.778329063214498 0.177605527216831 0.0432815208382566 0.000783888730414283
"NA19101.1.F07" 0.884120207361607 0.0908788659379595 0.0249324258140159 6.85008864177987e-05
"NA19101.1.F08" 0.883711589857855 0.0947017871771183 0.0215192469871119 6.73759779149604e-05
"NA19101.1.F09" 0.884606802763504 0.0886385169406678 0.0265012243179534 0.000253455977874612
"NA19101.1.F10" 0.497587501218828 0.318433055034433 0.183175238696305 0.000804205050433648
"NA19101.1.F11" 0.840359185496666 0.105318974839363 0.0540774862984901 0.000244353365481272
"NA19101.1.F12" 0.809202642154958 0.144263908658494 0.0464295172306469 0.000103931955901871
"NA19101.1.G01" 0.476411142307011 0.394791837383556 0.12866601289079 0.000131007418642034
"NA19101.1.G02" 0.786112519348173 0.163398127220014 0.0503313730085049 0.000157980423307691
"NA19101.1.G03" 0.818477580779792 0.138318172445755 0.0423636775323127 0.000840569242139598
"NA19101.1.G04" 0.863283335526536 0.0839099045336861 0.0512354415738173 0.00157131836596102
"NA19101.1.G05" 0.801390310024432 0.144529056866911 0.053800293077277 0.000280340031380871
"NA19101.1.G06" 0.574012422073251 0.280165238557077 0.145599323394979 0.00022301597469299
"NA19101.1.G07" 0.875052964587693 0.0804006082003438 0.0441727294794629 0.000373697732500698
"NA19101.1.G08" 0.793397197859818 0.168116975294927 0.038432467869742 5.33589755133534e-05
"NA19101.1.G09" 0.84108594963806 0.119894898361612 0.0386590357540549 0.000360116246273661
"NA19101.1.G10" 0.854828960160071 0.0984581511440079 0.0466328383221331 8.00503737879901e-05
"NA19101.1.G11" 0.891887108185453 0.0801970999029757 0.0276073875563531 0.000308404355218538
"NA19101.1.G12" 0.895724918876926 0.0819281532752741 0.0220195497040214 0.000327378143778936
"NA19101.1.H01" 0.865699727981834 0.103366231221323 0.0298796526612702 0.00105438813557299
"NA19101.1.H02" 0.832990359930115 0.125133862186965 0.0412583032476613 0.00061747463525877
"NA19101.1.H03" 0.844879434264729 0.10693150336521 0.0471911918071266 0.000997870562934062
"NA19101.1.H04" 0.515515148411176 0.35496558838928 0.129357039197895 0.000162224001648666
"NA19101.1.H05" 0.86929696136328 0.0889545868844448 0.0413196389040442 0.000428812848230475
"NA19101.1.H06" 0.891578656161072 0.0820715030335785 0.0254895901414244 0.000860250663925047
"NA19101.1.H08" 0.852891696662189 0.0958734557839296 0.0506758754902693 0.000558972063612323
"NA19101.1.H09" 0.495515366777545 0.303033201644799 0.200131112955776 0.00132031862188049
"NA19101.1.H10" 0.887411761398213 0.0731684193621995 0.0393922025397101 2.7616699877359e-05
"NA19101.1.H12" 0.890342569533226 0.0510606135236589 0.0585326578420647 6.41591010508705e-05
"NA19101.2.A01" 0.726364195424807 0.190846187368654 0.0818641079965934 0.000925509209945061
"NA19101.2.A02" 0.77854710917558 0.147258566909869 0.0739825573349969 0.000211766579553845
"NA19101.2.A03" 0.437215472078307 0.374360084373419 0.18832527076072 9.91727875536056e-05
"NA19101.2.A04" 0.539991772069592 0.295262226931783 0.163110407418869 0.00163559357975652
"NA19101.2.A06" 0.771969161035634 0.137576676517683 0.0903755035948055 7.86588518780704e-05
"NA19101.2.A07" 0.522842673105184 0.314592432771011 0.162427808654302 0.000137085469503473
"NA19101.2.A08" 0.796125858712169 0.135168494274131 0.0684904011288296 0.000215245884870625
"NA19101.2.A09" 0.81415369732036 0.129970892381781 0.0555617333577358 0.000313676940123716
"NA19101.2.A10" 0.809732423266295 0.100284482875696 0.0898677571645322 0.000115336693476374
"NA19101.2.A11" 0.524709127279213 0.308349944569819 0.166512827879672 0.000428100271295745
"NA19101.2.A12" 0.437957149006628 0.336730184901565 0.224771956428368 0.000540709663438949
"NA19101.2.B01" 0.593008795042284 0.220972041880446 0.185768143005103 0.000251020072166441
"NA19101.2.B02" 0.784597881231292 0.172473189503228 0.0428410500630347 8.78792024454213e-05
"NA19101.2.B03" 0.745085735634047 0.193355996179274 0.0612400734349847 0.000318194751694386
"NA19101.2.B04" 0.444283789164332 0.412955887110945 0.1402568811675 0.00250344255722231
"NA19101.2.B05" 0.533081922599196 0.312037887903551 0.15462219557848 0.000257993918773289
"NA19101.2.B06" 0.735800084445716 0.203428668842797 0.0607262555653154 4.49911461709546e-05
"NA19101.2.B08" 0.719244831927794 0.171935111775485 0.108543872752032 0.000276183544688975
"NA19101.2.B09" 0.763117331623911 0.176225733301954 0.06056708657298 8.98485011547863e-05
"NA19101.2.B10" 0.724576213174963 0.195390680177277 0.0795437426567812 0.000489363990978606
"NA19101.2.B12" 0.798044111909054 0.146244841871525 0.0547867203760859 0.000924325843334894
"NA19101.2.C01" 0.540888705488385 0.343396568357586 0.115343059377225 0.000371666776803518
"NA19101.2.C03" 0.692625810698722 0.209616811995737 0.0976710812644962 8.62960410451517e-05
"NA19101.2.C04" 0.794652149565302 0.103460855878828 0.10136943934286 0.000517555213009831
"NA19101.2.C05" 0.685244449273248 0.233029496160584 0.0815106677320945 0.000215386834074101
"NA19101.2.C06" 0.798030422397271 0.148206275840688 0.0536733025294572 8.9999232583594e-05
"NA19101.2.C07" 0.851622577550315 0.0952352994423377 0.0529973176000031 0.000144805407344488
"NA19101.2.C08" 0.758572531144375 0.169609109740229 0.0713938114871525 0.000424547628243142
"NA19101.2.C09" 0.45653434283835 0.430928286518888 0.112442972604002 9.43980387600144e-05
"NA19101.2.C10" 0.468936806469856 0.306234600681714 0.223004043848718 0.0018245489997128
"NA19101.2.C11" 0.799312709799773 0.131510404764198 0.0689836441933202 0.000193241242708104
"NA19101.2.C12" 0.461976838286124 0.378289835532951 0.159166109722289 0.000567216458636171
"NA19101.2.D01" 0.778439365162131 0.117202212704337 0.103930815480322 0.000427606653209958
"NA19101.2.D02" 0.708961377038509 0.19217241585052 0.0983597161383697 0.000506490972601273
"NA19101.2.D03" 0.822931576115643 0.0887899234749393 0.0881948364355896 8.36639738284859e-05
"NA19101.2.D04" 0.771107842062758 0.130542558451776 0.0981760074061882 0.000173592079277129
"NA19101.2.D05" 0.514378555103536 0.353387376195192 0.132148926002969 8.51426983029031e-05
"NA19101.2.D06" 0.709238411921248 0.215832945227303 0.0748737130005168 5.49298509321117e-05
"NA19101.2.D07" 0.690428693187035 0.298324099669375 0.0107338422286454 0.000513364914944123
"NA19101.2.D08" 0.826740886260246 0.142514614856529 0.0298911617678098 0.000853337115415267
"NA19101.2.D09" 0.597004762814409 0.294038868116229 0.108207283224939 0.000749085844423927
"NA19101.2.D10" 0.636210302885858 0.295111978257457 0.0681077255214584 0.000569993335226262
"NA19101.2.D11" 0.794838132808153 0.112094200977607 0.0930129270640478 5.47391501922666e-05
"NA19101.2.D12" 0.48231357673271 0.388118783477779 0.129500098938772 6.75408507386273e-05
"NA19101.2.E01" 0.714363256912965 0.20646892607923 0.079100369533323 6.74474744812964e-05
"NA19101.2.E02" 0.78806656181947 0.144738790834496 0.0666361778024925 0.000558469543541803
"NA19101.2.E03" 0.550199743819351 0.301177549492864 0.148293981017202 0.000328725670582678
"NA19101.2.E04" 0.721424854798013 0.228387376538438 0.0501026929599903 8.50757035590358e-05
"NA19101.2.E05" 0.425893895762631 0.349480268885861 0.224525327983464 0.000100507368043703
"NA19101.2.E06" 0.639919316713215 0.288021526296615 0.0717864401875168 0.000272716802653626
"NA19101.2.E07" 0.716473325977698 0.217852217443717 0.0655848392177926 8.96173607924486e-05
"NA19101.2.E09" 0.705273612386177 0.217650869618316 0.0748560949339232 0.00221942306158327
"NA19101.2.E10" 0.827380711081768 0.103888679201091 0.068173409154577 0.000557200562564485
"NA19101.2.E11" 0.72780800869219 0.214549663138433 0.0573949957268286 0.000247332442548272
"NA19101.2.E12" 0.881153721086268 0.0519867363901837 0.0665923127710982 0.000267229752450048
"NA19101.2.F01" 0.798783701894361 0.132411627934861 0.0683920468321647 0.000412623338613779
"NA19101.2.F02" 0.444681219921665 0.388594494450489 0.166651109940788 7.31756870575217e-05
"NA19101.2.F03" 0.756339129756909 0.197106732155588 0.0464949596118726 5.91784756301388e-05
"NA19101.2.F04" 0.710912206635602 0.228969096317382 0.0600381703580209 8.05266889948553e-05
"NA19101.2.F06" 0.839558414419621 0.129043968759747 0.0311446356878411 0.000252981132790923
"NA19101.2.F07" 0.783210747718553 0.163608585108754 0.0530921208161296 8.85463565629484e-05
"NA19101.2.F08" 0.744687181189442 0.149868410842497 0.105389157689801 5.52502782596651e-05
"NA19101.2.F09" 0.711233372047601 0.182591151981501 0.105999276342434 0.00017619962846436
"NA19101.2.F10" 0.429121170295849 0.396798172658385 0.173325358213278 0.000755298832488177
"NA19101.2.F11" 0.433191655740778 0.34303373835509 0.223655175762598 0.000119430141533375
"NA19101.2.F12" 0.58106361831089 0.288608354385072 0.130238991741618 8.90355624195768e-05
"NA19101.2.G01" 0.749687706391825 0.183344035291899 0.0666574700719944 0.000310788244281945
"NA19101.2.G02" 0.738885165974722 0.20443180798217 0.056554267000331 0.000128759042777073
"NA19101.2.G03" 0.670810212309536 0.266835248709157 0.0622888210793081 6.57179019989976e-05
"NA19101.2.G04" 0.779095965105891 0.152498311335188 0.0683749152187845 3.0808340136937e-05
"NA19101.2.G05" 0.671996345195276 0.192714655329282 0.134954573361278 0.000334426114164341
"NA19101.2.G06" 0.496133137914651 0.308955716534993 0.194678656745676 0.000232488804679368
"NA19101.2.G07" 0.693273635740651 0.260770252111808 0.0457398305883773 0.000216281559163892
"NA19101.2.G08" 0.514625181826733 0.338677938925493 0.146265052077206 0.000431827170567805
"NA19101.2.G09" 0.818665733892856 0.130212191315767 0.0502749935463239 0.000847081245052694
"NA19101.2.G10" 0.444716067426956 0.389072102162289 0.165323019588119 0.000888810822635767
"NA19101.2.G11" 0.49231379556983 0.358886283877225 0.148594145908718 0.000205774644226489
"NA19101.2.G12" 0.772048551265471 0.176370568209249 0.0515365809120778 4.42996132024202e-05
"NA19101.2.H01" 0.763083344388911 0.169937126871422 0.0666373774440478 0.000342151295619173
"NA19101.2.H02" 0.669224499337148 0.261330653859657 0.0693830845948134 6.1762208381903e-05
"NA19101.2.H03" 0.831162896824091 0.124165905150178 0.0446292782225572 4.19198031739155e-05
"NA19101.2.H05" 0.821866645207202 0.076549579356382 0.10137096859063 0.000212806845786562
"NA19101.2.H06" 0.829835876867186 0.111312246630723 0.0583694673156517 0.000482409186439652
"NA19101.2.H07" 0.815844664235015 0.154239811044229 0.0298829531018245 3.25716189320566e-05
"NA19101.2.H08" 0.815174072494636 0.111382388973939 0.0733754567538671 6.80817775581546e-05
"NA19101.2.H09" 0.49312323354101 0.386982943688031 0.119705182192772 0.000188640578187367
"NA19101.2.H10" 0.473078118123562 0.284600545601878 0.242047616748274 0.00027371952628601
"NA19101.2.H11" 0.637760581846867 0.232093369463753 0.130075341760101 7.07069292791108e-05
"NA19101.2.H12" 0.448690842885397 0.355449881674315 0.1957333078755 0.000125967564788216
"NA19101.3.A01" 0.301646256104925 0.542310523070161 0.15430969630117 0.00173352452374393
"NA19101.3.A02" 0.264175200838783 0.543819580699405 0.191865129810546 0.000140088651265978
"NA19101.3.A05" 0.370501080997419 0.278157790293441 0.351131762038763 0.000209366670376587
"NA19101.3.A06" 0.77515229637865 0.172406482915203 0.0523775752440213 6.36454621259327e-05
"NA19101.3.A07" 0.645803949781526 0.312590684637829 0.0414484838434777 0.000156881737167709
"NA19101.3.A09" 0.326495352032881 0.568508818209328 0.104456769586153 0.000539060171638172
"NA19101.3.A10" 0.900357644043842 0.0739885373468932 0.0254986748233611 0.000155143785903925
"NA19101.3.A11" 0.403667536655803 0.445680147465967 0.14946268259499 0.00118963328323924
"NA19101.3.A12" 0.757853242377281 0.188027954962199 0.05347175086651 0.000647051794009443
"NA19101.3.B01" 0.878328544200752 0.0844434442345266 0.0367559391233965 0.000472072441324857
"NA19101.3.B02" 0.931609965096238 0.0380783229931587 0.0290110194023201 0.00130069250828283
"NA19101.3.B05" 0.402801512136307 0.335547695915264 0.261483679268974 0.000167112679454807
"NA19101.3.B06" 0.812202300323369 0.128694167500126 0.0589631876823046 0.000140344494200243
"NA19101.3.B07" 0.889914590823358 0.0910810682532305 0.0187915149605027 0.000212825962908511
"NA19101.3.B08" 0.832259001205454 0.117327814500259 0.0500266482360867 0.000386536058200297
"NA19101.3.B09" 0.838298639803853 0.122933049682183 0.0386370127852893 0.000131297728675112
"NA19101.3.B10" 0.852701544158089 0.101906597146967 0.0453239034836222 6.79552113223636e-05
"NA19101.3.B11" 0.818818375608939 0.14553652743368 0.0351995898404046 0.000445507116976569
"NA19101.3.B12" 0.868775043121644 0.0961994575398367 0.0349845659615181 4.09333770012161e-05
"NA19101.3.C01" 0.303034216135545 0.504421060727032 0.192408989262505 0.0001357338749189
"NA19101.3.C03" 0.773638045248096 0.188274590839957 0.0380243551302521 6.30087816947179e-05
"NA19101.3.C04" 0.889358035836783 0.0831687776731055 0.0274103282546232 6.28582354888186e-05
"NA19101.3.C05" 0.803738339482212 0.160388486244524 0.0355499245442373 0.000323249729027342
"NA19101.3.C06" 0.842384215313625 0.105340883319632 0.0521453827704515 0.000129518596291584
"NA19101.3.C07" 0.910727840248983 0.0868828050035218 0.00234387841255073 4.54763349445265e-05
"NA19101.3.C08" 0.835801754879925 0.127938526327613 0.036097023689287 0.0001626951031755
"NA19101.3.C09" 0.368306425681836 0.352929460023417 0.278229399045392 0.000534715249355108
"NA19101.3.C10" 0.719090900241169 0.194378876797059 0.0864564357909775 7.37871707945665e-05
"NA19101.3.C11" 0.859458791785965 0.0989025688504253 0.0399741449007414 0.00166449446286804
"NA19101.3.C12" 0.323906775304624 0.466759500452776 0.209127273180758 0.000206451061841382
"NA19101.3.D01" 0.271113554113625 0.605864251221764 0.122881867546163 0.000140327118447684
"NA19101.3.D03" 0.825520454094174 0.154953265892597 0.0191066070451279 0.000419672968100584
"NA19101.3.D04" 0.333817716707402 0.461635906300398 0.204407094151422 0.000139282840778163
"NA19101.3.D06" 0.857435927875264 0.105153033808324 0.0373491932408242 6.18450755884338e-05
"NA19101.3.D07" 0.294879158254358 0.523443181902173 0.181566831198135 0.000110828645333885
"NA19101.3.D08" 0.906355644093879 0.0930552578937216 2.80482225398993e-05 0.000561049789859798
"NA19101.3.D09" 0.490351205746899 0.179362650064972 0.329948739883968 0.000337404304160612
"NA19101.3.D10" 0.896800963446942 0.0917795460507476 0.010811035069269 0.00060845543304122
"NA19101.3.D12" 0.86574456095753 0.0876645572379454 0.0459043320248567 0.000686549779667953
"NA19101.3.E01" 0.713894774273829 0.171771503455338 0.114264776902981 6.89453678515484e-05
"NA19101.3.E02" 0.87111799360702 0.0891945400497049 0.0396533633567261 3.41029865486663e-05
"NA19101.3.E03" 0.764691736807293 0.184088821243229 0.0511193788346119 0.00010006311486579
"NA19101.3.E04" 0.791615977784419 0.152092005213303 0.0562565008474106 3.5516154867081e-05
"NA19101.3.E06" 0.822795827347446 0.123802757661759 0.0524000417077262 0.00100137328306873
"NA19101.3.E07" 0.861074869217951 0.0866299000752682 0.0520415235696294 0.00025370713715109
"NA19101.3.E08" 0.320276960671083 0.515399531664815 0.164249548998408 7.39586656928344e-05
"NA19101.3.E09" 0.837043481239943 0.128135934743925 0.0342162617861929 0.000604322229939428
"NA19101.3.E10" 0.602256333837138 0.277373262338848 0.120310618071097 5.97857529170138e-05
"NA19101.3.F01" 0.845575750268818 0.122504082244697 0.0315868668750866 0.000333300611398055
"NA19101.3.F02" 0.86030718225321 0.0963781319516963 0.0431874358032237 0.000127249991870125
"NA19101.3.F03" 0.86067643517319 0.0694746669118188 0.0697474853305903 0.000101412584400452
"NA19101.3.F05" 0.89255179423814 0.107134493257964 8.44367201253595e-05 0.00022927578377111
"NA19101.3.F07" 0.758406539233099 0.175319184834675 0.0661990220278035 7.52539044224507e-05
"NA19101.3.F08" 0.808425771808199 0.143268959783315 0.0482008885371868 0.000104379871299347
"NA19101.3.F09" 0.491168699457327 0.297611517028025 0.211060061021096 0.000159722493551213
"NA19101.3.F10" 0.884163657615637 0.112415737183981 0.000203719346249936 0.00321688585413224
"NA19101.3.F11" 0.819637544551165 0.143138031694464 0.0364335356785862 0.000790888075784938
"NA19101.3.F12" 0.891452132910568 0.0677028846577727 0.0407143474818726 0.000130634949786421
"NA19101.3.G01" 0.725864823468933 0.203317442456907 0.0707823092735841 3.54248005768218e-05
"NA19101.3.G02" 0.472219138906534 0.364689691892035 0.162999411005799 9.17581956330264e-05
"NA19101.3.G03" 0.819669142551651 0.128261260209256 0.0511606232908625 0.0009089739482303
"NA19101.3.G05" 0.840603233847272 0.118747990980541 0.0401838484871948 0.000464926684991811
"NA19101.3.G06" 0.823142210346495 0.110960975800286 0.0657908735407134 0.000105940312505488
"NA19101.3.G07" 0.74852242855831 0.203507538181986 0.0476869086738809 0.000283124585822306
"NA19101.3.G08" 0.748022983601433 0.184782654682461 0.0666251242095981 0.000569237506506973
"NA19101.3.G09" 0.366552766733143 0.444446318347318 0.188798405103801 0.000202509815737485
"NA19101.3.G10" 0.885258993847418 0.0541972983621106 0.0601478326937733 0.000395875096697883
"NA19101.3.G11" 0.838395844916323 0.108890630936043 0.0526484840613142 6.50400863196043e-05
"NA19101.3.G12" 0.879533132771554 0.0701169905244776 0.0499797118646664 0.000370164839302188
"NA19101.3.H01" 0.312932417827377 0.529121630566686 0.156859770835216 0.00108618077072087
"NA19101.3.H02" 0.532781695455336 0.315336114071487 0.15166216079658 0.000220029676596813
"NA19101.3.H03" 0.34523774771341 0.507470276766577 0.147140881368105 0.000151094151908091
"NA19101.3.H05" 0.929878806561645 0.0365718461957659 0.0325892675266803 0.000960079715909232
"NA19101.3.H07" 0.304884985233153 0.481621555020457 0.213046779106113 0.000446680640276175
"NA19101.3.H08" 0.857621883504097 0.0940364213208942 0.0480310612625173 0.000310633912491456
"NA19101.3.H09" 0.348908714188417 0.465545385488161 0.185441422266212 0.000104478057210765
"NA19101.3.H10" 0.88120596890004 0.0565564863454805 0.0621407713545768 9.6773399902315e-05
"NA19101.3.H11" 0.896355205388434 0.0358089593927702 0.0675642040085964 0.00027163121019972
"NA19239.1.A01" 0.000320088038453531 2.8647686717932e-05 0.00083091261980581 0.998820351655023
"NA19239.1.A02" 6.07837421966943e-05 3.16517705703581e-05 0.0312557416163794 0.968651822870853
"NA19239.1.A04" 9.65160358595926e-05 0.000884356646706855 0.180383333747209 0.818635793570225
"NA19239.1.A05" 7.58626164722455e-05 7.72814958186498e-05 0.0128159692646084 0.987030886623101
"NA19239.1.A06" 4.95600980954404e-05 0.000143843223360402 5.82304137088642e-05 0.999748366264835
"NA19239.1.A07" 0.00858118224497438 0.000852659789071338 4.7323496895576e-05 0.990518834469059
"NA19239.1.A09" 7.61770772393253e-05 4.94109178673884e-05 0.0203699365168689 0.979504475488024
"NA19239.1.A10" 0.000222838207436678 6.25122117667629e-05 0.000153645915105129 0.999561003665691
"NA19239.1.A11" 0.000122223759093805 4.22553184974923e-05 0.0107642399495335 0.989071280972875
"NA19239.1.A12" 0.000160983307099102 1.80197352619923e-05 6.1566169254692e-05 0.999759430788384
"NA19239.1.B01" 6.78769225233872e-05 4.32225925380907e-05 0.0169177765891142 0.982971123895824
"NA19239.1.B02" 4.20595793391398e-05 2.34766778022985e-05 7.4019406700295e-05 0.999860444336158
"NA19239.1.B03" 0.000198002684407778 1.34814410965115e-05 6.37845494398915e-05 0.999724731325056
"NA19239.1.B04" 5.41332718910548e-05 0.000157669212741973 0.0142205593862906 0.985567638129076
"NA19239.1.B06" 0.124161954251017 2.91841928595352e-05 6.47697975967715e-05 0.875744091758526
"NA19239.1.B09" 0.000246984107125294 3.27505361818324e-05 8.46882394425373e-05 0.99963557711725
"NA19239.1.B10" 0.0179476374736645 3.25057398091321e-05 0.000101139032654986 0.981918717753871
"NA19239.1.B11" 0.000123538722666829 6.43181957063962e-05 0.0188345499560832 0.980977593125544
"NA19239.1.B12" 0.0351318954548159 9.45503402590839e-05 4.39900012817436e-05 0.964729564203643
"NA19239.1.C01" 9.61969272522207e-05 7.90269590063374e-05 0.099327453057297 0.900497323056444
"NA19239.1.C02" 0.000279251358766641 7.93576229744566e-05 0.000133527517709253 0.99950786350055
"NA19239.1.C03" 0.0407068569651102 4.09535591331255e-05 3.94429924558679e-05 0.959212746483301
"NA19239.1.C04" 9.31760848536022e-05 6.00113506134933e-05 0.3600036975927 0.639843114971833
"NA19239.1.C05" 8.19275603604704e-05 0.0002003910477969 0.0023031839926572 0.997414497399185
"NA19239.1.C06" 0.020129541236744 0.000106703530979278 0.0215011246185694 0.958262630613707
"NA19239.1.C07" 4.99079880453027e-05 4.31582257475353e-05 0.0043297653485141 0.995577168437693
"NA19239.1.C08" 4.80261097832868e-05 2.60408369789548e-05 0.000392018847678563 0.999533914205559
"NA19239.1.C09" 0.000229072183890395 0.000639351274202042 0.000644118144037272 0.99848745839787
"NA19239.1.C10" 7.43846265678899e-05 4.2789873437006e-05 0.000122965620984725 0.99975985987901
"NA19239.1.C11" 0.000203878458989309 8.26134333146595e-05 0.00544018102531349 0.994273327082383
"NA19239.1.C12" 9.24480478414342e-05 5.76390551787572e-05 0.000140953631490971 0.999708959265489
"NA19239.1.D01" 5.65032276108975e-05 3.76616551195678e-05 0.0182137578270323 0.981692077290237
"NA19239.1.D02" 5.33183368388546e-05 0.00151698615784905 5.19036234725369e-05 0.99837779188184
"NA19239.1.D03" 0.0301001848491006 3.19899603588397e-05 0.0247928022483266 0.945075022942214
"NA19239.1.D04" 9.02929869142117e-05 5.93660078184713e-05 0.337620627534923 0.662229713470345
"NA19239.1.D05" 3.6520264230328e-05 0.0120695080283769 3.13282216908631e-05 0.987862643485702
"NA19239.1.D06" 0.0361212172896784 6.52421494304574e-05 0.0176946238323114 0.94611891672858
"NA19239.1.D07" 0.0559367049815052 1.37494065604623e-05 2.28967011239579e-05 0.94402664891081
"NA19239.1.D08" 7.65961222139919e-05 0.00397862179334487 5.98086701636301e-05 0.995884973414278
"NA19239.1.D09" 0.0358226866759982 7.72969637879462e-05 0.00018127363217816 0.963918742728036
"NA19239.1.D10" 3.3304199895698e-05 0.0249015526605314 2.16490272101569e-05 0.975043494112363
"NA19239.1.D11" 0.0760990439268852 5.24991818792942e-05 0.000101493010249853 0.923746963880986
"NA19239.1.D12" 0.000168008824903896 4.65218883860956e-05 0.00887024932159589 0.990915219965114
"NA19239.1.E01" 0.00780334870374445 2.43133701588133e-05 2.95352221446585e-05 0.992142802703952
"NA19239.1.E02" 5.25217163626461e-05 2.79830077329735e-05 0.00513929185744907 0.994780203418455
"NA19239.1.E03" 0.0824263201371237 2.24122493931875e-05 3.59247414803123e-05 0.917515342872003
"NA19239.1.E04" 0.000424487160601483 2.66692093770295e-05 5.87990312539101e-05 0.999490044598768
"NA19239.1.E05" 0.0397282627030686 2.53257088056117e-05 2.81902576538337e-05 0.960218221330472
"NA19239.1.E06" 5.1860393982207e-05 0.000131530721518414 9.01881119630315e-05 0.999726420772536
"NA19239.1.E07" 7.09588414363105e-05 4.60603651805336e-05 0.00576694124068845 0.994116039552695
"NA19239.1.E08" 5.84354964370378e-05 4.2609677728899e-05 0.00394081092225771 0.995958143903576
"NA19239.1.E09" 7.28077349921368e-05 0.000539834998041135 0.0226109928099655 0.976776364457001
"NA19239.1.E11" 8.00971256373879e-05 0.00166512913473152 0.00657995629612074 0.99167481744351
"NA19239.1.E12" 0.000157949376730717 0.00412433935761809 3.27368953255368e-05 0.995684974370326
"NA19239.1.F01" 4.54951358877481e-05 4.11805550511683e-05 3.55376351814068e-05 0.99987778667388
"NA19239.1.F02" 0.000142109134771933 9.69742979837762e-05 0.000166781328163236 0.999594135239081
"NA19239.1.F03" 7.92276696634653e-05 0.0978544679761219 0.173696542274678 0.728369762079537
"NA19239.1.F04" 4.16367768317508e-05 0.00513080231110117 3.93607231569755e-05 0.99478820018891
"NA19239.1.F05" 0.130599924327108 3.82439141538282e-05 1.68257301023306e-05 0.869345006028636
"NA19239.1.F06" 5.55442653341166e-05 3.75747559308835e-05 0.00111381389701198 0.998793067081723
"NA19239.1.F07" 5.70887839400416e-05 0.000505916678177406 0.00810425257924266 0.99133274195864
"NA19239.1.F08" 6.88376056133272e-05 0.000115742057172442 0.00159464205905125 0.998220778278163
"NA19239.1.F09" 0.000197627769725422 0.000109804114908876 0.0279520946919976 0.971740473423368
"NA19239.1.F10" 0.10755903125887 9.21882933560753e-05 4.05382635967707e-05 0.892308242184177
"NA19239.1.F11" 0.0726140149738993 0.00031610034404008 0.0049524694641479 0.922117415217913
"NA19239.1.F12" 6.71315300946509e-05 6.9359767665543e-05 0.0138427265804116 0.986020782121828
"NA19239.1.G01" 0.000213038457603997 0.000107595831022093 0.00221993393106767 0.997459431780306
"NA19239.1.G04" 0.000509138703416199 5.70195777637934e-05 0.00383949667146201 0.995594345047358
"NA19239.1.G05" 0.000246996656869476 0.0066350282501277 4.147656619948e-05 0.993076498526803
"NA19239.1.G06" 0.00353434568016 4.82157683043785e-05 0.000131138739460907 0.996286299812075
"NA19239.1.G07" 0.00542914332376047 0.000431727213578407 0.000996753124106825 0.993142376338554
"NA19239.1.G08" 0.00288489627231761 8.54393539940628e-05 0.000101842264400954 0.996927822109287
"NA19239.1.G09" 0.00014800509729525 9.54046139223051e-05 0.240613022901773 0.75914356738701
"NA19239.1.G10" 0.00326234104783783 6.60874644657083e-05 0.000507593792612064 0.996163977695084
"NA19239.1.G11" 0.000229047588182748 4.33974294245666e-05 0.000166005940415371 0.999561549041977
"NA19239.1.G12" 0.0288660890665639 0.00480499148266869 0.00095163780916347 0.965377281641604
"NA19239.1.H01" 0.00713454195762287 4.39439831904391e-05 0.000143328566294964 0.992678185492892
"NA19239.1.H02" 0.0612718313396779 2.28295954427228e-05 6.18773764570409e-05 0.938643461688422
"NA19239.1.H03" 0.000137584104960856 0.000955556690832951 7.12755659341716e-05 0.998835583638272
"NA19239.1.H04" 0.0420384654532471 0.000172854863369039 9.91943537448305e-05 0.957689485329639
"NA19239.1.H06" 0.00525667689558854 3.01150734074463e-05 0.000211433533951364 0.994501774497053
"NA19239.1.H08" 0.0598540223799998 2.45956775786561e-05 6.8917800910501e-05 0.940052464141511
"NA19239.1.H09" 0.135205491534224 3.00874843136702e-05 0.000170383738674795 0.864594037242787
"NA19239.1.H11" 0.0434951910844917 0.000162000775614904 6.66177089570596e-05 0.956276190430936
