"1" "2" "3" "4"
"NA19098.1.A01" 0.640501968103056 0.284631587895254 0.00969932916916964 0.065167114832521
"NA19098.1.A02" 0.786508761253383 0.162342784368442 0.00130711297109676 0.0498413414070779
"NA19098.1.A03" 0.68520471778756 0.270068259544644 0.00253265499270336 0.0421943676750924
"NA19098.1.A04" 0.598462107824174 0.263797654964828 0.0718111043297531 0.0659291328812457
"NA19098.1.A05" 0.692904158303721 0.195079859245999 0.0524032892191231 0.0596126932311569
"NA19098.1.A06" 0.723541861488395 0.119513585571346 0.0694649950589681 0.087479557881291
"NA19098.1.A07" 0.752376919997425 0.187187995935887 0.00566561581566177 0.0547694682510266
"NA19098.1.A08" 0.672507646099308 0.0749852367313611 0.149962847615723 0.102544269553607
"NA19098.1.A09" 0.75834688544014 0.117051807387348 0.0436123267918735 0.0809889803806385
"NA19098.1.A10" 0.683386266595684 0.0799144186463545 0.134382494368139 0.102316820389823
"NA19098.1.A11" 0.715005367890078 0.197920586232998 0.00255786759492571 0.0845161782819981
"NA19098.1.A12" 0.805283611927776 0.0979053365999417 0.0166909876332756 0.0801200638390068
"NA19098.1.B01" 0.802219278021551 0.0864443363648789 0.0485922076821227 0.0627441779314471
"NA19098.1.B02" 0.766833116015906 0.120714380204278 0.0258429587286433 0.0866095450511731
"NA19098.1.B03" 0.583813253137842 0.238908646644963 0.0783551087068108 0.0989229915103836
"NA19098.1.B05" 0.691140049849616 0.120486493390124 0.0964808598184245 0.0918925969418352
"NA19098.1.B06" 0.641238573983738 0.206283465053984 0.085267715556716 0.0672102454055618
"NA19098.1.B07" 0.814523363217157 0.0938734154352988 0.025633022122527 0.0659701992250169
"NA19098.1.B08" 0.695073758013276 0.0501821334957281 0.121389882857442 0.133354225633553
"NA19098.1.B09" 0.577843483978971 0.190761677725385 0.100214575542353 0.131180262753291
"NA19098.1.B10" 0.407063808919286 0.45536542476122 0.0923730694618459 0.0451976968576487
"NA19098.1.B11" 0.645219944220835 0.227982337275662 0.0349962849066084 0.091801433596895
"NA19098.1.B12" 0.763913967607324 0.0877189696460639 0.0597782882744964 0.088588774472116
"NA19098.1.C01" 0.792461181979753 0.125097074241394 0.00482793918804432 0.0776138045908084
"NA19098.1.C02" 0.780296217846362 0.10289286365393 0.0420351268953269 0.0747757916043812
"NA19098.1.C03" 0.714050938355898 0.18927460594945 0.0353228220855074 0.0613516336091448
"NA19098.1.C04" 0.682993726957476 0.197984380064499 0.0688829352905454 0.0501389576874802
"NA19098.1.C05" 0.601774769385094 0.196456794847297 0.118557269757276 0.0832111660103324
"NA19098.1.C06" 0.689679949123796 0.142948716059584 0.0628303813535752 0.104540953463045
"NA19098.1.C07" 0.7614916316585 0.0904055474496446 0.0424108790356478 0.105691941856208
"NA19098.1.C08" 0.688640835007067 0.251655676976766 0.00558483790292062 0.0541186501132466
"NA19098.1.C09" 0.734431245980761 0.16849848397488 0.0208553744435833 0.0762148956007757
"NA19098.1.C10" 0.810644764210593 0.0933427701402141 0.0345860159959815 0.0614264496532114
"NA19098.1.C11" 0.682894442078047 0.0969839714052069 0.12120416393471 0.0989174225820359
"NA19098.1.C12" 0.609660217075288 0.266151206356688 0.0339237238699563 0.0902648526980671
"NA19098.1.D01" 0.63032424534138 0.27118615564461 0.0582295972046302 0.0402600018093801
"NA19098.1.D02" 0.661621076310616 0.143595075452524 0.106760270029509 0.0880235782073509
"NA19098.1.D03" 0.827942874950765 0.101977341947924 0.0133337965649216 0.0567459865363897
"NA19098.1.D04" 0.709361675658566 0.142488556801173 0.0667358462860949 0.081413921254166
"NA19098.1.D05" 0.582508849075053 0.379140956933596 0.00568961543923166 0.0326605785521193
"NA19098.1.D06" 0.674874965875431 0.0818092501069416 0.156925282999728 0.0863905010178993
"NA19098.1.D07" 0.239506858482835 0.57382551108256 0.119115900816024 0.067551729618581
"NA19098.1.D08" 0.602730237022876 0.167782289265321 0.129667650909533 0.09981982280227
"NA19098.1.D09" 0.650807346450031 0.222455855934217 0.0510784452908069 0.0756583523249453
"NA19098.1.D10" 0.763463228981071 0.145114035780004 0.0190623796659023 0.0723603555730224
"NA19098.1.D11" 0.649216036053544 0.277597596847598 0.0168870247642142 0.0562993423346432
"NA19098.1.D12" 0.849211735433446 0.0910110275514099 0.0072839014595254 0.0524933355556191
"NA19098.1.E01" 0.683116952377784 0.162131685533057 0.0829722903809575 0.0717790717082012
"NA19098.1.E02" 0.726016994737834 0.136417291749478 0.0529620261300091 0.084603687382679
"NA19098.1.E03" 0.78120961545323 0.113390835152027 0.0392103630833042 0.0661891863114391
"NA19098.1.E05" 0.753127385802709 0.205968639391521 0.000395253873581011 0.0405087209321895
"NA19098.1.E06" 0.704788580926955 0.161699991999847 0.0619664485725647 0.0715449785006338
"NA19098.1.E07" 0.601325869849639 0.31002027127219 0.0223837129810979 0.0662701458970726
"NA19098.1.E08" 0.72762242713555 0.0938494274636097 0.0923807818506578 0.0861473635501827
"NA19098.1.E09" 0.684552196041906 0.139972390423043 0.0731946710753233 0.102280742459727
"NA19098.1.E10" 0.741826844651825 0.106727066192812 0.0753567131640761 0.0760893759912864
"NA19098.1.E11" 0.648342081407525 0.247754625148384 0.0384333290723206 0.0654699643717703
"NA19098.1.E12" 0.732780128185786 0.163728502875649 0.0363607981330136 0.0671305708055514
"NA19098.1.F01" 0.591415024594037 0.130199799061536 0.127680495752173 0.150704680592254
"NA19098.1.F02" 0.770580678306489 0.0652646647023928 0.0860093513047961 0.0781453056863217
"NA19098.1.F03" 0.82093336295748 0.111736688139359 0.00844791122532285 0.0588820376778381
"NA19098.1.F04" 0.548573026018973 0.334275783459863 0.0758369079582687 0.0413142825628953
"NA19098.1.F06" 0.335295494372665 0.550174977102221 0.0786777188509618 0.035851809674152
"NA19098.1.F07" 0.633791497485314 0.280263355314179 0.0280600386170509 0.057885108583456
"NA19098.1.F08" 0.690956122199825 0.212848396828645 0.0412410287228823 0.0549544522486482
"NA19098.1.F09" 0.79612071945228 0.125400577558869 0.00055581083379989 0.0779228921550508
"NA19098.1.F10" 0.79418402376066 0.0867373052275116 0.0522144847266346 0.0668641862851937
"NA19098.1.F11" 0.799138268054307 0.130093323937164 0.00842110464158429 0.0623473033669444
"NA19098.1.F12" 0.712745395497495 0.189261443268308 0.0174715019647803 0.0805216592694164
"NA19098.1.G01" 0.668250350264807 0.266511062955914 0.00982978682282855 0.0554087999564505
"NA19098.1.G02" 0.756646796021625 0.110567911406699 0.052582989341388 0.0802023032302888
"NA19098.1.G03" 0.583525058308988 0.256852757182838 0.0930311129290988 0.0665910715790746
"NA19098.1.G04" 0.678801943696956 0.180951308566308 0.0793813354395489 0.0608654122971867
"NA19098.1.G05" 0.741011639217636 0.133173875571519 0.0501329804800228 0.0756815047308227
"NA19098.1.G06" 0.668033828103945 0.167761988132676 0.0897806790917947 0.0744235046715835
"NA19098.1.G07" 0.627497072151538 0.23047233748188 0.0583034761829015 0.0837271141836807
"NA19098.1.G08" 0.730047026181824 0.170028954323435 0.0344319931424511 0.0654920263522901
"NA19098.1.G09" 0.684973600722038 0.149270305587252 0.0877177265341816 0.0780383671565282
"NA19098.1.G10" 0.748052256652704 0.109766673831649 0.0655888543299774 0.0765922151856688
"NA19098.1.G11" 0.721654931302988 0.100235566193473 0.09389553044922 0.0842139720543196
"NA19098.1.G12" 0.727582219069185 0.217563086023432 0.000809568052585121 0.0540451268547978
"NA19098.1.H01" 0.790902662713255 0.131877224435153 0.0147960285910718 0.0624240842605206
"NA19098.1.H02" 0.661681232404263 0.252005525499655 0.0173634483710513 0.0689497937250308
"NA19098.1.H03" 0.556887091924774 0.265325633845639 0.110442650107011 0.0673446241225757
"NA19098.1.H04" 0.744423263965638 0.179090077891005 0.0211777527398102 0.0553089054035473
"NA19098.1.H05" 0.811251785848133 0.148667728201552 0.000623317453828633 0.0394571684964858
"NA19098.1.H06" 0.413590309711517 0.397045838381249 0.1199970762496 0.069366775657635
"NA19098.1.H07" 0.574990319001935 0.226953436608789 0.124020898515428 0.0740353458738474
"NA19098.1.H08" 0.343235597049875 0.35487826457526 0.211552834516021 0.0903333038588449
"NA19098.1.H09" 0.517111462155847 0.300338443805118 0.119904607213165 0.0626454868258703
"NA19098.1.H10" 0.704063584571132 0.150537797038898 0.0810535452724775 0.0643450731174929
"NA19098.1.H11" 0.732251464828737 0.131317127996703 0.0649784333015771 0.0714529738729831
"NA19098.1.H12" 0.670511984116348 0.27172891538239 0.00380093905055734 0.0539581614507052
"NA19098.2.A01" 0.214506347879059 0.599807027671305 0.122658578666229 0.0630280457834067
"NA19098.2.A02" 0.795783331847324 0.127122403950682 0.00107084144089763 0.0760234227610957
"NA19098.2.A03" 0.804602457026793 0.125318372746049 0.000289055692663088 0.0697901145344946
"NA19098.2.A04" 0.816072605691171 0.0767313534750877 0.0327405086917561 0.0744555321419848
"NA19098.2.A05" 0.83304079321159 0.0729614899293914 0.0104005417969864 0.0835971750620327
"NA19098.2.A06" 0.326671470596661 0.485571282896112 0.133772350560464 0.0539848959467627
"NA19098.2.A07" 0.807117453351604 0.0689138832021067 0.0248012094780253 0.0991674539682636
"NA19098.2.A08" 0.804725265481787 0.0790340515492615 0.0270983612677974 0.0891423217011542
"NA19098.2.A09" 0.358555762885505 0.372611669612825 0.19876457259047 0.0700679949111992
"NA19098.2.A10" 0.752472643345948 0.173354619075219 0.00834935140078372 0.0658233861780495
"NA19098.2.A11" 0.758192097620641 0.0797239630487199 0.0680366689036118 0.0940472704270273
"NA19098.2.B01" 0.328580831264175 0.452496396738603 0.163013459827224 0.0559093121699982
"NA19098.2.B02" 0.78988414489274 0.109215004453997 0.0194613953128565 0.0814394553404064
"NA19098.2.B03" 0.796366573088704 0.109122979334944 0.0160152705657941 0.0784951770105579
"NA19098.2.B04" 0.788397988933867 0.102316240982936 0.0351780358648948 0.074107734218302
"NA19098.2.B05" 0.79424706868569 0.0895895777406119 0.0297550905682555 0.0864082630054427
"NA19098.2.B06" 0.80551346614732 0.0718705941799093 0.0306396142151564 0.0919763254576145
"NA19098.2.B07" 0.812718127443405 0.112690473134021 0.00247579037254277 0.0721156090500312
"NA19098.2.B08" 0.821265229821713 0.087855811532557 0.00631968191147128 0.0845592767342589
"NA19098.2.B09" 0.756596941727057 0.0911948511885443 0.0557190064643686 0.0964892006200299
"NA19098.2.B10" 0.861338433130794 0.065803823161865 0.000470125648594572 0.0723876180587466
"NA19098.2.B11" 0.328230314523502 0.462526337491021 0.140610818930966 0.068632529054511
"NA19098.2.C01" 0.723643975469833 0.176268648911712 0.0346487688785477 0.0654386067399071
"NA19098.2.C02" 0.703251822895417 0.15611412962585 0.04415885724716 0.0964751902315723
"NA19098.2.C03" 0.690890623506342 0.151093915741963 0.0630672825444687 0.0949481782072258
"NA19098.2.C04" 0.461876543298997 0.27267372750829 0.175663190777046 0.0897865384156667
"NA19098.2.C05" 0.742179941185375 0.15391375722313 0.0308551521219712 0.0730511494695237
"NA19098.2.C06" 0.632162197567737 0.243130096933508 0.0563475391536672 0.0683601663450877
"NA19098.2.C07" 0.758860840408351 0.163819826304591 0.00721800713171309 0.0701013261553448
"NA19098.2.C08" 0.722653290259937 0.11724717444907 0.0731465503567345 0.0869529849342583
"NA19098.2.C09" 0.291617576651175 0.466975591230688 0.165908034544553 0.0754987975735839
"NA19098.2.C10" 0.67851832653256 0.15183894325545 0.0888432100039432 0.0807995202080461
"NA19098.2.C11" 0.802857054906763 0.110993640113865 0.0106602140295308 0.0754890909498417
"NA19098.2.C12" 0.829308071318222 0.115915768288876 0.00112664815171034 0.0536495122411916
"NA19098.2.D01" 0.768423256227858 0.174553587519926 0.000440102963035039 0.0565830532891811
"NA19098.2.D02" 0.522666828725608 0.318593453193133 0.0971773338665905 0.0615623842146691
"NA19098.2.D03" 0.558384967585379 0.293709433376426 0.0876436957535135 0.0602619032846815
"NA19098.2.D04" 0.633144108431855 0.211587892676701 0.0849811173855701 0.070286881505874
"NA19098.2.D05" 0.793003161684097 0.091820634926364 0.0337388854609924 0.0814373179285466
"NA19098.2.D06" 0.760836076233128 0.119021321848408 0.0320608057886341 0.0880817961298295
"NA19098.2.D08" 0.766984610050678 0.127631761483043 0.0374554361694046 0.0679281922968751
"NA19098.2.D09" 0.323566376390729 0.530097424902779 0.104642129910717 0.0416940687957762
"NA19098.2.D10" 0.675204761798563 0.185460138292395 0.0703434973100011 0.0689916025990411
"NA19098.2.D11" 0.742357275318596 0.103576227262852 0.061776406822585 0.0922900905959678
"NA19098.2.D12" 0.813468697512079 0.104964703578912 0.00810277140062086 0.0734638275083875
"NA19098.2.E01" 0.814004017384834 0.131625384910045 0.0010105910086121 0.0533600066965096
"NA19098.2.E02" 0.818148582090496 0.0928185484836668 0.0179614934258787 0.071071375999959
"NA19098.2.E03" 0.817729233055654 0.102553115350671 0.00799732476167588 0.0717203268319998
"NA19098.2.E04" 0.335155087909499 0.465813439785365 0.159352459717231 0.0396790125879058
"NA19098.2.E05" 0.73125387588198 0.185145467977723 0.0135939097044509 0.0700067464358464
"NA19098.2.E06" 0.805751225063273 0.135005261303234 0.000292742029967093 0.0589507716035258
"NA19098.2.E07" 0.608103992366286 0.367144043561255 0.000397061793860777 0.0243549022785983
"NA19098.2.E08" 0.798795955219694 0.113122838973699 0.0140776957324825 0.0740035100741245
"NA19098.2.E09" 0.870503498857351 0.0656357828360635 0.000442111649567535 0.0634186066570176
"NA19098.2.E11" 0.782779190508817 0.0841381846664209 0.0505313457786419 0.0825512790461201
"NA19098.2.E12" 0.724728189790738 0.175240973839926 0.0267697213488416 0.0732611150204947
"NA19098.2.F01" 0.334276189808102 0.469909520614474 0.138478983291395 0.0573353062860293
"NA19098.2.F02" 0.814811445937113 0.108863223001498 0.000795746386840998 0.0755295846745483
"NA19098.2.F03" 0.806333083171609 0.107816653280373 0.013622019000302 0.0722282445477151
"NA19098.2.F04" 0.676519029757179 0.207629084262321 0.0486503268860729 0.0672015590944273
"NA19098.2.F05" 0.795712292769082 0.0665298706890643 0.0538685018732152 0.083889334668639
"NA19098.2.F07" 0.777772863932658 0.120744990377637 0.0293454574935166 0.0721366881961882
"NA19098.2.F08" 0.799438860037602 0.140464748472171 0.0053934701721566 0.05470292131807
"NA19098.2.F09" 0.868133579542949 0.0765221717726596 0.000300698401200382 0.0550435502831912
"NA19098.2.F10" 0.781885326074508 0.151604291216975 0.00904152110544091 0.0574688616030761
"NA19098.2.F11" 0.350116906166706 0.431078241529237 0.144006618012183 0.0747982342918747
"NA19098.2.F12" 0.847736645043774 0.0910662783154537 0.00023627527299592 0.0609608013677767
"NA19098.2.G01" 0.376581587686735 0.425634500190126 0.143704697863261 0.0540792142598783
"NA19098.2.G02" 0.795137338794564 0.123337753503731 0.00147245635485596 0.0800524513468489
"NA19098.2.G03" 0.797809312252049 0.128171916232784 0.000956094633471057 0.0730626768816963
"NA19098.2.G04" 0.889576285413462 0.0408486573624409 0.00102847832849248 0.0685465788956047
"NA19098.2.G05" 0.614563054638402 0.305726225958733 0.0371057547281 0.0426049646747654
"NA19098.2.G06" 0.755159411540679 0.132990282586354 0.0398913944093466 0.0719589114636209
"NA19098.2.G07" 0.754990804420477 0.108025072600358 0.0494982535898331 0.0874858693893323
"NA19098.2.G08" 0.745371583589247 0.145030335475846 0.0350570626322595 0.0745410183026469
"NA19098.2.G09" 0.809708546393582 0.110348258173116 0.00769048636151802 0.0722527090717834
"NA19098.2.G10" 0.488435829903397 0.300092738262436 0.1435006591395 0.0679707726946669
"NA19098.2.G11" 0.60369665267975 0.2275035221953 0.0905833495095107 0.0782164756154396
"NA19098.2.G12" 0.687006648534289 0.102738485198104 0.0924686504174841 0.117786215850123
"NA19098.2.H01" 0.416771940814778 0.400756594352916 0.127911749853003 0.0545597149793025
"NA19098.2.H02" 0.743101308680305 0.154458294881224 0.0329640214145235 0.0694763750239475
"NA19098.2.H03" 0.73750473157817 0.162668411104476 0.0270821183636445 0.0727447389537092
"NA19098.2.H04" 0.748821577181495 0.120330845487087 0.063472341601549 0.0673752357298693
"NA19098.2.H05" 0.849638623206882 0.075431836729833 0.0070749238915847 0.0678546161716999
"NA19098.2.H06" 0.694185319331478 0.204904729493003 0.0468476638032907 0.0540622873722281
"NA19098.2.H07" 0.393020475914528 0.451434413260174 0.0988250848635091 0.0567200259617894
"NA19098.2.H08" 0.33184142436435 0.514422404836362 0.108193686912907 0.0455424838863811
"NA19098.2.H10" 0.817028281189467 0.09794681929072 0.0101602971197029 0.0748646024001103
"NA19098.2.H11" 0.789372268093305 0.131910860733954 0.0117023214874173 0.0670145496853242
"NA19098.2.H12" 0.398185032739468 0.475112320885819 0.074186907507714 0.0525157388669992
"NA19098.3.A03" 0.830012113774109 0.0924288239301467 0.00286004046748715 0.0746990218282569
"NA19098.3.A05" 0.427429735149932 0.431834274254491 0.0907963833954322 0.0499396072001452
"NA19098.3.A06" 0.691556344303437 0.182044310412151 0.0575961133243809 0.0688032319600314
"NA19098.3.A07" 0.487472471036283 0.377748230413677 0.0819619086089505 0.0528173899410896
"NA19098.3.A08" 0.788191634548658 0.115535524841978 0.0114234532513079 0.0848493873580561
"NA19098.3.A12" 0.784174474067044 0.124891961931329 0.0214345245130218 0.0694990394886052
"NA19098.3.B01" 0.687820292513548 0.205352448166903 0.042965701692748 0.0638615576268009
"NA19098.3.B02" 0.496672439283143 0.343412275666887 0.0917849759050763 0.0681303091448941
"NA19098.3.B03" 0.828126992969137 0.0958838125694443 0.000812908406636046 0.0751762860547827
"NA19098.3.B04" 0.851324277661556 0.0557866776993216 0.00733550792786477 0.0855535367112575
"NA19098.3.B05" 0.819377552661181 0.0733509937702739 0.029276311984049 0.0779951415844961
"NA19098.3.B06" 0.536041318500478 0.274280274305675 0.110677008226745 0.079001398967102
"NA19098.3.B07" 0.870376752634308 0.0670355483127602 0.00014390920304637 0.0624437898498853
"NA19098.3.B08" 0.800785852899034 0.111211625261542 0.00120152502073854 0.0868009968186851
"NA19098.3.B09" 0.846431649304615 0.0674641949391258 0.014755382703672 0.0713487730525876
"NA19098.3.B11" 0.817966021175476 0.107088331941411 0.000601189369521882 0.0743444575135912
"NA19098.3.B12" 0.740243290040546 0.118414797119058 0.0520470316214526 0.0892948812189429
"NA19098.3.C01" 0.803190875235189 0.133505286903051 0.000674154865043395 0.0626296829967167
"NA19098.3.C02" 0.59737482544965 0.186003432814973 0.12834114221903 0.0882805995163463
"NA19098.3.C03" 0.700546043619215 0.206929691039467 0.0340654534881763 0.058458811853142
"NA19098.3.C04" 0.820298791283762 0.112258600821991 0.00537282084371067 0.0620697870505359
"NA19098.3.C05" 0.814076181471949 0.110341294059392 0.00328307782605205 0.0722994466426074
"NA19098.3.C07" 0.404825551417084 0.402105555366789 0.124962274781083 0.0681066184350447
"NA19098.3.C08" 0.501133511899373 0.217891355914453 0.185652830563869 0.0953223016223048
"NA19098.3.C09" 0.842356790364106 0.0482914217220581 0.0267059567270853 0.0826458311867501
"NA19098.3.C10" 0.84577515285939 0.0921575048935372 0.000491156156680036 0.0615761860903931
"NA19098.3.C11" 0.81905120735908 0.124460799070328 0.0012311906850663 0.0552568028855257
"NA19098.3.C12" 0.760413596498115 0.180428609861486 0.000390752680351911 0.0587670409600465
"NA19098.3.D01" 0.450954939421084 0.329068039301863 0.16087072521489 0.0591062960621636
"NA19098.3.D02" 0.523925056899881 0.25306843045744 0.132598672587952 0.0904078400547266
"NA19098.3.D03" 0.832457534595154 0.0699595781301511 0.0154055636107378 0.0821773236639571
"NA19098.3.D05" 0.831767952339685 0.0719945248667664 0.0162874270999784 0.0799500956935705
"NA19098.3.D07" 0.822104667144015 0.0506353415660723 0.0364464952659068 0.0908134960240057
"NA19098.3.D09" 0.813888196062308 0.101261152261292 0.004526801236443 0.0803238504399566
"NA19098.3.D10" 0.813845311082152 0.119451057881816 0.000728836923412073 0.0659747941126191
"NA19098.3.D11" 0.744628781202977 0.143949327668637 0.0398601711480318 0.0715617199803549
"NA19098.3.D12" 0.683657379018852 0.242689997322723 0.0157520735315592 0.0579005501268665
"NA19098.3.E01" 0.812481852575306 0.102721096899165 0.0169823981538204 0.0678146523717088
"NA19098.3.E02" 0.842584887898138 0.0949224105359133 0.000914237555779271 0.0615784640101693
"NA19098.3.E03" 0.830192527180234 0.0871781693547668 0.0101921058353635 0.072437197629636
"NA19098.3.E04" 0.777609406371642 0.154299250367862 0.00045281408691911 0.0676385291735765
"NA19098.3.E05" 0.402746413389371 0.423773018986454 0.114870423757955 0.0586101438662204
"NA19098.3.E06" 0.473372332783266 0.333338458228468 0.115832838246724 0.0774563707415415
"NA19098.3.E07" 0.558685465651402 0.329800459432381 0.0189224914956263 0.0925915834205907
"NA19098.3.E08" 0.44444139909086 0.422528457400233 0.086679183903383 0.0463509596055244
"NA19098.3.E09" 0.523523407111987 0.366913081321017 0.0578851750916579 0.0516783364753384
"NA19098.3.E10" 0.819280324619982 0.0824093829233278 0.0111446538283922 0.0871656386282979
"NA19098.3.E11" 0.887202318934505 0.055257923918724 0.000432670726343437 0.0571070864204276
"NA19098.3.E12" 0.821710414030045 0.115244615188767 0.000770094967075806 0.0622748758141129
"NA19098.3.F01" 0.545730388039217 0.240187543187566 0.138733503564962 0.0753485652082554
"NA19098.3.F03" 0.758632693336832 0.142148726166319 0.0345647619364572 0.0646538185603917
"NA19098.3.F04" 0.780832428753854 0.156041695603483 0.000794853206811514 0.0623310224358518
"NA19098.3.F05" 0.771044931726034 0.172218474719942 0.00119193998035405 0.0555446535736693
"NA19098.3.F06" 0.792647066698152 0.147706102217999 0.00662699774843101 0.0530198333354178
"NA19098.3.F07" 0.592981761932412 0.294854704805007 0.0572886355959484 0.0548748976666321
"NA19098.3.F09" 0.838989493258972 0.0905561075113159 0.00061076179946057 0.0698436374302513
"NA19098.3.F10" 0.766553352851187 0.111101718000056 0.045585043749742 0.0767598853990151
"NA19098.3.F11" 0.393701369844226 0.432185977076247 0.1149744732586 0.0591381798209273
"NA19098.3.G01" 0.860116002669889 0.0769971011401366 0.00157171039843167 0.0613151857915425
"NA19098.3.G02" 0.475078572553134 0.372456602965231 0.0893151958164354 0.0631496286651987
"NA19098.3.G03" 0.409383578928322 0.420149359574861 0.117722190940754 0.0527448705560633
"NA19098.3.G04" 0.486628953056528 0.3828404603023 0.077425264855676 0.0531053217854957
"NA19098.3.G05" 0.903593743217882 0.0309016698444523 0.000611969100230408 0.0648926178374351
"NA19098.3.G06" 0.785579523545427 0.151932670532313 0.00667597998841208 0.0558118259338476
"NA19098.3.G07" 0.490065016602306 0.363923057368888 0.0904490327243144 0.0555628933044917
"NA19098.3.G08" 0.478531625583445 0.337009944255389 0.120948623202781 0.0635098069583849
"NA19098.3.G09" 0.550419656039966 0.281460609546776 0.108548326265901 0.0595714081473571
"NA19098.3.G10" 0.893499723779097 0.0410868150215292 0.000137486956372205 0.0652759742430014
"NA19098.3.G11" 0.466713013930994 0.430812198466574 0.0574313396508702 0.0450434479515619
"NA19098.3.G12" 0.451199737773804 0.385668822578772 0.108069785360141 0.0550616542872836
"NA19098.3.H01" 0.477946288664943 0.316879941291255 0.132842346766205 0.0723314232775972
"NA19098.3.H02" 0.742679173837482 0.164025938675558 0.0413322925771221 0.0519625949098377
"NA19098.3.H03" 0.77009709250548 0.110951605263779 0.035481620450395 0.083469681780346
"NA19098.3.H04" 0.831642800648232 0.0445698093588288 0.0267846349775183 0.0970027550154206
"NA19098.3.H05" 0.776419307841341 0.148093681133969 0.0119251737510495 0.0635618372736402
"NA19098.3.H06" 0.827247880440692 0.113560632485215 0.000432026450241687 0.058759460623851
"NA19098.3.H07" 0.52002852997538 0.282646546449023 0.104753463663997 0.0925714599116006
"NA19098.3.H08" 0.506301498102604 0.341313950472252 0.0855983283232126 0.0667862231019313
"NA19098.3.H09" 0.595829616008695 0.287956965008337 0.0715101060113127 0.0447033129716552
"NA19098.3.H10" 0.795041685311994 0.111935226572232 0.0274054037715524 0.0656176843442216
"NA19098.3.H11" 0.62073628091211 0.319224448815336 0.00284067544618851 0.0571985948263652
"NA19098.3.H12" 0.838632952693037 0.096042903814427 0.000602102004570268 0.0647220414879654
"NA19239.1.A01" 0.687346368289358 0.211097588800458 0.0301521595492795 0.0714038833609049
"NA19239.1.A02" 0.597686644298791 0.267301898071867 0.05234931315197 0.082662144477371
"NA19239.1.A03" 0.697954332323666 0.214309865332351 0.00576968775110329 0.0819661145928795
"NA19239.1.A04" 0.546815548552321 0.195076531377092 0.132210719058811 0.125897201011776
"NA19239.1.A05" 0.821846373052737 0.0932950831341319 0.0108505955673706 0.0740079482457602
"NA19239.1.A06" 0.706785336470647 0.141927272833477 0.0664877429627091 0.0847996477331676
"NA19239.1.A07" 0.454673918123744 0.383775930127163 0.0956763907385992 0.0658737610104937
"NA19239.1.A08" 0.673752902422125 0.231993939314883 0.031503801436587 0.0627493568264052
"NA19239.1.A09" 0.583323934397535 0.243489276861142 0.0900325976508134 0.0831541910905093
"NA19239.1.A10" 0.76363475355403 0.136180348663883 0.0191116772082136 0.0810732205738736
"NA19239.1.A11" 0.699565245286641 0.148847352063731 0.0567282524514311 0.0948591501981971
"NA19239.1.A12" 0.636633335616047 0.198961872787044 0.0702573067453381 0.0941474848515705
"NA19239.1.B02" 0.695293395170984 0.121857260209946 0.0652113396782578 0.117638004940813
"NA19239.1.B03" 0.671616532035743 0.238477823743626 0.0283419732204413 0.0615636710001899
"NA19239.1.B05" 0.608672904036586 0.203106445325285 0.102101417621648 0.0861192330164812
"NA19239.1.B06" 0.467649538812189 0.354494283288264 0.0971634141316865 0.0806927637678603
"NA19239.1.B07" 0.595822534760983 0.267300460865833 0.070668262982077 0.0662087413911066
"NA19239.1.B08" 0.81971100175536 0.125821895810428 0.00059269086226001 0.0538744115719518
"NA19239.1.B09" 0.749658916647999 0.107792796113173 0.0673861254684585 0.07516216177037
"NA19239.1.B10" 0.478409849754111 0.361576928902629 0.0947764581086705 0.0652367632345886
"NA19239.1.B11" 0.766103674862074 0.16321338705644 0.00936482204008845 0.0613181160413967
"NA19239.1.B12" 0.834856160732916 0.111459826715156 0.000336570090718851 0.0533474424612083
"NA19239.1.C01" 0.58386779763326 0.232390752332808 0.109112440043623 0.0746290099903098
"NA19239.1.C02" 0.840474992351443 0.0613499503004235 0.0166357455337283 0.0815393118144048
"NA19239.1.C03" 0.787233014268211 0.139906564065356 0.0118733808029221 0.0609870408635114
"NA19239.1.C05" 0.763306203504548 0.110081123649038 0.0494998369344436 0.0771128359119703
"NA19239.1.C06" 0.66309634691725 0.223771368466106 0.0484003056003703 0.0647319790162744
"NA19239.1.C07" 0.394989078003929 0.417682505509155 0.113540823716671 0.0737875927702449
"NA19239.1.C08" 0.686342906196482 0.168252050775388 0.0732359054694604 0.0721691375586694
"NA19239.1.C09" 0.839881390836653 0.0984272598295496 0.000512029685655141 0.0611793196481419
"NA19239.1.C10" 0.762650082141692 0.1449497495479 0.0245041426543166 0.0678960256560916
"NA19239.1.C11" 0.568112191818495 0.333378259160146 0.0356598264479219 0.0628497225734372
"NA19239.1.C12" 0.779389656531148 0.111934350642442 0.0371078218519403 0.0715681709744697
"NA19239.1.D01" 0.791000194021931 0.154581810341365 0.00709103274107322 0.0473269628956309
"NA19239.1.D02" 0.755328924869346 0.178268994402775 0.00239475144043503 0.0640073292874445
"NA19239.1.D03" 0.545937931795846 0.272355509707985 0.107657657767052 0.0740489007291169
"NA19239.1.D04" 0.704168963982198 0.210259769016504 0.0170261479438909 0.0685451190574073
"NA19239.1.D05" 0.668071454550606 0.309206779124429 0.00140883870037407 0.0213129276245905
"NA19239.1.D06" 0.734716935321328 0.116682720364734 0.0703877550697929 0.0782125892441453
"NA19239.1.D07" 0.392200985921457 0.408086227666359 0.124726381258767 0.0749864051534175
"NA19239.1.D08" 0.80200090206154 0.128923043771709 0.0105892909189783 0.0584867632477722
"NA19239.1.D09" 0.740372810133532 0.147521269490695 0.0353693951230439 0.076736525252729
"NA19239.1.D10" 0.655047352884368 0.228205721652657 0.0464529797236176 0.0702939457393571
"NA19239.1.D11" 0.724981627910762 0.133331934326295 0.0603843214049034 0.0813021163580391
"NA19239.1.D12" 0.61256210798464 0.257257202057513 0.0552991944038073 0.0748814955540394
"NA19239.1.E01" 0.785792956716982 0.14343335504964 0.00845599971545192 0.0623176885179258
"NA19239.1.E02" 0.829864400939005 0.0863523104071156 0.0132658817317363 0.0705174069221428
"NA19239.1.E03" 0.720924724996457 0.161565812330804 0.0525717528306898 0.0649377098420498
"NA19239.1.E04" 0.729476922674771 0.153359744926168 0.0481625853663416 0.06900074703272
"NA19239.1.E05" 0.423364246860225 0.287385163373929 0.190588699019784 0.098661890746062
"NA19239.1.E06" 0.595668772760511 0.169693599518992 0.137541367919595 0.0970962598009019
"NA19239.1.E07" 0.671981947026357 0.151348436379169 0.103740338747251 0.072929277847224
"NA19239.1.E08" 0.765456827113671 0.0971000320072104 0.0680899955538724 0.0693531453252466
"NA19239.1.E09" 0.783120403918996 0.135399322617665 0.0172351391311547 0.064245134332184
"NA19239.1.E10" 0.68165511149995 0.198106016461203 0.0550557223237575 0.0651831497150889
"NA19239.1.E11" 0.681152695704676 0.140548252733798 0.10672689549021 0.0715721560713168
"NA19239.1.E12" 0.792402846290845 0.0890016479029661 0.0487983057653386 0.0697972000408503
"NA19239.1.F01" 0.686816001892316 0.156280805809818 0.0915360679365171 0.0653671243613483
"NA19239.1.F02" 0.69703712502899 0.201475029348093 0.0475377183688338 0.053950127254083
"NA19239.1.F03" 0.686322022594098 0.219726341582135 0.0468271767463319 0.0471244590774354
"NA19239.1.F04" 0.739413378726328 0.149710523241158 0.0469171889556419 0.0639589090768721
"NA19239.1.F05" 0.337019351767569 0.498661271222001 0.115814296514089 0.0485050804963412
"NA19239.1.F06" 0.768018136232897 0.183456917174285 0.000538275066606853 0.0479866715262108
"NA19239.1.F07" 0.751657685091583 0.148203038216591 0.0321105780973754 0.0680286985944508
"NA19239.1.F08" 0.745266171717316 0.162230508348103 0.0201483976426423 0.0723549222919383
"NA19239.1.F09" 0.723043883324909 0.152423756652815 0.0637262423190181 0.0608061177032575
"NA19239.1.F10" 0.817846880983015 0.131323299031318 0.000510482394743109 0.0503193375909236
"NA19239.1.F11" 0.717548885462498 0.189301739522324 0.0317012712311671 0.061448103784011
"NA19239.1.F12" 0.75854212386705 0.127893953760141 0.041931470327161 0.0716324520456485
"NA19239.1.G01" 0.719900373561681 0.198476148539962 0.0164023615196118 0.065221116378745
"NA19239.1.G02" 0.640373104954426 0.19755948185996 0.0875232085469389 0.0745442046386746
"NA19239.1.G03" 0.719006593092418 0.173016624501925 0.035094805890785 0.0728819765148721
"NA19239.1.G04" 0.67260291083784 0.208305604581123 0.0497684340118908 0.0693230505691466
"NA19239.1.G05" 0.510778815989799 0.365570429174251 0.0584832026929402 0.0651675521430098
"NA19239.1.G06" 0.70046170964138 0.178113991890424 0.0410270799487046 0.0803972185194919
"NA19239.1.G07" 0.617947109973029 0.251250020109376 0.0689551108185031 0.0618477590990915
"NA19239.1.G08" 0.584896061902431 0.281198435666755 0.0567330851301908 0.0771724173006227
"NA19239.1.G09" 0.677652606528731 0.169144734685248 0.0706558543885113 0.0825468043975097
"NA19239.1.G10" 0.790220691534341 0.13833618055419 0.00382649061720988 0.0676166372942593
"NA19239.1.G11" 0.760933421981781 0.150079186904762 0.0255619987663721 0.0634253923470845
"NA19239.1.G12" 0.750467580277521 0.183992946668833 0.00875126740501238 0.0567882056486334
"NA19239.1.H01" 0.667959380394033 0.218372452178066 0.0454609690557979 0.0682071983721038
"NA19239.1.H03" 0.775054108572692 0.162709474858143 0.00124053061975507 0.0609958859494104
"NA19239.1.H04" 0.660083763655816 0.214713813773866 0.0476632686884459 0.0775391538818721
"NA19239.1.H05" 0.681059886707543 0.186785494407506 0.0505352222121329 0.081619396672818
"NA19239.1.H06" 0.738420603842543 0.149707635739386 0.0369901100338352 0.0748816503842358
"NA19239.1.H07" 0.752584367536373 0.135793403383755 0.0367557600558664 0.0748664690240063
"NA19239.1.H08" 0.654308746926582 0.221585297367002 0.0490446442423409 0.0750613114640756
"NA19239.1.H09" 0.556808283717527 0.230000001734405 0.11860307508853 0.0945886394595375
"NA19239.1.H10" 0.823286552075463 0.127592486149077 0.0011533935452981 0.0479675682301623
"NA19239.1.H11" 0.872258329183998 0.0751846019535598 0.000599815635706195 0.0519572532267365
"NA19239.1.H12" 0.828380787929311 0.096565644747438 0.0107245634319528 0.0643290038912988
"NA19239.2.A01" 0.740936055016071 0.203394187491601 0.00249194210999766 0.0531778153823302
"NA19239.2.A02" 0.843175784236964 0.0729938666606585 0.00136580098606124 0.0824645481163158
"NA19239.2.A04" 0.769777021443517 0.138989445732639 0.0131360132735684 0.0780975195502759
"NA19239.2.A05" 0.788260578097065 0.143023949157879 0.0162352261789543 0.0524802465661021
"NA19239.2.A06" 0.755834352522744 0.0884137773821865 0.054536247543261 0.101215622551808
"NA19239.2.A07" 0.831099756767886 0.0387358770540692 0.0347941148029216 0.0953702513751235
"NA19239.2.A08" 0.845069681846728 0.0756332667415587 0.0011329832727867 0.0781640681389267
"NA19239.2.A09" 0.824715557183596 0.0761711174355908 0.0138027649125604 0.0853105604682525
"NA19239.2.A10" 0.354055779668183 0.226716232753893 0.266225868546295 0.153002119031628
"NA19239.2.A11" 0.790852598672243 0.0548090799361339 0.0546583494687993 0.0996799719228242
"NA19239.2.A12" 0.780991351761996 0.0943447595781384 0.0353225120676757 0.0893413765921899
"NA19239.2.B01" 0.211608442637645 0.443882661378335 0.268970908817247 0.0755379871667722
"NA19239.2.B02" 0.765515260043863 0.11593372922175 0.0459012003590683 0.0726498103753186
"NA19239.2.B03" 0.362253370505949 0.416785563249851 0.162713040804937 0.058248025439264
"NA19239.2.B04" 0.848290574661265 0.0820663596442158 0.00109329191162887 0.0685497737828903
"NA19239.2.B05" 0.704298764381312 0.133762188179403 0.0593594476575217 0.102579599781763
"NA19239.2.B06" 0.828145571271154 0.0888431604001339 0.00784421670163272 0.0751670516270794
"NA19239.2.B07" 0.833610139829491 0.0776859217408263 0.00152321598398974 0.0871807224456928
"NA19239.2.B08" 0.702657927365217 0.189100625058006 0.0342756172752585 0.0739658303015193
"NA19239.2.B09" 0.848761961660646 0.0463527843786159 0.0141825833110045 0.0907026706497339
"NA19239.2.B11" 0.357019401825585 0.498720109763389 0.0823456550373383 0.0619148333736882
"NA19239.2.B12" 0.814811566721635 0.0946639938712652 0.0158901029080468 0.0746343364990531
"NA19239.2.C02" 0.631300976454433 0.236824708296426 0.0723148542088848 0.0595594610402561
"NA19239.2.C03" 0.362777913328063 0.413873789002374 0.15437644058036 0.0689718570892026
"NA19239.2.C04" 0.796081754098532 0.0897347922333582 0.0461726262962998 0.06801082737181
"NA19239.2.C05" 0.645754356401347 0.248713201293635 0.0371575059155466 0.0683749363894712
"NA19239.2.C06" 0.479697999281482 0.460836132065546 0.0227342459420102 0.0367316227109621
"NA19239.2.C07" 0.814756649349787 0.0812170440274612 0.0263644672035246 0.0776618394192274
"NA19239.2.C08" 0.322282441849315 0.406753199464123 0.165570786240693 0.105393572445869
"NA19239.2.C09" 0.780862308040408 0.0857197117050621 0.0525549960863217 0.0808629841682086
"NA19239.2.C11" 0.82738912592482 0.0785801925978642 0.0139133888259203 0.0801172926513958
"NA19239.2.C12" 0.745531576401115 0.17329691940411 0.0108648407535353 0.0703066634412398
"NA19239.2.D01" 0.631950483490624 0.210252107199247 0.0861747610658803 0.071622648244249
"NA19239.2.D02" 0.827592136957994 0.0833402622393275 0.0147854128666387 0.0742821879360392
"NA19239.2.D03" 0.681451225589855 0.19202938734118 0.0633938495999352 0.0631255374690289
"NA19239.2.D04" 0.86095177532231 0.0563601528113627 0.0174031672047079 0.0652849046616197
"NA19239.2.D05" 0.801785116733972 0.138218195138942 0.00369141425959608 0.0563052738674905
"NA19239.2.D06" 0.795121503158158 0.132982950529418 0.0170016403360085 0.0548939059764148
"NA19239.2.D07" 0.254649087935649 0.513656216021347 0.170489322334371 0.0612053737086328
"NA19239.2.D08" 0.551799304181644 0.268668062355406 0.0922213107011198 0.0873113227618304
"NA19239.2.D09" 0.317718318981056 0.452761556860934 0.163254894265981 0.0662652298920287
"NA19239.2.D11" 0.840850037783391 0.0985079319463883 0.000426783069121643 0.0602152472010994
"NA19239.2.D12" 0.234670429928494 0.608315252572069 0.0915942049280326 0.0654201125714042
"NA19239.2.E01" 0.76886234878197 0.170881756647366 0.00207987759364231 0.0581760169770221
"NA19239.2.E02" 0.842734348277158 0.0913796686474935 0.00252094137677454 0.0633650416985735
"NA19239.2.E04" 0.793094032999752 0.0993672564503201 0.0385649936025988 0.0689737169473295
"NA19239.2.E05" 0.829342452280117 0.10133387998477 0.00684663181578521 0.0624770359193281
"NA19239.2.E06" 0.817802389982262 0.063854866113896 0.0424819946162056 0.0758607492876365
"NA19239.2.E07" 0.782794693473138 0.145155456765723 0.0201078920264546 0.0519419577346841
"NA19239.2.E08" 0.736927370436011 0.116987521494363 0.0781460157135273 0.0679390923560988
"NA19239.2.E09" 0.304250084677668 0.553173743706793 0.111261357922395 0.031314813693144
"NA19239.2.E11" 0.740671269823539 0.133609850915422 0.0638262030079215 0.0618926762531168
"NA19239.2.E12" 0.654453778103143 0.184114410404119 0.0847038550158359 0.0767279564769019
"NA19239.2.F01" 0.74402190985015 0.133978611742574 0.0514255340320162 0.0705739443752591
"NA19239.2.F02" 0.672716861794566 0.18244132457233 0.0566774352853818 0.0881643783477226
"NA19239.2.F03" 0.709992149127194 0.237417352236466 0.000544234889541769 0.0520462637467982
"NA19239.2.F04" 0.274817780571623 0.49655364083981 0.154494703013276 0.07413387557529
"NA19239.2.F05" 0.764813929851795 0.174956710546995 0.000691196680292307 0.0595381629209181
"NA19239.2.F06" 0.337229090778701 0.480575024822426 0.135765347745442 0.0464305366534309
"NA19239.2.F07" 0.363550904954645 0.455456567463592 0.134334707064014 0.0466578205177494
"NA19239.2.F08" 0.796460550300957 0.0936901043939517 0.0355299507081089 0.0743193945969828
"NA19239.2.F09" 0.640605562025525 0.222186948910955 0.08031936793248 0.0568881211310403
"NA19239.2.F10" 0.817725668972893 0.1259154859184 0.000327442624447169 0.0560314024842597
"NA19239.2.F11" 0.82751073998646 0.117905379627214 0.000495273944740556 0.0540886064415852
"NA19239.2.F12" 0.433196731988177 0.440743726766011 0.0821375974383521 0.0439219438074599
"NA19239.2.G01" 0.803295038800668 0.114237606746648 0.00743269004930188 0.0750346644033816
"NA19239.2.G02" 0.754847311451199 0.133405220080084 0.0400393735137046 0.0717080949550123
"NA19239.2.G03" 0.428667139105357 0.42037746528376 0.0778249525960159 0.0731304430148668
"NA19239.2.G04" 0.785497225150195 0.0953217482269066 0.0387160041966663 0.0804650224262326
"NA19239.2.G05" 0.843671751654439 0.105116266707421 0.000840688768579937 0.0503712928695593
"NA19239.2.G06" 0.753504474439358 0.145617655299697 0.0333847026662512 0.0674931675946934
"NA19239.2.G07" 0.756014914497492 0.160848159895563 0.0201933528859247 0.0629435727210198
"NA19239.2.G08" 0.488785595747394 0.319398216193934 0.137771353181238 0.0540448348774338
"NA19239.2.G09" 0.86851470162794 0.0363679843278981 0.0170875842623167 0.0780297297818453
"NA19239.2.G10" 0.86640027499499 0.0670035440161205 0.00456643476024145 0.0620297462286477
"NA19239.2.G11" 0.902142255800177 0.0293045225104816 0.000523142327443676 0.0680300793618979
"NA19239.2.G12" 0.83357226776535 0.0900387940363214 0.00739126699758648 0.0689976712007423
"NA19239.2.H01" 0.793594763526487 0.104641531495448 0.032580975122284 0.0691827298557814
"NA19239.2.H02" 0.368713399201595 0.432250426018129 0.147671676196668 0.0513644985836074
"NA19239.2.H03" 0.35920878494086 0.499780469616093 0.0867461718479043 0.0542645735951429
"NA19239.2.H04" 0.8126429124176 0.108772672121361 0.0108664659686435 0.0677179494923956
"NA19239.2.H05" 0.603105231605684 0.294944565116008 0.0325570192565426 0.069393184021766
"NA19239.2.H06" 0.749583727811181 0.165998677497004 0.0244246582650683 0.0599929364267464
"NA19239.2.H07" 0.422827758014022 0.416246775469752 0.108688324139379 0.0522371423768463
"NA19239.2.H08" 0.78035235898133 0.0855644809656456 0.0381185395644243 0.0959646204885998
"NA19239.2.H09" 0.727748724957072 0.154032466763737 0.0390594015559825 0.0791594067232086
"NA19239.2.H10" 0.883375194466607 0.0470923689819916 0.000612064667196175 0.0689203718842052
"NA19239.2.H11" 0.731225818685454 0.0836579678130024 0.0586815543393348 0.126434659162209
"NA19239.2.H12" 0.841929531402225 0.11259629703095 0.000734219066286042 0.044739952500539
"NA19239.3.A02" 0.690817198479598 0.172338187734 0.0564149606116703 0.0804296531747313
"NA19239.3.A03" 0.760311452311941 0.169166532132665 0.00248392545065111 0.068038090104743
"NA19239.3.A04" 0.668509174210421 0.143498030968059 0.100380458603825 0.0876123362176946
"NA19239.3.A05" 0.724317836353544 0.161574905176509 0.0569022978205297 0.0572049606494174
"NA19239.3.A06" 0.689441004143244 0.160943439765439 0.0740503303910675 0.0755652257002494
"NA19239.3.A07" 0.762189143876934 0.121685072713296 0.0395611981488695 0.0765645852608999
"NA19239.3.A08" 0.486706767222944 0.363936152315216 0.0785714819662803 0.0707855984955596
"NA19239.3.A09" 0.740680563556937 0.154302060904442 0.0314676332457898 0.0735497422928311
"NA19239.3.A10" 0.582109034801064 0.275525728525749 0.0966500085309263 0.0457152281422608
"NA19239.3.A11" 0.53564305637464 0.384397575587426 0.0503194877408604 0.0296398802970727
"NA19239.3.A12" 0.776054033466979 0.167213205209982 0.000441429487373629 0.0562913318356652
"NA19239.3.B01" 0.641463004178546 0.276465400589283 0.0304417616861765 0.0516298335459948
"NA19239.3.B02" 0.594189203420922 0.245092549692866 0.102131821989177 0.0585864248970355
"NA19239.3.B03" 0.789791150000034 0.119306998035143 0.0230939154856509 0.0678079364791724
"NA19239.3.B04" 0.687518290472936 0.213512824283895 0.0262639841245692 0.0727049011186002
"NA19239.3.B05" 0.718956033166043 0.225019834998104 0.00125929199384226 0.0547648398420105
"NA19239.3.B06" 0.71854306808884 0.194402526230973 0.0218255429406476 0.0652288627395396
"NA19239.3.B07" 0.646579127207613 0.198534084908318 0.069007855194156 0.0858789326899136
"NA19239.3.B10" 0.695224071495889 0.19032115575307 0.0465162219714872 0.0679385507795543
"NA19239.3.B11" 0.665320915433475 0.172004105857422 0.0751356130750182 0.0875393656340855
"NA19239.3.B12" 0.739811564692131 0.200307732146629 0.00406196297626833 0.0558187401849723
"NA19239.3.C01" 0.924903745362487 0.00971973938498255 0.000152083221350786 0.0652244320311798
"NA19239.3.C02" 0.665857420361137 0.259901820221475 0.0207987771202788 0.0534419822971099
"NA19239.3.C03" 0.718129159783981 0.158384250754534 0.0564999317299756 0.066986657731509
"NA19239.3.C06" 0.678609540847252 0.195035452260363 0.0569512555734101 0.0694037513189749
"NA19239.3.C07" 0.275702177008663 0.60766020960933 0.0683041924785487 0.0483334209034581
"NA19239.3.C08" 0.732754072317626 0.199751733737295 0.00441188970040047 0.0630823042446779
"NA19239.3.C09" 0.754171326770602 0.108681639089483 0.0522794238417636 0.0848676102981514
"NA19239.3.C10" 0.668186018479764 0.18888754741471 0.0604269108359975 0.0824995232695285
"NA19239.3.C11" 0.710566400399617 0.137559101644393 0.067076361744259 0.084798136211731
"NA19239.3.C12" 0.712941867524412 0.147889225645387 0.0574649568632605 0.0817039499669412
"NA19239.3.D01" 0.707876311990105 0.200442422735031 0.0318878276846066 0.0597934375902578
"NA19239.3.D02" 0.74878319842393 0.12856509950278 0.0416588643587799 0.08099283771451
"NA19239.3.D03" 0.688028242598854 0.175416064212131 0.0627519526165618 0.0738037405724538
"NA19239.3.D04" 0.585500784819022 0.198885407390802 0.111688657946074 0.103925149844103
"NA19239.3.D05" 0.756741322259508 0.163370938308834 0.0187120983445301 0.061175641087128
"NA19239.3.D06" 0.694326040017845 0.14573970354307 0.0773816879860739 0.0825525684530108
"NA19239.3.D07" 0.624477258079036 0.225697327226198 0.0759376490682149 0.0738877656265507
"NA19239.3.D08" 0.682347598254085 0.232694566131051 0.0325339661821736 0.0524238694326907
"NA19239.3.D09" 0.69780227039673 0.192351256350818 0.0278916199443079 0.0819548533081437
"NA19239.3.D10" 0.763248357406857 0.139141093125886 0.0027397602977431 0.0948707891695145
"NA19239.3.D12" 0.661384208774287 0.199856631995762 0.065703872117996 0.0730552871119556
"NA19239.3.E01" 0.403962358341189 0.451129119642377 0.104286090018085 0.0406224319983494
"NA19239.3.E02" 0.651742454855709 0.222206297587065 0.0744078022586593 0.0516434452985669
"NA19239.3.E05" 0.713725378437878 0.137380746161075 0.0648180545790209 0.084075820822026
"NA19239.3.E06" 0.685068387786137 0.172306733305015 0.069969875407768 0.0726550035010804
"NA19239.3.E07" 0.747773272148727 0.166835638027443 0.0197402822370863 0.0656508075867433
"NA19239.3.E08" 0.765982826759643 0.180389788000284 0.00056219274734327 0.0530651924927294
"NA19239.3.E09" 0.67545100700527 0.208141052148723 0.0559456654488951 0.060462275397112
"NA19239.3.E10" 0.677127919135641 0.133691864988818 0.101046294422282 0.0881339214532586
"NA19239.3.E11" 0.722056566055651 0.101777587864391 0.0671759296431525 0.108989916436806
"NA19239.3.E12" 0.31862421047039 0.542229510337994 0.107808093398313 0.0313381857933027
"NA19239.3.F01" 0.73032161759022 0.155768972772411 0.0376479198479839 0.0762614897893848
"NA19239.3.F02" 0.633091454576064 0.260327548367864 0.0424280597966579 0.0641529372594143
"NA19239.3.F03" 0.718469968348766 0.159393510794214 0.0537946498192596 0.0683418710377597
"NA19239.3.F04" 0.578074032505961 0.234528373090434 0.0889908030323714 0.0984067913712328
"NA19239.3.F05" 0.754709108423335 0.133893316044234 0.0401587422855635 0.0712388332468683
"NA19239.3.F06" 0.660462967618983 0.211665694708712 0.0741717908106881 0.0536995468616172
"NA19239.3.F07" 0.773313784274737 0.134066545461857 0.00879392334362594 0.0838257469197799
"NA19239.3.F08" 0.729080231019141 0.168875424807578 0.0404020429550814 0.0616423012181987
"NA19239.3.F09" 0.719371432105999 0.10678205295377 0.0845130336160784 0.0893334813241525
"NA19239.3.F10" 0.657220848663735 0.266704751624525 0.0205278414870392 0.0555465582247004
"NA19239.3.F11" 0.736500455698695 0.149898362135497 0.0382444607423217 0.0753567214234862
"NA19239.3.F12" 0.734042408840964 0.121474956064639 0.0663213635053111 0.0781612715890862
"NA19239.3.G01" 0.706614025948532 0.1891287851285 0.00158043757802028 0.102676751344947
"NA19239.3.G02" 0.698956185457529 0.13264947319884 0.080457764553322 0.0879365767903096
"NA19239.3.G03" 0.695114192983475 0.19482818564487 0.0382599207600727 0.0717977006115821
"NA19239.3.G05" 0.722143850532138 0.171806204928646 0.0409370473047945 0.0651128972344209
"NA19239.3.G06" 0.689936008271657 0.135409380983439 0.0766841764420704 0.0979704343028333
"NA19239.3.G07" 0.730676304955389 0.132627293419447 0.0591606275875923 0.077535774037571
"NA19239.3.G08" 0.762429667074438 0.170345322437733 0.0014511795242856 0.0657738309635429
"NA19239.3.G09" 0.814711037721613 0.0909612849111626 0.012882876465516 0.0814448009017081
"NA19239.3.G11" 0.748802381817001 0.129691806132973 0.0392570004009678 0.082248811649058
"NA19239.3.G12" 0.552232731340205 0.154360802486237 0.166530545898604 0.126875920274954
"NA19239.3.H01" 0.751669648058328 0.175646942522917 0.000787832094615242 0.0718955773241397
"NA19239.3.H03" 0.735927241540913 0.155266238299485 0.026908008529503 0.0818985116300988
"NA19239.3.H04" 0.716245765717288 0.131532353377213 0.0699609604563082 0.0822609204491909
"NA19239.3.H05" 0.657091746775294 0.157045693400947 0.100185002884087 0.0856775569396718
"NA19239.3.H06" 0.722828778603333 0.158160518364395 0.0518013790819484 0.0672093239503227
"NA19239.3.H07" 0.770523906009622 0.158757377183665 0.000961355003201007 0.0697573618035122
"NA19239.3.H08" 0.65517305263586 0.250447051767469 0.042653671019951 0.0517262245767202
"NA19239.3.H09" 0.780121250965691 0.1165019820417 0.0347011170991689 0.0686756498934396
"NA19239.3.H11" 0.689027038866364 0.192781336387533 0.060462125275523 0.0577294994705792
"NA19239.3.H12" 0.792550216937348 0.146025976668268 0.000804352739831674 0.0606194536545523
"NA19101.1.A01" 0.276844535850665 0.568961924587532 0.107971194371257 0.0462223451905459
"NA19101.1.A02" 0.666598057867373 0.170733248985124 0.0836555338040765 0.0790131593434262
"NA19101.1.A03" 0.734014210614881 0.0879097723126667 0.0853738198044468 0.0927021972680054
"NA19101.1.A04" 0.735368617322526 0.237504653390895 0.000227041482463832 0.0268996878041152
"NA19101.1.A05" 0.761590794024946 0.12070336666487 0.0469232003382505 0.0707826389719336
"NA19101.1.A06" 0.81791462431141 0.0774032705103207 0.0252230504734446 0.0794590547048249
"NA19101.1.A07" 0.786459077376255 0.0563366668120778 0.0383448361557247 0.118859419655943
"NA19101.1.A08" 0.610659972615701 0.264697470643594 0.0525962978078644 0.0720462589328416
"NA19101.1.A09" 0.782482535875631 0.0288760676545712 0.0811864633243477 0.107454933145451
"NA19101.1.A10" 0.816623055160856 0.12168471495311 0.00238540753638126 0.0593068223496531
"NA19101.1.A11" 0.630125743572131 0.263994893810343 0.0392316416577167 0.0666477209598087
"NA19101.1.A12" 0.213214765161258 0.583513458136502 0.124133603782669 0.0791381729195706
"NA19101.1.B01" 0.189022484477323 0.635777455657332 0.121584096508236 0.0536159633571083
"NA19101.1.B02" 0.727330118083109 0.0830051659986438 0.102089631267819 0.0875750846504285
"NA19101.1.B03" 0.844466834718065 0.0703051855809183 0.00982146100893067 0.0754065186920857
"NA19101.1.B04" 0.761357904661957 0.0998086128803743 0.0631405945311047 0.0756928879265637
"NA19101.1.B05" 0.708074045449958 0.156333639444616 0.0578931141221679 0.0776992009832581
"NA19101.1.B06" 0.169039861580326 0.642794162624082 0.125141647908707 0.0630243278868851
"NA19101.1.B07" 0.728370798385847 0.144739295979195 0.0560831076409957 0.0708067979939619
"NA19101.1.B08" 0.682142388468705 0.11708517109819 0.0972030943627173 0.103569346070387
"NA19101.1.B09" 0.778914576190044 0.0932565884212351 0.0462405225221239 0.0815883128665971
"NA19101.1.B10" 0.802396560416219 0.0576215561356718 0.0495959741907365 0.090385909257373
"NA19101.1.B11" 0.768995758189685 0.10859608659461 0.0420726480184074 0.0803355071972975
"NA19101.1.B12" 0.799726029314183 0.132589039600885 0.00342709001002214 0.0642578410749103
"NA19101.1.C01" 0.701440621574448 0.185108254325464 0.0426755442815526 0.0707755798185354
"NA19101.1.C02" 0.698140015516649 0.206899285302986 0.0162400334808284 0.0787206656995365
"NA19101.1.C03" 0.818085613909424 0.104495458870339 0.000554213533196274 0.0768647136870415
"NA19101.1.C04" 0.694361392457042 0.186785972120484 0.0553375345274667 0.063515100895007
"NA19101.1.C05" 0.647693098585743 0.236318681755877 0.0461830503399424 0.0698051693184383
"NA19101.1.C06" 0.783805762967341 0.0718083803235778 0.0536140902985821 0.0907717664104994
"NA19101.1.C07" 0.642971196027482 0.164201184035628 0.105941712949392 0.086885906987498
"NA19101.1.C08" 0.673475744371704 0.141162866196133 0.0638300267041311 0.121531362728032
"NA19101.1.C09" 0.713882514388293 0.140788351676177 0.0798971586523381 0.0654319752831923
"NA19101.1.C10" 0.771793747054939 0.0990925137285098 0.0462113879540525 0.0829023512624986
"NA19101.1.C11" 0.701905227677993 0.14648037195028 0.0511339446377246 0.100480455734002
"NA19101.1.C12" 0.777066867715106 0.131876233706183 0.0287350703613308 0.0623218282173802
"NA19101.1.D01" 0.52857861861103 0.369535069819063 0.0459579746144381 0.055928336955469
"NA19101.1.D02" 0.66599959479317 0.143627614425674 0.118826313384554 0.071546477396603
"NA19101.1.D03" 0.738160777161577 0.117109889610591 0.067901303379316 0.0768280298485154
"NA19101.1.D04" 0.744177794417504 0.143522269254285 0.0380318575298726 0.0742680787983382
"NA19101.1.D05" 0.816500230881969 0.12966911380713 0.00400335246914024 0.0498273028417606
"NA19101.1.D06" 0.598121551740242 0.282150695229902 0.0388483823144368 0.0808793707154194
"NA19101.1.D07" 0.679197235308801 0.213660655845525 0.0412841758386601 0.0658579330070133
"NA19101.1.D08" 0.775131834574644 0.0985566107549522 0.0169705535926923 0.109341001077712
"NA19101.1.D09" 0.736600407108509 0.0745793271556085 0.0838582406949711 0.104962025040912
"NA19101.1.D10" 0.681272998018678 0.175757850205241 0.0717369991950005 0.0712321525810798
"NA19101.1.D11" 0.795218764230456 0.0876218879809932 0.0394501355708688 0.0777092122176817
"NA19101.1.D12" 0.805018241042721 0.125327925560369 0.00402427721072148 0.065629556186189
"NA19101.1.E01" 0.701804254033758 0.146683101681055 0.0567153820780416 0.0947972622071454
"NA19101.1.E02" 0.721800909465673 0.137256647851469 0.0545193839559033 0.0864230587269554
"NA19101.1.E03" 0.751907184626055 0.153854992366254 0.0317852399329935 0.0624525830746977
"NA19101.1.E04" 0.772300295388788 0.0941787773478654 0.0421536564069847 0.0913672708563615
"NA19101.1.E05" 0.452899720611819 0.430755942312388 0.0653005310747289 0.0510438060010642
"NA19101.1.E06" 0.632501881570745 0.248674744570573 0.06170701224088 0.0571163616178016
"NA19101.1.E07" 0.810939157480612 0.0616485363405447 0.0404830466880009 0.0869292594908425
"NA19101.1.E08" 0.784096409986124 0.117935401131561 0.0130575048482464 0.0849106840340691
"NA19101.1.E09" 0.336269905170811 0.476077105700656 0.128664576696217 0.0589884124323159
"NA19101.1.E10" 0.794908177117358 0.104061217841633 0.0313731496851312 0.069657455355878
"NA19101.1.E11" 0.316136494075979 0.595933813199448 0.081160568643271 0.0067691240813015
"NA19101.1.E12" 0.786470903353042 0.141252231068556 0.00498969144134107 0.0672871741370604
"NA19101.1.F01" 0.733745732569997 0.150548892592346 0.032718373367341 0.0829870014703154
"NA19101.1.F02" 0.801598788070747 0.0777934802845881 0.0365009976424046 0.0841067340022607
"NA19101.1.F03" 0.750412253626309 0.091409289583434 0.085929659891412 0.0722487968988452
"NA19101.1.F04" 0.640000290846888 0.229440726379372 0.0592483270884664 0.0713106556852735
"NA19101.1.F07" 0.773398715853288 0.101815574697536 0.0482858266462396 0.0764998828029364
"NA19101.1.F08" 0.762180572366074 0.107007643444747 0.0692390951972845 0.0615726889918946
"NA19101.1.F09" 0.726844846569724 0.0892956553367687 0.112109633189675 0.0717498649038326
"NA19101.1.F10" 0.318978372563157 0.524625687851628 0.122641474161801 0.0337544654234135
"NA19101.1.F11" 0.737107846445321 0.152904814334336 0.0498162169979689 0.0601711222223739
"NA19101.1.F12" 0.72656609182969 0.199240743758612 0.00761602556191094 0.0665771388497871
"NA19101.1.G01" 0.23828699774974 0.578671971506143 0.135340085218759 0.0477009455253574
"NA19101.1.G02" 0.673387362539285 0.195904754389476 0.0437283684898248 0.0869795145814145
"NA19101.1.G03" 0.707551170912586 0.180524497111798 0.0389292151239645 0.0729951168516515
"NA19101.1.G04" 0.748528211085904 0.108174824532849 0.054492724321202 0.0888042400600451
"NA19101.1.G05" 0.712416137138626 0.229479587939479 0.0139668250532163 0.0441374498686788
"NA19101.1.G06" 0.380732383674483 0.472364912350231 0.11828857964898 0.0286141243263056
"NA19101.1.G07" 0.772198571178219 0.109188093181723 0.0481955123895575 0.0704178232505011
"NA19101.1.G08" 0.653542252614522 0.216589127629811 0.0717921039040972 0.0580765158515693
"NA19101.1.G09" 0.725166837960713 0.179148954440074 0.0523523951955381 0.0433318124036752
"NA19101.1.G10" 0.776137832199433 0.135105165078381 0.0138526079028765 0.0749043948193103
"NA19101.1.G11" 0.79968703588923 0.0924723887062218 0.0317943398624258 0.076046235542122
"NA19101.1.G12" 0.763912734264758 0.0747081342648735 0.0746607063504556 0.0867184251199133
"NA19101.1.H01" 0.745298924748501 0.115467190885499 0.0462036436906477 0.0930302406753527
"NA19101.1.H02" 0.710535382304273 0.148764284033574 0.0585393947994102 0.0821609388627433
"NA19101.1.H03" 0.682662982994733 0.115574198638901 0.103303750042785 0.0984590683235805
"NA19101.1.H04" 0.305803531589035 0.553527724210564 0.104814011574283 0.0358547326261178
"NA19101.1.H05" 0.768808678112639 0.122206196760553 0.0389067895889443 0.070078335537864
"NA19101.1.H06" 0.820759195373552 0.109831089560954 0.000493729145271386 0.0689159859202232
"NA19101.1.H08" 0.711587864411767 0.146598456073318 0.0868614519807698 0.0549522275341451
"NA19101.1.H09" 0.333852754780524 0.530277764237085 0.0911856223178977 0.0446838586644931
"NA19101.1.H10" 0.767099652793589 0.0673884764051641 0.0733594191672864 0.0921524516339602
"NA19101.1.H12" 0.806249173616384 0.0952938734365486 0.032666505642947 0.0657904473041205
"NA19101.2.A01" 0.726621794857533 0.121127197939935 0.0621312206449665 0.0901197865575657
"NA19101.2.A02" 0.839472833685103 0.112095717915519 0.000355898238506301 0.0480755501608723
"NA19101.2.A03" 0.447276798910135 0.415977926625169 0.0677186938152794 0.0690265806494164
"NA19101.2.A04" 0.445291485574435 0.287127908426737 0.193075397250156 0.0745052087486717
"NA19101.2.A06" 0.827401303386657 0.104110509343418 0.0135202233664758 0.0549679639034489
"NA19101.2.A07" 0.502068161483285 0.294826528019498 0.106570262003889 0.0965350484933275
"NA19101.2.A08" 0.845682141521566 0.0740861988319051 0.00189100173829937 0.0783406579082295
"NA19101.2.A09" 0.846601452928289 0.0531830174340589 0.0225513263994206 0.0776642032382316
"NA19101.2.A10" 0.873315012321957 0.0613491036966555 0.000403471737885266 0.064932412243502
"NA19101.2.A11" 0.465778473810972 0.296282389864994 0.152178954081497 0.0857601822425368
"NA19101.2.A12" 0.425441630788552 0.349069459409845 0.113557756991019 0.111931152810584
"NA19101.2.B01" 0.602008975231108 0.20606274868653 0.0894415868153383 0.102486689267024
"NA19101.2.B02" 0.777828459077081 0.0899906550875921 0.041900343376572 0.0902805424587546
"NA19101.2.B03" 0.789646359442865 0.142209903380315 0.00750706643097369 0.060636670745846
"NA19101.2.B04" 0.383741673014636 0.385992569946195 0.112214093579359 0.11805166345981
"NA19101.2.B05" 0.443604984136732 0.313272320223003 0.170973116300481 0.0721495793397847
"NA19101.2.B06" 0.783401175952497 0.148987793942395 0.002864566218625 0.0647464638864821
"NA19101.2.B08" 0.773802480686166 0.169338311385121 0.00981777264627148 0.0470414352824415
"NA19101.2.B09" 0.78211270477287 0.123451583947706 0.0347097176180018 0.0597259936614219
"NA19101.2.B10" 0.776281104878987 0.171715607224343 0.000439854032249744 0.0515634338644202
"NA19101.2.B12" 0.851355035429701 0.076105794155327 0.00239155513010576 0.0701476152848665
"NA19101.2.C01" 0.405300781955074 0.267092622986203 0.220310240520069 0.107296354538654
"NA19101.2.C03" 0.714045396913502 0.184969647984863 0.0454356036873399 0.0555493514142951
"NA19101.2.C04" 0.868210173034273 0.0771935983567594 0.000836659366316269 0.0537595692426518
"NA19101.2.C05" 0.721952692340735 0.19573474359114 0.014697174444286 0.0676153896238389
"NA19101.2.C06" 0.826464097092384 0.102638467773694 0.0259885282904332 0.0449089068434885
"NA19101.2.C07" 0.905634980528454 0.0547127007887274 0.000727790148597515 0.0389245285342207
"NA19101.2.C08" 0.808508146000068 0.121768134776876 0.010368201117699 0.0593555181053576
"NA19101.2.C09" 0.304030534459452 0.388046355764873 0.19952551013024 0.108397599645436
"NA19101.2.C10" 0.481532402731617 0.381391206078084 0.0785135649548285 0.05856282623547
"NA19101.2.C11" 0.819572612960734 0.0715946526011867 0.0483644513306115 0.0604682831074675
"NA19101.2.C12" 0.371835108101335 0.390762426685704 0.173953959576244 0.063448505636716
"NA19101.2.D01" 0.850358832255107 0.105363885806094 0.000227046432549319 0.0440502355062493
"NA19101.2.D02" 0.719503422701709 0.135903719063601 0.0609131226343425 0.0836797356003476
"NA19101.2.D03" 0.884495348225309 0.0542048945569272 0.00813141337549442 0.0531683438422698
"NA19101.2.D04" 0.827206583265198 0.0986176918189801 0.0160487278522459 0.0581269970635756
"NA19101.2.D05" 0.419130734381021 0.299767257622912 0.181395544740075 0.0997064632559915
"NA19101.2.D06" 0.709737728637188 0.171031003395092 0.0549283637281306 0.0643029042395897
"NA19101.2.D07" 0.663288771011909 0.203703183048922 0.0465790837678889 0.0864289621712796
"NA19101.2.D08" 0.850503169133136 0.0696397445915471 0.017238830265119 0.0626182560101982
"NA19101.2.D09" 0.536717600139123 0.195776746220923 0.136850458959494 0.130655194680461
"NA19101.2.D10" 0.597199266416366 0.247039827518531 0.0862816086782644 0.0694792973868379
"NA19101.2.D11" 0.868312203842987 0.0857519702118015 0.000617107299237399 0.0453187186459744
"NA19101.2.D12" 0.451772509805953 0.411482864680472 0.0761808896988931 0.0605637358146819
"NA19101.2.E01" 0.733726970120604 0.154786435398334 0.0427573065519003 0.0687292879291624
"NA19101.2.E02" 0.854964878204848 0.0990706309785224 0.000301966366889226 0.0456625244497404
"NA19101.2.E03" 0.528184887898657 0.310910495531579 0.0985149084773195 0.0623897080924451
"NA19101.2.E04" 0.76093571135896 0.194917158273864 0.00230005802232279 0.0418470723448532
"NA19101.2.E05" 0.38464402326378 0.412905184055783 0.133168127528679 0.0692826651517583
"NA19101.2.E06" 0.627563557794487 0.229669312837409 0.063240919945063 0.0795262094230416
"NA19101.2.E07" 0.726477624764789 0.150280180361325 0.045579018349085 0.0776631765248012
"NA19101.2.E09" 0.707258931721568 0.125042531822887 0.0671301344190698 0.100568402036475
"NA19101.2.E10" 0.887510356839404 0.0577267899470954 0.00110419429339843 0.0536586589201022
"NA19101.2.E11" 0.731613823672028 0.155552184787306 0.0472233787277568 0.0656106128129096
"NA19101.2.E12" 0.943486248213274 0.0101397418559875 0.000594375874878655 0.0457796340558595
"NA19101.2.F01" 0.853272686082815 0.0711932479441288 0.00631730222167452 0.0692167637513821
"NA19101.2.F02" 0.340848058878955 0.415600715467203 0.178455887455198 0.0650953381986439
"NA19101.2.F03" 0.743963053254557 0.119633354431362 0.0730879529311999 0.0633156393828814
"NA19101.2.F04" 0.762236748086113 0.188832918517075 0.000345878835297758 0.0485844545615143
"NA19101.2.F06" 0.88247381016699 0.059670282191209 0.00828843333575559 0.0495674743060456
"NA19101.2.F07" 0.812074752858707 0.0903773105349063 0.0117663170662448 0.085781619540142
"NA19101.2.F08" 0.766134210320341 0.100105858119455 0.0693255609630137 0.0644343705971898
"NA19101.2.F09" 0.758317969434935 0.156349751820949 0.0224566748369306 0.0628756039071847
"NA19101.2.F10" 0.377283446933166 0.446542726139998 0.12402832629146 0.0521455006353756
"NA19101.2.F11" 0.416115543402508 0.384783976197295 0.120430586664183 0.0786698937360136
"NA19101.2.F12" 0.445395401234104 0.239965044879412 0.224091640021796 0.0905479138646869
"NA19101.2.G01" 0.748941520726904 0.124203642655443 0.0585756679455794 0.0682791686720742
"NA19101.2.G02" 0.733908325439047 0.137750528422265 0.0482095288187925 0.0801316173198951
"NA19101.2.G03" 0.669672672301379 0.205042544908662 0.0488787880822893 0.0764059947076692
"NA19101.2.G04" 0.830455755519883 0.1022336141365 0.00521801395947869 0.0620926163841377
"NA19101.2.G05" 0.725274343643251 0.191098941738511 0.024587121906159 0.0590395927120786
"NA19101.2.G06" 0.450865913816636 0.329355537449689 0.142195451155776 0.0775830975778986
"NA19101.2.G07" 0.720218718897656 0.20560602996235 0.000726055186424991 0.0734491959535683
"NA19101.2.G08" 0.419804530465443 0.291587009374701 0.191384796769768 0.0972236633900881
"NA19101.2.G09" 0.811119884953359 0.0466079677254165 0.0513683994489626 0.0909037478722617
"NA19101.2.G10" 0.379790489056217 0.416832754372459 0.13500641037153 0.068370346199793
"NA19101.2.G11" 0.392932608649591 0.3171335429508 0.181490040946835 0.108443807452773
"NA19101.2.G12" 0.764996308071978 0.100553397984786 0.0596311961975458 0.0748190977456905
"NA19101.2.H01" 0.759046266609409 0.0960098871187784 0.0671367063417622 0.0778071399300502
"NA19101.2.H02" 0.594424604808758 0.170633577088723 0.140944510029937 0.0939973080725819
"NA19101.2.H03" 0.81828603413045 0.0197175363410381 0.0718662214651706 0.0901302080633411
"NA19101.2.H05" 0.902194182080446 0.053256590819503 0.000276356804984392 0.0442728702950671
"NA19101.2.H06" 0.872769963193899 0.0426901855725794 0.00145287596890361 0.0830869752646181
"NA19101.2.H07" 0.813724584039062 0.0525516096929637 0.047912682902966 0.0858111233650087
"NA19101.2.H08" 0.879078995315757 0.0664128627672277 0.000270433038483985 0.0542377088785313
"NA19101.2.H09" 0.394152373077918 0.347647438871911 0.153834414966151 0.10436577308402
"NA19101.2.H10" 0.485567620632814 0.380803438940586 0.0987839363695951 0.0348450040570046
"NA19101.2.H11" 0.662877524925947 0.213990438049073 0.0475167614230398 0.0756152756019405
"NA19101.2.H12" 0.40418934508715 0.374798195995366 0.135322957572628 0.0856895013448561
"NA19101.3.A01" 0.101564624524245 0.546186855967423 0.218489469893084 0.133759049615248
"NA19101.3.A02" 0.142860968129082 0.706135978523624 0.120230278227793 0.0307727751195017
"NA19101.3.A05" 0.367771535938685 0.458803702962534 0.110776532245218 0.0626482288535623
"NA19101.3.A06" 0.797973971392057 0.151421523353472 0.000401928409897268 0.0502025768445735
"NA19101.3.A07" 0.602998074890511 0.245918345183883 0.0377466249178629 0.113336955007743
"NA19101.3.A09" 0.21256798669022 0.66184833507978 0.0654855907923286 0.060098087437672
"NA19101.3.A10" 0.860798768614438 0.0113891094565017 0.0574116415308136 0.0704004803982467
"NA19101.3.A11" 0.258002527821069 0.508638927818676 0.167974135573384 0.0653844087868707
"NA19101.3.A12" 0.78055191510446 0.176476575712896 0.00576737216342499 0.037204137019219
"NA19101.3.B01" 0.884058101393566 0.0244863080588522 0.0176828961333781 0.0737726944142033
"NA19101.3.B02" 0.911598560822397 2.27043423627835e-05 0.000821230051583219 0.0875575047836569
"NA19101.3.B05" 0.367250367670876 0.487882728986092 0.0995881071530719 0.0452787961899596
"NA19101.3.B06" 0.834789633552476 0.0902075750131438 0.000599226328821816 0.0744035651055582
"NA19101.3.B07" 0.89063001557436 0.0194805310945648 0.00967573346416834 0.0802137198669072
"NA19101.3.B08" 0.859142166819745 0.0885687625268088 0.000586517984089635 0.051702552669357
"NA19101.3.B09" 0.858858703701346 0.0770679091914875 0.000449690900345761 0.0636236962068208
"NA19101.3.B10" 0.865965015051544 0.0497825170097064 0.00816924019738288 0.0760832277413669
"NA19101.3.B11" 0.79036070320747 0.0783113301925705 0.0409864508578915 0.090341515742068
"NA19101.3.B12" 0.820685249410364 0.0283315283773254 0.0650143398546657 0.085968882357645
"NA19101.3.C01" 0.165298806234229 0.619144252662155 0.153787721026242 0.0617692200773739
"NA19101.3.C03" 0.770003840796221 0.159025112600409 0.0169907906602732 0.0539802559430966
"NA19101.3.C04" 0.872092822631622 0.0229233501960537 0.0407606635340752 0.0642231636382486
"NA19101.3.C05" 0.787635883182443 0.104700437536569 0.0398163196645023 0.0678473596164858
"NA19101.3.C06" 0.868759941461512 0.0746455781891807 0.0001943350690166 0.0564001452802905
"NA19101.3.C07" 0.931363675631091 0.0154921679059978 0.000347876887424738 0.0527962795754861
"NA19101.3.C08" 0.863294016667942 0.0991980720789662 0.000131598744973885 0.0373763125081182
"NA19101.3.C09" 0.262236106644096 0.445588795275744 0.207617692090502 0.0845574059896575
"NA19101.3.C10" 0.689075454922787 0.183345135704396 0.0572886144160947 0.0702907949567218
"NA19101.3.C11" 0.83489544364498 0.0301498996824854 0.0503253788689405 0.0846292778035944
"NA19101.3.C12" 0.183182236397397 0.593975263953267 0.181448498903921 0.0413940007454137
"NA19101.3.D01" 0.124961654515888 0.732010379825395 0.110490470479226 0.032537495179491
"NA19101.3.D03" 0.830288373301102 0.0964611449639184 0.00561448857904699 0.0676359931559328
"NA19101.3.D04" 0.194507422602307 0.562153553023701 0.182390994593206 0.0609480297807859
"NA19101.3.D06" 0.817168463050387 0.0457697998305543 0.0701072974907086 0.0669544396283497
"NA19101.3.D07" 0.161414840180405 0.663625561032679 0.130583330058149 0.0443762687287667
"NA19101.3.D08" 0.920897232942987 0.0178707114985365 0.000450439642387708 0.0607816159160886
"NA19101.3.D09" 0.296358187345113 0.281370001017134 0.310765223886491 0.111506587751262
"NA19101.3.D10" 0.908138200059026 0.0177961956119253 0.000244548400608536 0.0738210559284402
"NA19101.3.D12" 0.885162144469387 0.0449611586633741 0.00532058938399774 0.0645561074832412
"NA19101.3.E01" 0.720113830065834 0.191118586243574 0.0361714890327647 0.0525960946578278
"NA19101.3.E02" 0.887366669592997 0.0463037934721861 0.0155575882302515 0.0507719487045654
"NA19101.3.E03" 0.739257472575206 0.153878448224144 0.0437501142319032 0.0631139649687469
"NA19101.3.E04" 0.778940761155562 0.105517380694279 0.0581627734444753 0.0573790847056838
"NA19101.3.E06" 0.808524317302863 0.0782838784890491 0.0479862634729237 0.0652055407351643
"NA19101.3.E07" 0.889004828552216 0.0416743718071833 0.00331464839969746 0.0660061512409034
"NA19101.3.E08" 0.176374586123294 0.641680486658578 0.155347294713874 0.0265976325042543
"NA19101.3.E09" 0.811574852421751 0.0515060881929264 0.0418181628880209 0.0951008964973013
"NA19101.3.E10" 0.468813620691615 0.304466027050472 0.181515333423279 0.0452050188346345
"NA19101.3.F01" 0.864626147526695 0.0631839962836198 0.00232688613360089 0.0698629700560847
"NA19101.3.F02" 0.863011016342908 0.0432712880840606 0.0282539722353644 0.0654637233376669
"NA19101.3.F03" 0.867117708368049 0.0273450087514445 0.0258625226476499 0.0796747602328567
"NA19101.3.F05" 0.907042707397932 0.0330645049902209 0.00020703786476172 0.0596857497470852
"NA19101.3.F07" 0.780465900540572 0.147546333896857 0.000657401969636509 0.071330363592934
"NA19101.3.F08" 0.807988609855114 0.110424536391581 0.0325246416453277 0.0490622121079771
"NA19101.3.F09" 0.375654469186491 0.386342647436437 0.180505881849631 0.0574970015274414
"NA19101.3.F10" 0.892452477388677 0.0385508253538001 0.00023684750816947 0.0687598497493538
"NA19101.3.F11" 0.836500152651307 0.105437679683984 0.0196486768180575 0.038413490846651
"NA19101.3.F12" 0.917223941891378 0.0295128528398194 0.00647833024226903 0.0467848750265335
"NA19101.3.G01" 0.677073078940023 0.161779563899275 0.0904807252726735 0.0706666318880279
"NA19101.3.G02" 0.369551276152065 0.419614983625323 0.143188241996998 0.0676454982256147
"NA19101.3.G03" 0.819092240418226 0.0824700100865059 0.0369466077351726 0.0614911417600949
"NA19101.3.G05" 0.868968436274682 0.0780780804289232 0.000530433038289858 0.0524230502581053
"NA19101.3.G06" 0.860101741905753 0.09983116296588 0.000155580914068771 0.0399115142142988
"NA19101.3.G07" 0.715930338251346 0.159879301429301 0.0624742071370913 0.0617161531822615
"NA19101.3.G08" 0.777433540674932 0.15687400055687 0.00585262465145185 0.0598398341167454
"NA19101.3.G09" 0.260996010040525 0.550346348269158 0.126106768155263 0.0625508735350537
"NA19101.3.G10" 0.919277886757138 0.0478889255421673 0.000120943068122489 0.0327122446325719
"NA19101.3.G11" 0.859383230361258 0.0725173131095128 0.011963147014921 0.0561363095143081
"NA19101.3.G12" 0.917300217727918 0.0453199787337348 0.00028284576459416 0.0370969577737525
"NA19101.3.H01" 0.176728009545629 0.64652368354917 0.127604401453231 0.0491439054519695
"NA19101.3.H02" 0.293380141599396 0.30138147399902 0.310241088239366 0.0949972961622186
"NA19101.3.H03" 0.199355155959257 0.614411410711266 0.136506554650676 0.0497268786788011
"NA19101.3.H05" 0.957917574075616 7.46992601894557e-05 0.000431770755395115 0.0415759559087991
"NA19101.3.H07" 0.15820388514094 0.585977946152306 0.17879532493774 0.0770228437690137
"NA19101.3.H08" 0.880249033783626 0.0553446852524127 0.0102117830968774 0.0541944978670835
"NA19101.3.H09" 0.207833803808342 0.572182986955296 0.160134492558278 0.059848716678084
"NA19101.3.H10" 0.91875915353397 0.02786138631615 0.000524601678317181 0.0528548584715632
"NA19101.3.H11" 0.929470420056403 0.00850595224482685 0.000337893319349795 0.0616857343794201
"NA19239.1.A01.1" 0.435215117086689 0.0765013306564755 0.470328124813245 0.0179554274435898
"NA19239.1.A02.1" 0.619617833664106 0.147264856439257 0.126320651407254 0.106796658489382
"NA19239.1.A04.1" 0.404931758957933 0.424526355251954 0.0993849479684314 0.0711569378216822
"NA19239.1.A05.1" 0.615312329361935 0.260606557996435 0.117151694160312 0.00692941848131866
"NA19239.1.A06.1" 0.644622685813237 0.248655549522252 0.10666788066865 5.38839958612384e-05
"NA19239.1.A07.1" 0.399543219557755 0.139885916566049 0.460526454247524 4.44096286718791e-05
"NA19239.1.A09.1" 0.644411102852257 0.191989337913215 0.0748657725363383 0.0887337866981899
"NA19239.1.A10.1" 0.153424930065622 0.0754827963425879 0.744093011196924 0.0269992623948659
"NA19239.1.A11.1" 0.513396195424351 0.105938376407079 0.304992087311252 0.0756733408573183
"NA19239.1.A12.1" 0.443033883165034 0.000116681655508086 0.47525095742099 0.0815984777584677
"NA19239.1.B01" 0.494398922369439 0.182235972602535 0.28159865943543 0.041766445592596
"NA19239.1.B02.1" 0.689516729485101 0.124295848945951 0.147692282088973 0.0384951394799749
"NA19239.1.B03.1" 0.642966303950968 0.0520269106144705 0.304853616458899 0.000153168975662873
"NA19239.1.B04" 0.603718537122009 0.261298571412122 0.129950810011233 0.0050320814546364
"NA19239.1.B06.1" 0.000141524999593211 0.0206323720503236 0.979198176776287 2.79261737957905e-05
"NA19239.1.B09.1" 0.611305585978166 0.0952318637256045 0.255559883495014 0.0379026668012156
"NA19239.1.B10.1" 0.25222609604168 0.0665967174437748 0.679853284498305 0.00132390201623941
"NA19239.1.B11.1" 0.26633327767756 0.0988731174836204 0.551304321681217 0.0834892831576019
"NA19239.1.B12.1" 0.0340584011026778 0.043062723030925 0.901189355433151 0.0216895204332458
"NA19239.1.C01.1" 0.519283574132416 0.204852241944961 0.120185992374143 0.15567819154848
"NA19239.1.C02.1" 0.549878843087656 0.122992961952838 0.32711801238412 1.01825753859433e-05
"NA19239.1.C03.1" 0.302569985772988 0.0735807677369495 0.623833826384223 1.54201058396023e-05
"NA19239.1.C04" 0.381035932759682 0.356525561503169 0.107027321616585 0.155411184120564
"NA19239.1.C05.1" 0.343700006234551 0.134366981052889 0.506615642956109 0.0153173697564517
"NA19239.1.C06.1" 0.510423384888073 0.179601535966357 0.309913466010569 6.16131350013494e-05
"NA19239.1.C07.1" 0.606662150197742 0.211494407632362 0.130189470032649 0.0516539721372468
"NA19239.1.C08.1" 0.749641459939537 0.155710855885471 0.0344809282879626 0.0601667558870293
"NA19239.1.C09.1" 0.699841413779592 0.240656147964754 0.0414143260551702 0.0180881122004838
"NA19239.1.C10.1" 0.60440335031158 0.142170619929472 0.196199825567177 0.0572262041917707
"NA19239.1.C11.1" 0.458158194317292 0.149842037039862 0.342254258692779 0.0497455099500669
"NA19239.1.C12.1" 0.476381417061128 0.107943165827841 0.325388840743881 0.0902865763671499
"NA19239.1.D01.1" 0.109937449785789 0.104663958872281 0.759395705490729 0.0260028858512005
"NA19239.1.D02.1" 0.230244875230831 0.126513806536011 0.64321560203708 2.57161960781309e-05
"NA19239.1.D03.1" 0.20748958762983 0.0669637060571446 0.717396097779032 0.00815060853399346
"NA19239.1.D04.1" 0.412177866769843 0.345190606408466 0.0860377171961752 0.156593809625516
"NA19239.1.D05.1" 0.248738498872783 0.21762988936359 0.53354499283923 8.66189243969494e-05
"NA19239.1.D06.1" 0.668417835660644 0.192151394689603 0.139407874725079 2.2894924673875e-05
"NA19239.1.D07.1" 0.0381214675066923 4.14482340368227e-05 0.961784641932187 5.24423270834659e-05
"NA19239.1.D08.1" 0.169225294989663 0.114783272550163 0.674531742231864 0.0414596902283098
"NA19239.1.D09.1" 0.0794432085027701 0.0425413028278558 0.830815713491885 0.0471997751774892
"NA19239.1.D10.1" 0.215728991419667 0.153809172956981 0.573449527498153 0.0570123081251993
"NA19239.1.D11.1" 0.27360036171003 0.082482081244982 0.6438830011887 3.4555856287113e-05
"NA19239.1.D12.1" 0.654033128544785 0.14060770369349 0.152391821747558 0.0529673460141662
"NA19239.1.E01.1" 0.000227430275933092 2.20648903076208e-05 0.950776608485465 0.0489738963482947
"NA19239.1.E02.1" 0.643049125921296 0.168056921944715 0.137331096265031 0.0515628558689579
"NA19239.1.E03.1" 0.000557170251866451 5.89818912356244e-05 0.999308361858546 7.54859983517122e-05
"NA19239.1.E04.1" 0.791825668658285 0.139309071775958 0.0688540500953711 1.12094703859427e-05
"NA19239.1.E05.1" 0.121770176655554 0.0168112039359968 0.8614009863069 1.76331015492633e-05
"NA19239.1.E06.1" 0.654828090449596 0.255490700625505 0.0772034210497147 0.0124777878751839
"NA19239.1.E07.1" 0.708800296436834 0.186232645452922 0.0238215721672664 0.0811454859429769
"NA19239.1.E08.1" 0.652060641145154 0.174200841896463 0.0684359894784717 0.105302527479912
"NA19239.1.E09.1" 0.484601540166412 0.24202839934265 0.130988873463831 0.142381187027107
"NA19239.1.E11.1" 0.520690952652383 0.245200139025693 0.19955218076461 0.0345567275573136
"NA19239.1.E12.1" 0.219337014693859 0.0891854243000011 0.647460009755419 0.0440175512507208
"NA19239.1.F01.1" 0.508793362957284 0.160643728900245 0.317670927876689 0.0128919802657818
"NA19239.1.F02.1" 0.364980563084637 0.117071342135123 0.517916578779137 3.15160011031759e-05
"NA19239.1.F03.1" 0.15741760796189 0.534862910366947 0.233492655697912 0.0742268259732502
"NA19239.1.F04.1" 0.662556781856207 0.282023037289681 0.0554048957000702 1.52851540425094e-05
"NA19239.1.F05.1" 6.88963689225096e-05 0.000175801061349829 0.999740864486689 1.4438083039098e-05
"NA19239.1.F06.1" 0.680082398921334 0.188713044986949 0.0362309527690137 0.0949736033227032
"NA19239.1.F07.1" 0.534695235178631 0.262259546845702 0.144804706734393 0.0582405112412742
"NA19239.1.F08.1" 0.528473617150476 0.196484145096639 0.200936953592137 0.0741052841607484
"NA19239.1.F09.1" 0.540042253346805 0.175492070833611 0.20988439821011 0.0745812776094738
"NA19239.1.F10.1" 0.113946610006928 0.0628044289602848 0.823234662198279 1.4298834508442e-05
"NA19239.1.F11.1" 0.147637195417422 0.0968436540055129 0.705022362982701 0.0504967875943645
"NA19239.1.F12.1" 0.60221502612997 0.198702647578607 0.0584403547094089 0.140641971582014
"NA19239.1.G01.1" 0.189500107114149 0.0828661640899369 0.677592968189167 0.0500407606067468
"NA19239.1.G04.1" 0.555944690362729 0.151294665083681 0.292746325783444 1.43187701460386e-05
"NA19239.1.G05.1" 0.418450806757044 0.180039078799128 0.401502170396443 7.94404738398316e-06
"NA19239.1.G06.1" 0.570973493992774 0.119055250106429 0.309940263882883 3.09920179145841e-05
"NA19239.1.G07.1" 0.645165688000989 0.174602380300092 0.167045005809484 0.013186925889435
"NA19239.1.G08.1" 0.570839554771693 0.152826356576716 0.27627087397677 6.32146748207799e-05
"NA19239.1.G09.1" 0.456766350358032 0.249415469632283 0.0632743862486595 0.230543793761026
"NA19239.1.G10.1" 0.000148087974051775 0.0151508609253005 0.921964380466191 0.0627366706344564
"NA19239.1.G11.1" 0.599778492831848 0.1287211475448 0.199088245058692 0.0724121145646599
"NA19239.1.G12.1" 0.096102864729984 0.0937051636054167 0.753250492539663 0.056941479124936
"NA19239.1.H01.1" 0.132302397042299 0.0373503827102661 0.798516319133641 0.0318309011137931
"NA19239.1.H02" 0.082435010960396 0.0375304751178031 0.880029235022189 5.27889961216372e-06
"NA19239.1.H03.1" 0.229887710973999 0.0957363487276834 0.672909424267866 0.00146651603045231
"NA19239.1.H04.1" 0.135618480521106 0.0928263165931135 0.771548451393586 6.75149219389487e-06
"NA19239.1.H06.1" 0.61239288727867 0.127778673984634 0.259804726888847 2.37118478494471e-05
"NA19239.1.H08.1" 0.21536667832104 0.0382720998081257 0.744313970413136 0.00204725145769838
"NA19239.1.H09.1" 0.290362780569487 0.0253431633881658 0.653979607720279 0.0303144483220678
"NA19239.1.H11.1" 0.232334435191053 0.0765015993834712 0.670074988423968 0.021088977001508
