"1" "2" "3" "4" "5" "6"
"NA19098.1.A01" 2.74217955926027e-06 0.0391163502694301 0.510015597419282 0.372842847665375 0.0569812544955259 0.0210412079708275
"NA19098.1.A02" 2.82100649940108e-06 0.191083234637215 0.515372603905876 0.195584570839315 0.0979524572897164 4.31232137919054e-06
"NA19098.1.A04" 2.2842212466957e-05 0.00670074766867926 0.441652668724905 0.317700635355466 0.217461256667633 0.0164618493708498
"NA19098.1.A05" 3.47701092640198e-05 0.0206601241955164 0.581863459580961 0.255809733416943 0.125470452200385 0.0161614604969301
"NA19098.1.A06" 0.0116981389246733 0.130956373988049 0.482755781835838 0.135184752568927 0.145234457938651 0.0941704947438614
"NA19098.1.A07" 9.05489861864278e-06 0.142680943013661 0.488565313000419 0.222934095657535 0.145798806182322 1.1787247444572e-05
"NA19098.1.A08" 0.162274289323318 0.328251043525924 0.252164163686608 0.0821406797509277 0.0583053024710698 0.116864521242153
"NA19098.1.A09" 2.82180045528021e-06 0.0137004453574651 0.618799380446552 0.0969015669457882 0.258421716350584 0.0121740690991553
"NA19098.1.A10" 0.141117812856958 0.175318328538839 0.385362216298354 0.0773034608688958 0.0994254267679819 0.121472754668972
"NA19098.1.A11" 5.6106165832444e-06 0.0645845684900409 0.503633214991335 0.229141648974875 0.119867011387474 0.0827679455396921
"NA19098.1.A12" 0.0004722460074987 3.10763845333568e-05 0.653949246044051 0.144763760225494 0.146236099593137 0.0545475717452861
"NA19098.1.B01" 0.0468698891886959 0.205366263369763 0.527981182523741 0.115868358796818 0.0607109693326658 0.0432033367883155
"NA19098.1.B02" 1.01707680153366e-05 0.123733944376105 0.503022635886402 0.121320750787667 0.215310722694473 0.0366017754873381
"NA19098.1.B03" 2.9261556015869e-05 0.150482103241376 0.329476928959619 0.329487698343692 0.0759322875616801 0.114591720337617
"NA19098.1.B05" 0.061479284385685 0.0260394225153966 0.562537116060761 0.155537847531182 0.11034632778094 0.0840600017260359
"NA19098.1.B06" 0.123960537243542 2.67695400009412e-05 0.511864376510974 0.271445022406689 0.0407494552927133 0.0519538390060803
"NA19098.1.B07" 1.8930259548159e-05 0.10508604081531 0.634696380742751 0.130952118433201 0.108415645928391 0.0208308838207988
"NA19098.1.B08" 0.142613424269201 0.15075678755897 0.414540902867958 0.0735887084999756 0.042311318081163 0.176188858722732
"NA19098.1.B09" 0.0699811296584337 0.0680708071510838 0.257022861081148 0.217320458101732 0.230800519858807 0.156804224148796
"NA19098.1.B11" 0.0570989891732022 0.00665990413782295 0.395369429096726 0.282672987490067 0.182149002322448 0.0760496877797337
"NA19098.1.B12" 0.138909264863402 0.0793066564464466 0.50613732492926 0.0960401273456214 0.112008932107187 0.0675976943080827
"NA19098.1.C01" 0.0105439553243308 0.0834217273075109 0.589524793437727 0.155985629987291 0.0634687567808471 0.0970551371622936
"NA19098.1.C02" 0.106343410893223 0.121483298381508 0.521592528996047 0.140669189667554 0.0455167908046183 0.0643947812570485
"NA19098.1.C03" 0.015038575931641 0.0606198261805911 0.555739732041852 0.256608509699134 0.0929996191738726 0.0189937369729091
"NA19098.1.C04" 0.0268132867051965 1.16916709416062e-05 0.595220904992464 0.263689011625799 0.107111937719312 0.00715316728628816
"NA19098.1.C05" 0.261027553844424 0.0458940785141502 0.328373095235901 0.208852208548283 0.0463024364479197 0.109550627409321
"NA19098.1.C06" 0.264192077177685 0.0695439379416355 0.290345531246749 0.144809379996273 0.161616889960394 0.0694921836772641
"NA19098.1.C07" 0.237330007948349 0.0821604286901356 0.383544508875759 0.0868144699478063 0.0476411664543738 0.162509418083576
"NA19098.1.C08" 3.32329955872732e-06 7.76355705408926e-06 0.531412335307759 0.322798467639644 0.143751151971221 0.00202695822476303
"NA19098.1.C09" 0.0293369488559328 1.17777215178657e-05 0.564826560890459 0.199825264801639 0.147625548805035 0.0583738989254167
"NA19098.1.C10" 0.0240940683071354 0.0281963407086184 0.703684027997866 0.147270649447725 0.086387662731085 0.0103672508075711
"NA19098.1.C11" 0.30587470869396 0.0834254945007462 0.345272436471369 0.0999162636735552 0.0221552855305803 0.143355811129789
"NA19098.1.C12" 0.0675236530233743 0.0347353607381299 0.346254496839979 0.335826866467694 0.117947793911883 0.0977118290189401
"NA19098.1.D01" 0.127960372700677 3.4163086355982e-05 0.461181994653973 0.343919232080782 0.0510218118229299 0.015882425655282
"NA19098.1.D02" 0.31542674957611 0.0230037216385319 0.355152109435161 0.13115116054822 0.0447302341547816 0.130536024647196
"NA19098.1.D03" 0.0705295913083616 0.0674689187530098 0.619612253346607 0.134431574550553 0.0879742594290329 0.0199834026124364
"NA19098.1.D04" 0.230620389836953 0.122786265974141 0.341413467519546 0.126868796024232 0.0801964176431557 0.0981146630019721
"NA19098.1.D06" 0.382627694003354 0.0881565682317757 0.29386295190791 0.0672541431606008 0.0410884140962712 0.127010228600087
"NA19098.1.D08" 0.299395777701416 5.15836400902227e-06 0.344406771170975 0.170514888316733 0.034351489840862 0.151325914606005
"NA19098.1.D09" 9.15430922959209e-06 4.18957829876283e-06 0.525397995959021 0.29396553692762 0.115657501387684 0.0649656218381463
"NA19098.1.D10" 0.0459274551603508 7.01982475762777e-06 0.614139914008107 0.183678824677874 0.067036333710815 0.0892104526180949
"NA19098.1.D11" 1.63778674285591e-05 6.34639103840018e-06 0.429418670633992 0.339233706513422 0.213451351793549 0.0178735468005707
"NA19098.1.D12" 0.128416419416492 1.18266228488595e-05 0.670755687460191 0.117190433537809 0.066532385886051 0.0170932470766085
"NA19098.1.E01" 0.0933788575715209 4.1983582631572e-06 0.496718331911764 0.146526418076664 0.240299928530865 0.0230722655509228
"NA19098.1.E02" 0.287340913864079 0.0516765278559267 0.384188808642995 0.1440347576961 0.0202485181999486 0.11251047374095
"NA19098.1.E03" 0.257819214850613 7.62835926126016e-06 0.516826754632203 0.101547378236976 0.0650283057564726 0.0587707181644745
"NA19098.1.E05" 5.84111198981391e-06 9.9394838237722e-06 0.635547687660942 0.253785554090858 0.104170446407757 0.00648053124462979
"NA19098.1.E06" 0.149604017142919 0.0178812424229411 0.503945045704412 0.172645513861523 0.101678604935863 0.0542455759323412
"NA19098.1.E07" 0.118066868605725 6.91991647376287e-06 0.36237754596468 0.392026349574569 0.0707274784074882 0.0567948375310642
"NA19098.1.E08" 0.246700994694805 0.000102056622148014 0.511097256950237 0.103680099170254 0.0267942587584215 0.111625333804134
"NA19098.1.E09" 0.0997276682198848 0.0420441413139631 0.470504930891143 0.157009478782659 0.0795897949666543 0.151123985825696
"NA19098.1.E10" 0.0817241657736232 1.34620771028939e-05 0.619152683091588 0.141146186442903 0.0935509093614623 0.06441259325332
"NA19098.1.E11" 0.322908923382888 0.109091511857277 0.291063215460876 0.163898672698598 5.19544871150637e-06 0.113032481151649
"NA19098.1.E12" 0.15601705797941 0.0126775796639382 0.422934547236995 0.147222873538637 0.19557591887752 0.0655720227035003
"NA19098.1.F01" 0.31183927108761 0.000149276032362534 0.256880967645664 0.14205265859186 0.0964557577811109 0.192622068861393
"NA19098.1.F02" 0.251852728102339 0.0479604259690683 0.486610399153326 0.0574826769281783 0.0747663654815885 0.0813274043655001
"NA19098.1.F03" 0.078406641228516 5.29052037855554e-05 0.686429581443001 0.153274043874871 0.0475609200501203 0.0342759081997063
"NA19098.1.F07" 3.48750524691949e-05 8.91125574030687e-06 0.413884275225781 0.345608554025252 0.226635102758267 0.0138282816824905
"NA19098.1.F08" 0.0290080613546 0.0280063261217802 0.55219556241382 0.304396561342663 0.0823938943460917 0.00399959442104515
"NA19098.1.F09" 4.90982570866777e-06 0.00444590485512489 0.640659836299156 0.158476439370197 0.123130499465565 0.0732824101842486
"NA19098.1.F10" 0.271675595250948 0.0953397695313209 0.418412933665963 0.0568382369925825 0.0969820879880983 0.0607513765710879
"NA19098.1.F11" 0.0763619305429561 2.43607348972735e-05 0.631164453590006 0.157404847089122 0.096959685396594 0.0380847226464241
"NA19098.1.F12" 0.03603439272761 6.69910263641553e-06 0.559562541586734 0.247506262979705 0.067883708537091 0.0890063950662235
"NA19098.1.G01" 7.95754108000629e-06 0.0199742033259379 0.511958214322383 0.379040017732186 0.0321682954695486 0.0568513116088638
"NA19098.1.G02" 0.143625690108421 0.0645158203748867 0.440342866516695 0.0578649065405239 0.232398852949958 0.0612518635095155
"NA19098.1.G03" 0.0868580149286007 3.10049177783254e-05 0.414004271340131 0.318839322463774 0.12273454492386 0.0575328414258565
"NA19098.1.G04" 6.05481093172906e-05 0.00701380844256011 0.598561761810802 0.249539822417969 0.0844001249692644 0.0604239342500868
"NA19098.1.G05" 0.109200673803204 1.27210618988453e-05 0.579427163342487 0.170955792589355 0.0643979261563436 0.0760057230467117
"NA19098.1.G06" 0.152287187884969 0.0279093285887154 0.440208213025501 0.191339850978616 0.084434113533944 0.103821305988256
"NA19098.1.G07" 0.172103613711492 0.0457189468513851 0.366916909291203 0.248337383048189 0.057000435507379 0.109922711590353
"NA19098.1.G08" 4.83857219819561e-05 0.0541800610443971 0.516734568265947 0.162757459237476 0.251929371695031 0.0143501540351679
"NA19098.1.G09" 7.57221298001707e-05 0.0374999401846789 0.564324738541264 0.183428150015992 0.152087436629936 0.0625840124983288
"NA19098.1.G10" 0.0712557600555976 0.0985154597524271 0.482000758453327 0.125256154873591 0.124917891669113 0.0980539751959443
"NA19098.1.G11" 0.267579423805717 0.132913933343426 0.353463912038783 0.0906886372498509 0.0384529070413221 0.116901186520901
"NA19098.1.G12" 5.32955388383669e-06 1.27415472177561e-05 0.584261706504496 0.275982529321421 0.124112111429813 0.0156255816431678
"NA19098.1.H01" 0.0561217237240876 0.124115703676743 0.530232521289311 0.14485225111254 0.0961995565931715 0.0484782436041471
"NA19098.1.H02" 0.00271522078208331 0.074860994345943 0.422708094555941 0.325861719480123 0.130102552081447 0.0437514187544631
"NA19098.1.H03" 7.26750001675606e-06 1.11553241035409e-05 0.496010731710446 0.351240267326173 0.151945070003472 0.000785508135788493
"NA19098.1.H04" 0.00622652913427083 0.0403773159859509 0.595387873808761 0.225128385536723 0.120859667242883 0.0120202282914113
"NA19098.1.H05" 7.12004817705936e-06 0.0057975324293899 0.73904326993454 0.202798008454544 0.0521981649740176 0.00015590415933064
"NA19098.1.H06" 0.00106455593477586 4.63888805154025e-06 0.125425357053265 0.522733326641319 0.307791530695248 0.0429805907873412
"NA19098.1.H07" 0.0305459588691836 6.77534022992557e-05 0.498718359951373 0.29648255993249 0.16010161754577 0.0140837502988841
"NA19098.1.H10" 0.206524393049184 0.101567533397337 0.312926004752245 0.0954910007577413 0.240081392297105 0.0434096757463879
"NA19098.1.H11" 0.257630658736288 0.0217321940241764 0.456734913087942 0.128017102069911 0.0904312841095088 0.0454538479721735
"NA19098.1.H12" 0.000264867211056709 0.00938385962196956 0.487279194298606 0.349371216420243 0.113299451113199 0.0404014113349259
"NA19098.2.A05" 0.137183316958404 0.067421784262495 0.355443497426792 0.138594535365287 0.245435835943533 0.0559210300434889
"NA19098.2.A07" 0.0477943869166633 0.184572892098378 0.24522978077896 0.127987358243893 0.330071864409276 0.0643437175528292
"NA19098.2.B03" 6.71700549161447e-06 0.130106390216933 0.342620997182116 0.186063059746337 0.296501525181712 0.0447013106674101
"NA19098.2.B06" 0.138255761876907 0.0621821767547537 0.298400289249234 0.0965584968593516 0.3418344934878 0.0627687817719537
"NA19098.2.B08" 0.00164220517757619 0.16349620875169 0.311321471800135 0.140181013518446 0.323296719830984 0.0600623809211696
"NA19098.2.B10" 6.58449733389199e-05 0.0700079074360126 0.431150817035812 0.118341609373317 0.347689249066241 0.0327445721152789
"NA19098.2.C01" 0.0680622985986133 0.0756555985291962 0.268873134550094 0.24310744131449 0.313281738231338 0.0310197887762679
"NA19098.2.C06" 0.000988603792191847 1.25409462152951e-05 0.372756430452152 0.33328319302652 0.262555536850068 0.0304036949328525
"NA19098.2.C07" 0.0686223472990062 0.0595425916558411 0.342386156244569 0.218957554014984 0.270178821232063 0.0403125295535368
"NA19098.2.E08" 0.145884686474441 2.32301044768939e-05 0.364368443299402 0.156996869296154 0.304083756243935 0.0286430145815913
"NA19098.2.E11" 0.125319381153134 0.103504576844196 0.272344001941085 0.108089595094089 0.320354126895709 0.0703883180717877
"NA19098.2.F04" 7.70521187679786e-06 7.55731451260616e-06 0.376434679436114 0.281646292233973 0.328802579079235 0.0131011867242886
"NA19098.2.F07" 0.00101686908524312 0.0599214030507392 0.395094577672925 0.187295190538625 0.304270899348342 0.0524010603041261
"NA19098.2.G08" 1.96132719769396e-05 0.00207211118287172 0.408018318277251 0.205198711927946 0.372221898074445 0.012469347265509
"NA19098.2.G12" 0.21544327169282 5.46781093318729e-05 0.266668156152127 0.152760939416998 0.310329297541504 0.0547436570872192
"NA19098.3.A03" 0.153993854415791 0.215552991875615 0.268574795149075 0.0818383170329349 0.204156859189894 0.0758831823366904
"NA19098.3.A06" 0.216489632581633 0.0834972170232872 0.25866670413483 0.243183860711123 0.134803766017307 0.0633588195318199
"NA19098.3.A08" 0.145007149616288 0.237381242935595 0.251723115856216 0.16759955183716 0.0617501749340652 0.136538764820677
"NA19098.3.A12" 0.0607709393417818 0.0748076785657116 0.400004614358814 0.147528580651285 0.241909354330274 0.0749788327521333
"NA19098.3.B01" 0.00879359946957254 0.156724379400678 0.192742105864231 0.24444528263501 0.358011338415936 0.0392832942145734
"NA19098.3.B03" 1.01401444027949e-05 0.145251319183045 0.490784815107309 0.153371662921142 0.148409131186234 0.0621729314578673
"NA19098.3.B04" 0.424905103456439 0.157306288000305 0.199274019077646 0.0594626673010368 0.0303469134753544 0.128705008689219
"NA19098.3.B05" 0.309217960620602 0.214858638228095 0.184580026377583 0.0645352523322931 0.069306073567548 0.15750204887388
"NA19098.3.B07" 1.19783815455595e-05 0.0901317867406722 0.567288423046928 0.119010100385274 0.16559535254004 0.0579623589055408
"NA19098.3.B09" 0.0095857073832061 0.123064417110779 0.405254375769215 2.24636625193279e-06 0.453332807982588 0.00876044538795985
"NA19098.3.B11" 0.354164346684991 0.0710845410219389 0.305052959663748 0.154659638611007 3.60249104228963e-06 0.115034911527273
"NA19098.3.B12" 0.396981314584806 0.10824256664971 0.152056213001775 0.103582843960387 0.0885213382307922 0.15061572357253
"NA19098.3.C01" 0.177547074937559 0.161987097571311 0.28132162092827 0.167972172282533 0.130633246007062 0.0805387882732632
"NA19098.3.C03" 0.146657353765573 0.036728864920501 0.304322628713529 0.296516458176951 0.198883914670117 0.0168907797533288
"NA19098.3.C04" 0.114799428329133 0.0132684904360613 0.531457967949906 0.150196802397655 0.159158982325972 0.0311183285612728
"NA19098.3.C05" 0.355115604719218 0.116725917240455 0.233365828326637 0.0987690602009069 0.110134241007972 0.0858893485048123
"NA19098.3.C09" 0.448878329105782 0.151670226585494 0.147985574042615 0.0182082798374928 0.0854907534221195 0.147766837006497
"NA19098.3.C10" 0.193158819783737 0.00328371030656186 0.468232709238141 0.0749034449787779 0.22403028120324 0.0363910344895426
"NA19098.3.C11" 0.207132488304655 0.0654801783294426 0.418506160294981 0.175323229162484 0.0804732341364166 0.0530847097720206
"NA19098.3.C12" 0.223818366262247 0.0561415927979742 0.293113067847489 0.256384220357339 0.109825989988778 0.0607167627461731
"NA19098.3.D02" 0.228592255079826 3.7050640266188e-06 8.23805286955443e-06 0.319670611363108 0.348926268526749 0.102798921913421
"NA19098.3.D03" 0.212131604658481 0.110734942469503 0.34304369425622 0.0869569500621996 0.098203828450101 0.148928980103495
"NA19098.3.D05" 0.36744257841459 0.178219824811964 0.180138908930741 0.0462047478736909 0.0738445262280438 0.15414941374097
"NA19098.3.D07" 0.251975691260287 0.0461968041060909 0.283242609803667 8.89571977802658e-07 0.315110377536345 0.103473627721632
"NA19098.3.D09" 0.307633964876203 0.0658296164765305 0.290457327236651 0.101843254918477 0.0879658302355285 0.146270006256609
"NA19098.3.D10" 0.137045316447389 0.115471230815278 0.397543263207802 0.142417128555082 0.168424343439391 0.039098717535059
"NA19098.3.D11" 0.321603060499397 0.0327390011284787 0.272826307545186 0.181343731505314 0.0634858141146956 0.128002085206929
"NA19098.3.D12" 0.0378305181565766 7.95017924981761e-06 0.406695278434905 0.377989861516918 0.144130448390396 0.0333459433219545
"NA19098.3.E01" 0.424666256168605 0.0917064936363589 0.153746130532136 0.0159384037300464 0.239977725750939 0.0739649901819146
"NA19098.3.E02" 0.269852683212694 0.0518155753739867 0.415620539475107 0.106834141405405 0.0900910857614935 0.0657859747713141
"NA19098.3.E03" 0.317059541815546 0.0868731251135386 0.321125254942719 0.0425824835348104 0.132483166742696 0.0998764278506888
"NA19098.3.E04" 0.239247789088391 0.00152194539689378 0.399368272908554 0.221208880863764 0.0473986487412624 0.0912544630011348
"NA19098.3.E06" 9.36441934050187e-05 1.58424420867155e-05 0.0721693763913434 0.466643685919231 0.413404772174686 0.0476726788792481
"NA19098.3.E07" 0.242400258733693 0.0544591032540447 9.58666035173327e-06 0.4784369330608 0.116345036431821 0.10834908185929
"NA19098.3.E10" 0.178898470824761 0.126310162429572 0.276446536201409 0.0643079878406331 0.176093894560729 0.177942948142896
"NA19098.3.E11" 0.17502711648852 0.0315363319070316 0.523681641528019 0.0530658176408399 0.156575715712162 0.0601133767234267
"NA19098.3.E12" 0.0689210259462702 0.0368603088776998 0.430149505378907 0.0986781467596044 0.338919172690211 0.0264718403473076
"NA19098.3.F03" 0.364920268282414 0.0796486759641263 0.187252651442164 0.105434809086944 0.177124708675598 0.0856188865487541
"NA19098.3.F04" 0.237246723249884 1.34178321089433e-05 0.384670715683451 0.190496533499825 0.158251994078821 0.0293206156559105
"NA19098.3.F05" 0.13475689001966 0.127314093241241 0.390859593011032 0.262075467561751 0.0370536380494328 0.047940318116884
"NA19098.3.F06" 0.212421239845052 0.121928264418674 0.312073915025513 0.140614237886869 0.186391452793696 0.0265708900301959
"NA19098.3.F07" 0.402478273291971 0.012956485955083 0.10688898465038 0.395750939304741 2.61736924041459e-06 0.0819226994285841
"NA19098.3.F09" 0.221578491356145 0.0510099307043095 0.362072997393056 0.0517469786099782 0.237706254822513 0.0758853471139981
"NA19098.3.F10" 0.399952945981251 0.0778658389223425 0.229640597635052 0.0995412200886111 0.0546327122565394 0.138366685116204
"NA19098.3.G01" 1.67378456642362e-06 5.251471879044e-06 0.622132984040233 4.54533620484559e-07 0.336719180105498 0.0411404560642032
"NA19098.3.G05" 0.391539165458676 0.192985079966569 0.261719759874124 0.0132731124780551 0.0181870169776615 0.122295865244914
"NA19098.3.G06" 0.146408567608563 0.00490393341789676 0.437819693472646 0.183973514577541 0.190966085940118 0.0359282049832354
"NA19098.3.G08" 0.0517856481560196 3.76484563705428e-06 3.12605019853703e-06 0.576143738592863 0.287842713047426 0.0842210093078551
"NA19098.3.G10" 0.241449354357169 0.159044863838672 0.355460405116069 0.0266164396427706 0.12676480045733 0.0906641365879902
"NA19098.3.H02" 0.283444136466087 0.145734222014119 0.20330470963173 0.233849798944214 0.0920315019178156 0.0416356310260347
"NA19098.3.H03" 0.229616200614597 0.213838646324867 0.184280667389696 0.13072443952945 0.0979737332385282 0.143566312902861
"NA19098.3.H04" 0.216337714540198 0.185003727312342 0.203533234895952 8.68885067507524e-07 0.200966609621479 0.194157844744961
"NA19098.3.H05" 0.234253372197561 0.0573971520061039 0.291378373551821 0.150842497850943 0.226619799811753 0.0395088045818185
"NA19098.3.H06" 0.16680759817859 0.0690441043189119 0.466379442398409 0.152050390719913 0.117552910875669 0.0281655535085077
"NA19098.3.H10" 0.295897704194657 0.0183509812777384 0.324835543353599 0.104296859701537 0.150598388217555 0.106020523254913
"NA19098.3.H11" 0.2120979939624 7.13851837544674e-06 0.243066092727846 0.480888478507833 0.00964643995268778 0.0542938563308572
"NA19098.3.H12" 0.140408950709459 0.0762537840658795 0.480681234690666 0.132994156923841 0.102706769904359 0.0669551037057945
"NA19101.1.A02" 0.284009282132619 0.128971067422535 0.280599182363751 0.172509221232291 0.124842060828985 0.00906918601982046
"NA19101.1.A03" 0.445012750538182 0.251857007674532 0.104117838499278 0.0487949837609527 0.0599350351125079 0.0902823844145477
"NA19101.1.A04" 0.195370298978715 0.0308288366384594 0.438464109440885 0.292483504732035 0.0428524669006923 7.83309212319247e-07
"NA19101.1.A05" 0.45314735306428 0.120798623047152 0.2339463332386 0.0725918976619288 0.0812080235450322 0.0383077694430065
"NA19101.1.A06" 0.355269320394776 0.0595910491416578 0.410252148378854 0.0303665116518485 0.116221877428145 0.0282990930047187
"NA19101.1.A07" 0.363047484452644 0.289776838288654 0.124040243589839 0.017655748980783 0.0850730358540891 0.120406648833991
"NA19101.1.A08" 0.166651270393599 0.0269355242745293 0.369785820939063 0.309558607428595 0.127060944275541 7.83268867249918e-06
"NA19101.1.A09" 0.37185085535068 0.209370425020662 0.184739318833894 8.91699417977175e-07 0.133960470511523 0.100078038583822
"NA19101.1.A10" 0.344735808746586 0.00789753805677778 0.477676854160565 0.118144811468226 0.0475712469067735 0.00397374066107238
"NA19101.1.B02" 0.433644963269131 0.126870023477816 0.20198213054099 1.31846624438045e-06 0.199548749764033 0.037952814481786
"NA19101.1.B03" 0.161756561108691 0.0629244282126949 0.569484927226486 0.0683898194056385 0.124939647203625 0.0125046168428642
"NA19101.1.B04" 0.480820646159818 0.0101884410883251 0.36858305499944 0.0668009627187041 0.0465914167787466 0.0270154782549666
"NA19101.1.B05" 0.338640626945487 0.049235879077155 0.336689798753308 0.104324374143684 0.128470005121892 0.0426393159584735
"NA19101.1.B07" 0.429361920385904 0.110652818412692 0.205312357542803 0.0700950064008691 0.180602916596999 0.00397498066073308
"NA19101.1.B08" 0.326203415263379 0.195709088127873 0.146435119901755 0.0552862868894331 0.183048706228592 0.093317383588968
"NA19101.1.B09" 0.450943661210731 0.198690156539222 0.199155856380085 0.045878407746243 0.0453846170684317 0.0599473010552873
"NA19101.1.B10" 0.50246080549213 0.0836637715062634 0.292323801494791 0.0451632806257262 5.38802789597589e-06 0.0763829528531938
"NA19101.1.B11" 0.46171847298362 0.0544434690714211 0.286547489395547 0.0458136295996003 0.0995970680501397 0.0518798708996716
"NA19101.1.B12" 0.301138939479256 0.0135335407824779 0.459879699501831 0.109834121455748 0.115545451536642 6.82472440447568e-05
"NA19101.1.C01" 0.333396590844433 0.0241183674071842 0.300102338822055 0.103323885666871 0.239053030910173 5.78634928362214e-06
"NA19101.1.C02" 0.165342247356104 6.20243835282106e-06 0.432773336455383 0.219711492115757 0.182164418536897 2.30309750690756e-06
"NA19101.1.C03" 0.389913596545016 0.132624362645637 0.318708873280551 0.0705262821051193 0.070616518921266 0.0176103665024108
"NA19101.1.C04" 0.241612263474713 5.91702694681628e-06 0.446874210401016 0.188600604288497 0.122903962513304 3.04229552275799e-06
"NA19101.1.C05" 0.492007186348662 0.0638454826328331 0.146036957922261 0.193962379319621 0.0910315890531448 0.0131164047234776
"NA19101.1.C06" 0.600706234496988 0.0407448667025324 0.211676560780892 8.04634360811305e-06 0.0803847203675772 0.0664795713084023
"NA19101.1.C07" 0.548378483410828 0.0872326207650051 0.134951516332766 0.110386746878073 0.0714913861619977 0.0475592464513304
"NA19101.1.C08" 0.468547206431667 0.0812624368557787 0.155118106919117 0.0843041895884403 0.0847768930567022 0.125991167148295
"NA19101.1.C09" 0.356243497778837 0.0115306775302554 0.393387975085068 0.103320910992015 0.120045779713793 0.0154711589000318
"NA19101.1.C10" 0.45256358041541 0.0393460310688955 0.295343758714572 0.0579953816517027 0.0799203752694811 0.0748308728799383
"NA19101.1.C11" 0.396650648186923 3.74381855166347e-05 0.268339122575548 0.120076772096483 0.0782514724208201 0.13664454653471
"NA19101.1.C12" 0.305316600809502 0.0117217515090948 0.429773755329903 0.0717810975955081 0.181403671820354 3.12293563846484e-06
"NA19101.1.D01" 0.301209957381146 5.6999268368994e-06 0.23337850102311 0.424053818078302 0.029629869792704 0.0117221537979011
"NA19101.1.D02" 0.430436390304422 7.14153894008582e-06 0.298855100163891 0.0914455770439836 0.168393768244074 0.0108620227046899
"NA19101.1.D03" 0.426431808384235 0.114921905395876 0.291715144898727 0.0928784301832233 0.0484143408250156 0.025638370312923
"NA19101.1.D05" 0.326896262169665 0.0239743866093405 0.473554044103533 0.104231310737519 0.071340122083725 3.87429621750813e-06
"NA19101.1.D06" 0.357285404698253 3.68982462405585e-06 0.267993670887529 0.317019238226658 0.00303979988707578 0.054658196475859
"NA19101.1.D07" 0.435344777640472 0.0797112351427609 0.250072890721067 0.205596824000218 2.4848194007239e-06 0.0292717876760809
"NA19101.1.D08" 0.48721247959868 0.0448185491821005 0.25391687919166 0.0508729094755508 0.0448607507919509 0.118318431760058
"NA19101.1.D09" 0.577322930728868 0.174232021976724 0.10221969362895 0.00642237770854086 0.0452647492088474 0.0945382267480695
"NA19101.1.D10" 0.439644031113436 1.14933382562583e-05 0.300389634230266 0.143530313584722 0.0566619670014928 0.0597625607318275
"NA19101.1.D11" 0.573109656275488 0.0536409968797696 0.238412959652281 0.0364990315041381 0.0342669289334002 0.0640704267549225
"NA19101.1.D12" 0.333694620864933 0.0132047665356329 0.42122225062008 0.0833188580453312 0.132693520744106 0.0158659831899169
"NA19101.1.E01" 0.472812031843244 0.0143425293664487 0.241169443354244 0.0817902119203939 0.0643270926135099 0.125558690902159
"NA19101.1.E02" 0.314517280966407 2.72348246109741e-05 0.373210785714535 0.086247864483114 0.177931288273144 0.0480655457381892
"NA19101.1.E03" 0.346052445449328 8.67237537944406e-06 0.416988270026989 0.116136327601187 0.115513176890081 0.00530110765703488
"NA19101.1.E04" 0.562406470947689 8.53836643268153e-06 0.242959958432745 0.0213356168233128 0.0722855957189351 0.101003819710885
"NA19101.1.E07" 0.430058380777853 0.0664105977175285 0.347930791133469 4.00520472408026e-06 0.103096377353951 0.0524998478124745
"NA19101.1.E08" 0.512017246020925 0.0325032997135429 0.208758811599576 0.00758001665580764 0.223898780792114 0.0152418452180345
"NA19101.1.E10" 0.516968690734877 0.0155480089709173 0.255044697631327 1.85859449309268e-06 0.178131418808898 0.0343053252594872
"NA19101.1.E12" 0.482051608298211 0.00879393542990126 0.31237571756373 0.0964113010725906 0.0470187163903961 0.0533487212451711
"NA19101.1.F01" 0.232988088096876 0.0154733199366493 0.419493360181965 0.132160566486005 0.173774646556457 0.0261100187420472
"NA19101.1.F02" 0.490865740737127 0.0503857649334058 0.327966327654544 0.0409507628534498 0.0134150293533894 0.076416374468084
"NA19101.1.F03" 0.566007177969288 0.0388318070305205 0.282240775493341 0.0232845731327269 0.0584065002618508 0.0312291661122728
"NA19101.1.F04" 0.437380214954974 1.52889378868627e-05 0.258268668245821 0.217742342485652 0.0471638551930908 0.0394296301825753
"NA19101.1.F07" 0.479919125956928 0.059220208950311 0.311429459076541 0.0606966608951326 0.0641736374089093 0.0245609077121777
"NA19101.1.F08" 0.542360787710537 0.0372659561672557 0.311381492979398 0.0635736829298982 0.0384415048508012 0.00697657536210975
"NA19101.1.F09" 0.593128223329054 0.103495023434656 0.161463210406967 1.58823470025906e-05 0.0974955063161287 0.0444021541661919
"NA19101.1.F11" 0.386146544879837 3.94498345385455e-06 0.38040861885246 0.0934965731106578 0.136469364061886 0.00347495411170589
"NA19101.1.F12" 0.39812855363147 3.36931435856799e-05 0.317721148752536 0.172407008176142 0.111700003716422 9.5925798431863e-06
"NA19101.1.G02" 0.409976225722988 0.00885368080889387 0.227493081789966 0.155227808361821 0.152958106714914 0.0454910966014161
"NA19101.1.G03" 0.394092161928264 8.54088896317763e-06 0.347764885782744 0.149345221502271 0.100938472229757 0.00785071766800049
"NA19101.1.G04" 0.500995964640995 0.00533855753304877 0.219820561993367 1.30393918594489e-06 0.231407816675933 0.0424357952174697
"NA19101.1.G05" 0.517239694454372 0.0352322998606643 0.208349264359957 0.152865535720365 0.0863113457321142 1.85987252723685e-06
"NA19101.1.G07" 0.32614655206322 0.000923007061474628 0.421711464315363 0.0549576984294034 0.192906256674303 0.00335502145623644
"NA19101.1.G08" 0.393525573781671 0.0354474460487973 0.270168064514418 0.220325033556359 0.0800086829046807 0.000525199194073647
"NA19101.1.G09" 0.374815036811364 0.0870796276112847 0.330874068285162 0.143977808472848 0.0632471941196421 6.26469969838256e-06
"NA19101.1.G10" 0.403035867196244 2.02229922938629e-05 0.330584425181236 0.0759122047341046 0.135468553341835 0.0549787265542869
"NA19101.1.G11" 0.531186924652195 0.127897766769 0.179918051247085 0.0429190296475018 0.0379944784620996 0.0800837492221184
"NA19101.1.G12" 0.616136385202347 0.0842239384972796 0.128206740639304 1.68936911731179e-06 0.0822976650240908 0.0891335812678615
"NA19101.1.H01" 0.498408817579919 0.125141476292935 0.195815430761545 0.0494060894614961 0.0604082022180941 0.0708199836860111
"NA19101.1.H02" 0.260629991256082 0.0565191835471794 0.399445653478887 0.149405811682737 0.133989882226036 9.47780907947837e-06
"NA19101.1.H03" 0.54282827187786 0.1439659188405 0.0662609456381652 0.00337853795325603 0.181315980214896 0.0622503454753232
"NA19101.1.H05" 0.487354406086948 0.0461129075438895 0.255390571572279 0.0528407165398579 0.0954847462916468 0.0628166519653785
"NA19101.1.H06" 0.501159102926574 0.0239764143599396 0.333628009499983 0.0774854328794781 0.0140157528018209 0.0497352875322046
"NA19101.1.H08" 0.353569848374747 0.0673202142320054 0.326166747408627 0.0892667741627659 0.163675423797154 9.92024700433078e-07
"NA19101.1.H10" 0.568251066567517 1.91997608861649e-06 0.215330082077181 1.60559497286212e-06 0.124183878120097 0.0922314476641431
"NA19101.1.H12" 0.374413962115386 1.28242077170914e-05 0.401367314548844 0.0165998071479132 0.207604256870286 1.83510985314595e-06
"NA19101.2.A01" 0.28868856036823 0.218720563751128 2.95278164511844e-05 0.0970008455620114 0.330621417071114 0.0649390854310646
"NA19101.2.A02" 0.0654516713106237 0.31130521711623 0.19032859517705 0.134556474161944 0.298356418999702 1.62323444990979e-06
"NA19101.2.A06" 0.425429710138629 0.0913764203882193 0.128048404334978 0.0691392339821839 0.267428598898423 0.0185776322575678
"NA19101.2.A08" 0.212968428999779 0.269593964867031 0.11814146292981 0.0520369977519972 0.285158975763092 0.0621001696882914
"NA19101.2.A09" 0.323737821745586 0.340058649295003 0.0273187265448372 0.0446101156540432 0.213867145268851 0.0504075414916799
"NA19101.2.A10" 0.125594929929666 0.231975115275819 0.274925448311483 0.0838839464799483 0.283613337111614 7.22289147016121e-06
"NA19101.2.B02" 0.35152832503355 0.293390094114115 0.050409038074301 0.120950231880712 0.0918013211938338 0.0919209897034873
"NA19101.2.B03" 0.182835872025773 0.204414510214233 0.168048850225712 0.160055708938322 0.279577782624703 0.00506727597125642
"NA19101.2.B04" 0.038500549618115 4.43805619121642e-06 2.29350125094072e-06 0.380254467825793 0.484809440810772 0.0964288101878776
"NA19101.2.B06" 0.240070736973209 0.169335910593137 0.155586264205883 0.181239022785603 0.2398487300208 0.0139193354213686
"NA19101.2.B08" 0.112265610975961 0.278741987221287 0.154122583663561 0.179346866566593 0.275520965435247 1.98613735123823e-06
"NA19101.2.B09" 0.273204712046133 0.18469228325929 0.168958855522109 0.14092109388067 0.217835804741466 0.0143872505503326
"NA19101.2.B10" 0.138286459772008 0.191504582660061 0.204027315645004 0.205431871418162 0.249609349981773 0.0111404205229916
"NA19101.2.B12" 0.393284275091851 0.17385306528974 0.0599258767449943 0.0378624448776631 0.302386042413412 0.0326882955823398
"NA19101.2.C01" 0.113519511314326 0.0707763301195075 2.44523194717055e-05 0.271353040509224 0.490281860042312 0.0540448056951594
"NA19101.2.C03" 0.25898858489187 0.20412502862025 0.0672906845748732 0.159219968704585 0.309169818649502 0.001205914558919
"NA19101.2.C04" 0.120181174503908 0.113766362677474 0.316071602803403 0.0680538909398562 0.381922155727862 4.81334749673641e-06
"NA19101.2.C05" 0.241458211632822 0.164949716717394 0.139158431923206 0.230108264099772 0.219530825725318 0.00479454990148852
"NA19101.2.C06" 0.322983569269952 0.144842046992634 0.205469663227113 0.117470646675889 0.153165242784635 0.0560688310497771
"NA19101.2.C07" 0.392399410097274 0.162776056118692 0.236057851957742 0.039816818239231 0.168936500361395 1.33632256663053e-05
"NA19101.2.C08" 0.260360076492125 0.0979148788724417 0.208805180939008 0.127375699279015 0.305541260014084 2.90440332631936e-06
"NA19101.2.C09" 0.139284054450537 3.70303362945567e-06 2.08857545759375e-06 0.448082062457534 0.332428251829877 0.0801998396529648
"NA19101.2.C11" 0.550846178003591 0.140388797953009 0.0372492413059906 0.0211803810206075 0.199379125723489 0.0509562759933127
"NA19101.2.D02" 0.254258061222793 0.0474754381971976 0.198681935630752 0.121832563673197 0.359371317618872 0.0183806836571881
"NA19101.2.D03" 0.317886795346294 0.142369884231464 0.24107471054362 0.0134780227708327 0.285074017611776 0.000116569496013903
"NA19101.2.D04" 0.317749936317414 0.0923282387649176 0.1900441474803 0.105286223039899 0.278349447681687 0.0162420067157819
"NA19101.2.D05" 0.213440953216128 1.55005787319584e-05 1.12588785278539e-05 0.31283808915086 0.410076764535868 0.063617433639884
"NA19101.2.D06" 0.284116839152676 0.0375934038256564 0.223490903881587 0.206739495532522 0.210091241902329 0.03796811570523
"NA19101.2.D07" 0.450324797831023 0.0763752036905277 0.0902927197519611 0.290664813070443 0.0460490316492826 0.0462934340067628
"NA19101.2.D08" 0.395462753338833 0.0960563754273589 0.257462103531046 0.0928284095254251 0.126825305957419 0.0313650522199186
"NA19101.2.D09" 0.191676633519009 0.00139797270978686 0.099927670488528 0.179323602149905 0.452989190181772 0.0746849309509992
"NA19101.2.D10" 0.413116533635341 0.0964924671202388 8.5379738047837e-06 0.266996202006188 0.150360185531862 0.0730260737325648
"NA19101.2.D11" 0.25911122207768 0.178999309042646 0.201915407865859 0.0725386732381489 0.283881267312395 0.00355412046327083
"NA19101.2.E01" 0.326486602163272 0.0961227144343792 0.115503073227506 0.129832080227976 0.328815800339211 0.00323972960765587
"NA19101.2.E02" 0.245065978608796 0.100428102069253 0.298993898268494 0.101188024854727 0.247571533403173 0.00675246279555513
"NA19101.2.E03" 0.115104932987651 2.69674099646917e-05 0.0745181049501039 0.354005218039607 0.44318930107151 0.0131554755411639
"NA19101.2.E04" 0.497518668527656 0.155974625642623 0.0368782153119026 0.0917497414622367 0.158914540736077 0.0589642083195056
"NA19101.2.E06" 0.285548565066702 0.0234077798779761 0.116131921053523 0.278126199750603 0.252406631451474 0.0443789027997215
"NA19101.2.E07" 0.411183510121114 0.0932073555536664 0.0986716632360806 0.13783775353036 0.23633048575869 0.0227692318000888
"NA19101.2.E09" 0.426639401241771 0.0569120340276237 0.00333590093760342 0.0871445419557747 0.343529396465027 0.0824387253722003
"NA19101.2.E10" 0.246196371030143 0.0809899546366265 0.363963143449577 0.0871159566710669 0.197684324026319 0.0240502501862674
"NA19101.2.E11" 0.454345392099544 0.149436836120754 0.0184110278736738 0.132781071507209 0.172598110563685 0.0724275618351339
"NA19101.2.E12" 0.310261918006701 0.146564671582667 0.305434966446061 2.82313988870915e-06 0.229405964772865 0.00832965605181819
"NA19101.2.F01" 0.23220359794801 0.167289387132487 0.203135647966938 0.0520592361870056 0.307890456698537 0.0374216740670215
"NA19101.2.F03" 0.517690818245883 0.102629300422093 0.0420572692617241 0.0593702820787956 0.209959267851484 0.0682930621400199
"NA19101.2.F04" 0.325062936434888 0.0325775993540352 0.238108590629367 0.24938216351821 0.138363341343297 0.0165053687202026
"NA19101.2.F06" 0.509314166155484 0.13096911703564 0.151887312547549 0.0485719757162313 0.0975051937466058 0.0617522347984899
"NA19101.2.F07" 0.414685845657105 0.202944496645557 0.0509986774271571 0.0932518410203519 0.140644419208341 0.0974747200414884
"NA19101.2.F08" 0.382394432989899 0.0372350007262129 0.162988693716914 0.0289375071147599 0.372210943587577 0.0162334218646375
"NA19101.2.F09" 0.219759892595794 0.116949225020165 0.204436577235449 0.114662851327396 0.344181705231703 9.74858949395801e-06
"NA19101.2.F12" 0.245152068615856 4.2096168607948e-05 0.00539208620993888 0.219264256053836 0.446829970001643 0.0833195229501182
"NA19101.2.G01" 0.299286884524853 0.196356865202351 0.0851400308303264 0.113877859256431 0.289093156690448 0.0162452034955912
"NA19101.2.G02" 0.416095344923132 0.141014024279813 0.070235599244284 0.145728229097722 0.13112136064691 0.09580544180814
"NA19101.2.G03" 0.221803222854907 0.121873091123447 0.128543776764637 0.234742267982337 0.247495396622664 0.0455422446520074
"NA19101.2.G04" 0.392633792572284 0.122349968267962 0.169408536125595 0.10060106420107 0.169258707846368 0.045747930986722
"NA19101.2.G05" 0.242514383445161 0.179025749353782 0.0819438117284349 0.146558781697059 0.341167342951129 0.00878993082443454
"NA19101.2.G07" 0.296882201331666 0.169352484331534 0.0739702022450666 0.236788677917117 0.168817271664079 0.0541891625105361
"NA19101.2.G08" 0.149692268871883 0.00012780045449689 0.00857853613555253 0.320003536043711 0.452247783561807 0.0693500749325495
"NA19101.2.G09" 0.279329496990938 0.247871446694016 0.107954033336498 0.0452287135911864 0.220600048864078 0.0990162605232832
"NA19101.2.G12" 0.38695695733081 0.0863588981366836 0.161283759034331 0.10570801266273 0.210329820329103 0.0493625525063427
"NA19101.2.H01" 0.299860110916168 0.121767929742215 0.150620791770884 0.0739748607276373 0.330222236909359 0.023554069933736
"NA19101.2.H02" 0.203624172253612 0.116329949655229 0.062243488543277 0.222898410370112 0.318769454744294 0.0761345244334746
"NA19101.2.H03" 0.364393663253551 0.180381981503506 0.104851727351553 6.7972240485209e-05 0.306815373135794 0.0434892825151112
"NA19101.2.H05" 0.276481336911446 0.121934223749475 0.245716867758731 0.0148175583159694 0.341043783956508 6.22930787041414e-06
"NA19101.2.H06" 0.3857386810481 0.248788647036424 0.05584282634071 0.0262777691829356 0.173545192136855 0.109806884254976
"NA19101.2.H07" 0.398033263238881 0.179676745531158 0.095964120620293 0.08217032583917 0.18232934550995 0.0618261992605477
"NA19101.2.H08" 0.114643756800812 0.272524045574875 0.23165170729393 0.0923455571544651 0.282425046464237 0.00640988671168087
"NA19101.2.H09" 0.10516707028841 0.00300704618704534 3.04121482913458e-06 0.390736724747849 0.468549715515079 0.0325364020467871
"NA19101.3.A06" 0.431522358804576 0.138403141900402 0.132925760965499 0.160689792166725 0.110876946574733 0.0255819995880639
"NA19101.3.A07" 0.310195642669544 0.0930016585406411 0.102001229549099 0.292566830492657 0.135548363015072 0.0666862757329875
"NA19101.3.A10" 0.458362181489699 0.253127699791949 0.123150125648744 0.0139930589803058 0.0680979520439625 0.0832689820453403
"NA19101.3.A12" 0.311452162606027 0.05254525253148 0.310801945845067 0.242339631446141 0.0828555630416777 5.44452960822106e-06
"NA19101.3.B01" 0.369892251730592 0.196111236287162 0.240381201425981 0.0286496987166054 0.0996760588174974 0.065289553022162
"NA19101.3.B02" 0.272873129431665 0.280284986058086 0.230476040600491 8.15665959216192e-07 0.112977149877257 0.103387878366541
"NA19101.3.B06" 0.321228286707931 0.124467660438666 0.244350552298877 0.0948432540304284 0.190614542474552 0.0244957040495448
"NA19101.3.B07" 0.456223093245484 0.286438868671734 0.10321744188228 0.0302693728068472 0.0377280233059388 0.0861232000877149
"NA19101.3.B08" 0.274766937199154 0.131584445012656 0.357410898972436 0.120956229537222 0.0981282073100986 0.0171532819684346
"NA19101.3.B09" 0.302459882869459 0.0852023852048189 0.370781111610645 0.139378679976778 0.0718825155954666 0.0302954247428327
"NA19101.3.B10" 0.500719944099041 0.218592654656478 0.0769408584705954 0.0182833789784402 0.120065842042311 0.0653973217531347
"NA19101.3.B11" 0.473963254406198 0.0746323429649032 0.188134539565651 0.0919769392802746 0.0537750807838468 0.117517842999126
"NA19101.3.B12" 0.466461288372112 0.183011161943927 0.152037988185929 0.0131215393914688 0.0793335859765449 0.106034436130019
"NA19101.3.C03" 0.28398336271656 0.143317212136304 0.287167295130548 0.231111064546998 0.0342471691227989 0.0201738963467915
"NA19101.3.C04" 0.506322943731837 0.135132611916051 0.211803333990175 0.0142244137918644 0.0793839425107132 0.0531327540593598
"NA19101.3.C05" 0.432930100548826 0.121623671346472 0.17299260104759 0.144735051288782 0.0428003927270422 0.0849181830412869
"NA19101.3.C06" 0.266873381518615 0.0284278911907919 0.435523800266851 0.113760536197614 0.136348277012442 0.0190661138136864
"NA19101.3.C07" 0.463146942674295 0.0434608926223747 0.378466296115192 0.0974467819053567 1.60105213304954e-06 0.0174774856306486
"NA19101.3.C08" 0.371158632694099 0.0538707437118374 0.393165798536324 0.14436043952905 0.0290856786025891 0.00835870692610042
"NA19101.3.C10" 0.42080898577575 0.0672031623827029 0.108745045355905 0.181241596334525 0.172836668895737 0.0491645412553801
"NA19101.3.C11" 0.417561684838189 0.0390488863104926 0.294276451556334 0.0262607571945516 0.121562776712193 0.101289443388241
"NA19101.3.D03" 0.481678060762535 0.144392068099427 0.175618319613424 0.133972119151527 7.74687364921645e-06 0.064331685499437
"NA19101.3.D06" 0.454101521993998 0.0705704124905868 0.259686876029097 0.0621681267472283 0.0721079191859513 0.0813651435531382
"NA19101.3.D08" 0.391101643366094 0.0136825191411736 0.448433339078947 0.102958097011648 1.2663531783232e-06 0.0438231350489591
"NA19101.3.D10" 0.465660186270126 0.0561400993903867 0.329798319789902 0.0554683539831118 0.00278074629721407 0.0901522942692593
"NA19101.3.D12" 0.422879399526115 0.0830831714852815 0.296183199761494 0.0417010296838074 0.143281978229755 0.0128712213135462
"NA19101.3.E02" 0.409398515689591 0.0617957600546915 0.37984457623391 0.0562851927224598 0.0774937990643838 0.0151821562349636
"NA19101.3.E03" 0.357510709612062 0.00651400607347519 0.272499876058702 0.198304751287591 0.143525097330427 0.0216455596377433
"NA19101.3.E04" 0.35817152825026 2.7515556729847e-06 0.335382067468334 0.113776310860598 0.181058928976477 0.0116084128886581
"NA19101.3.E06" 0.310733108611929 1.3144303336812e-05 0.394455120345854 0.0886891505516978 0.196426350218716 0.00968312596846611
"NA19101.3.E07" 0.45152162273902 0.15361495877111 0.186634478217044 2.91210769851419e-05 0.169868041182023 0.0383317780138176
"NA19101.3.E09" 0.489529862520164 0.113462155344566 0.158201568157124 0.0391063308412401 0.114165642544888 0.085534440592017
"NA19101.3.F01" 0.476785263080082 0.0670719955145632 0.297493379164809 0.0529923554265401 0.0451207628098019 0.0605362440042039
"NA19101.3.F02" 0.500431912690032 0.0545189928394027 0.233177155773707 0.02164176924299 0.171448300857756 0.0187818685961112
"NA19101.3.F03" 0.375335414075799 0.157273043251086 0.156757561424613 9.90213643159984e-07 0.255163277201035 0.0554697138338241
"NA19101.3.F05" 0.41573237077135 0.000715274327100148 0.422655352181256 0.123862151373103 9.55692162499603e-07 0.0370338956550285
"NA19101.3.F07" 0.421696154845848 0.0734600896337154 0.161614984002979 0.157255596661236 0.125277595595664 0.0606955792605585
"NA19101.3.F08" 0.258650739246933 0.0859531878691045 0.379677089973187 0.17219093234272 0.0979101640066686 0.00561788656138728
"NA19101.3.F10" 0.347517939886587 0.00204008831935956 0.445493193920175 0.141534926110464 1.26398124045196e-06 0.0634125877821737
"NA19101.3.F11" 0.377145942332891 0.0148677867308568 0.382183007400618 0.16122214127651 0.0644539231079752 0.000127199151149528
"NA19101.3.F12" 0.405466458109379 0.0774338694087465 0.382112781401314 0.0312766424360961 0.0910812715427795 0.0126289771016848
"NA19101.3.G01" 0.362761019798726 0.0106432900193241 0.239438251027781 0.175002507488993 0.19408621115626 0.018068720508916
"NA19101.3.G03" 0.389083221605738 0.101979767888283 0.261089318557693 0.0892656535805752 0.150842226058529 0.0077398123091821
"NA19101.3.G05" 0.338179840752232 0.0458629815522985 0.38679344429316 0.122405567123899 0.087114088964317 0.0196440773140928
"NA19101.3.G06" 0.346200812213128 0.0586474447335359 0.303937225310513 0.109891586064499 0.179582390484419 0.00174054119390496
"NA19101.3.G07" 0.510915292978382 0.159698626441583 0.0411121278477414 0.148237284638746 0.084015192677198 0.0560214754163502
"NA19101.3.G08" 0.3281055454246 0.15068334273671 0.152536410015005 0.194328490164332 0.153119038638991 0.0212271730203612
"NA19101.3.G10" 0.25017367943772 0.129761272289466 0.41392371872345 0.0665791236281614 0.139559976477799 2.22944340457484e-06
"NA19101.3.G11" 0.49299630954328 0.0672300686778362 0.192111798309044 0.0395397897030291 0.182787013785276 0.0253350199815347
"NA19101.3.G12" 0.314201462592656 0.103269455250512 0.356585577149478 0.0477288431728941 0.178213033237306 1.62859715435891e-06
"NA19101.3.H05" 0.34652432977555 0.131560928552009 0.394374842540441 0.0081019446571098 0.105584372012374 0.0138535824625163
"NA19101.3.H08" 0.211555700884516 0.154318700166616 0.393657129424534 0.0911069900724061 0.143957175134428 0.00540430431750068
"NA19239.1.A01" 0.245457254638435 0.505580295972808 3.45705439833328e-06 0.0956668102816235 0.114075735427856 0.0392164466248792
"NA19239.1.A03" 0.0499805128095165 0.516372716582353 0.0884521817855316 0.166419871681084 0.158626278144934 0.0201484389965804
"NA19239.1.A05" 0.229679806493034 0.439131061326955 0.149601035959394 0.00210984830099039 0.179469643459996 8.6044596308056e-06
"NA19239.1.A06" 0.230689940319531 0.48253938725847 5.15644518276514e-06 0.0465807276088198 0.199900056404792 0.0402847319632046
"NA19239.1.A08" 0.0252241805726949 0.551593382481752 0.0596969517342502 0.186887567355098 0.176577181733071 2.07361231335351e-05
"NA19239.1.A09" 0.232338484963939 0.431402727741157 2.77694159902075e-06 0.201963173795152 0.0605448978708909 0.0737479386872621
"NA19239.1.A10" 0.190345319576766 0.467322962273851 0.0872006385260193 0.0329294119652709 0.200183883348921 0.0220177843091715
"NA19239.1.B02" 0.368420056995696 0.387339463463755 1.56976420874362e-05 0.0228876358189451 0.0985942154315091 0.122742930648007
"NA19239.1.B03" 0.170026388119487 0.521230014325276 0.0216052455290438 0.181786536557265 0.105248456561062 0.000103358907866538
"NA19239.1.B05" 0.211271199892643 0.362194060155283 0.0522783658162176 0.0880135916952184 0.26312944866967 0.0231133337709678
"NA19239.1.B06" 0.244308905256576 0.33161305282626 2.94175768769516e-05 0.337342510011625 0.0458871882845242 0.040818926044138
"NA19239.1.B07" 0.0666889395804329 0.408460462643322 0.137994075114893 0.242498631316666 0.14434918454242 8.70680226700022e-06
"NA19239.1.B08" 0.255167443298947 0.568247906997702 0.0651371188696145 0.0505889398196761 0.060836580992111 2.2010021949808e-05
"NA19239.1.B09" 0.372813980147431 0.500786748504058 0.00915232727012589 0.0357143824922077 0.0578962822724713 0.0236362793137067
"NA19239.1.B10" 0.18239944018164 0.319533105203378 0.0535752257054916 0.362818202218044 0.0707077569404529 0.0109662697509932
"NA19239.1.B11" 0.423317244223309 0.454344877409593 4.29080293617304e-06 0.0900993927204046 2.4009355675484e-06 0.0322317939081902
"NA19239.1.B12" 0.158935517357633 0.504886693624603 0.214085959777778 0.0605527666629959 0.0615370217756105 2.0408013785822e-06
"NA19239.1.C01" 0.226453308346822 0.423174413625139 3.42871842255111e-06 0.15745534817668 0.156499863264217 0.0364136378687189
"NA19239.1.C02" 0.230368332149426 0.480814875274037 0.172524360904335 0.00976525088955994 0.0762246395219641 0.0303025412606783
"NA19239.1.C03" 0.290754361887747 0.442006879060069 0.112739382444222 0.067806750546122 0.0866898809089457 2.74515289427933e-06
"NA19239.1.C05" 0.353663330696072 0.482062925211699 0.0445446227017416 0.0421345314580316 0.0261026206803659 0.0514919692520895
"NA19239.1.C06" 0.317030539082647 0.455032584531415 2.17598823549129e-05 0.165285954327542 0.0112393861851058 0.0513897759909356
"NA19239.1.C08" 0.363991924424891 0.447171122500607 3.2849611743377e-06 0.0913669631242398 0.0644914528795702 0.0329752521095173
"NA19239.1.C09" 0.254522752329321 0.495438450513831 0.133909189095604 0.0238506338048464 0.0922645438414057 1.44304149917639e-05
"NA19239.1.C10" 0.298413451562205 0.536957209296337 0.0363643843206264 0.0705912552465928 0.0292125270683628 0.0284611725058754
"NA19239.1.C11" 0.210998269831901 0.321888596488154 0.0611161764756676 0.321683484755972 0.0843064060932174 7.06635508809622e-06
"NA19239.1.C12" 0.350370510408249 0.473771728064093 0.0564497092560483 0.0497114337526132 0.00740407391471881 0.0622925446042773
"NA19239.1.D01" 0.271956717361004 0.517505552646451 0.10106836260632 0.109457506511624 2.03697374860361e-06 9.82390085245721e-06
"NA19239.1.D02" 0.297119878716093 0.480922983948137 0.0374847657454455 0.118404056158301 0.0500623893665682 0.0160059260654555
"NA19239.1.D03" 0.266713051945779 0.330182049455892 2.43498025552675e-06 0.225429386371375 0.12692721606237 0.0507458611843288
"NA19239.1.D04" 0.264841906955172 0.474265748466254 0.0279893877110143 0.146445747473867 0.0385729613631153 0.0478842480305767
"NA19239.1.D05" 0.25390586746613 0.470912197210834 0.0938645404113304 0.181311151223891 4.95634480358906e-06 1.28734300989209e-06
"NA19239.1.D06" 0.465696550317767 0.374668354952122 0.0445559502713639 0.0258077737542139 0.0342598933351669 0.0550114773693655
"NA19239.1.D08" 0.394787937007581 0.448686600237133 0.0567021485338306 0.0616614110442855 0.0170351459945089 0.0211267571826609
"NA19239.1.D09" 0.277312928440434 0.465587944019647 0.071430171031476 0.0739878381622179 0.0730742461765645 0.0386068721696607
"NA19239.1.D10" 0.258999135173035 0.427514275163581 9.66200771336543e-06 0.145129773634662 0.165200096484531 0.00314705753647839
"NA19239.1.D11" 0.257105985184773 0.481900112815031 0.0634819948014806 0.0694325020031108 0.104818822544936 0.023260582650668
"NA19239.1.D12" 0.209724230635519 0.440402555091855 7.62583819709017e-06 0.199877592750293 0.103035483404561 0.046952512279575
"NA19239.1.E01" 0.202872734067251 0.474621114829226 0.144822005492761 0.090807285776219 0.0868739638695592 2.89596498270474e-06
"NA19239.1.E02" 0.390827064109542 0.50227036539005 0.0265774080507988 0.0144423047003233 4.62181202941181e-06 0.0658782359372561
"NA19239.1.E03" 0.187435406549051 0.4695130307616 0.093230625545421 0.0836717775347959 0.140564706231291 0.0255844533778411
"NA19239.1.E04" 0.214792002820199 0.443521032478794 0.121273719355706 0.066845780447052 0.15354921134611 1.82535521389836e-05
"NA19239.1.E06" 4.96322483075428e-06 0.516056407910222 0.0992289613112008 0.136707511732753 0.197164051846211 0.0508381039747819
"NA19239.1.E07" 0.389624683471337 0.443152922833279 2.54579423060903e-06 0.073497852917413 0.0360129173146993 0.0577090776690415
"NA19239.1.E08" 0.402987515472895 0.453436468589213 0.0361628890075632 0.0215723014042276 0.0371175492852407 0.0487232762408611
"NA19239.1.E09" 0.29658427016429 0.449543554026469 0.134622457741873 0.07754258373629 0.0323922313341099 0.0093149029969681
"NA19239.1.E10" 0.144301599945893 0.460318415980499 0.125675642502023 0.157349728290152 0.104081018699764 0.00827359458166853
"NA19239.1.E11" 0.393088829932273 0.423369760644769 4.93109806206821e-06 0.0465042658316196 0.0739650702588699 0.0630671422344055
"NA19239.1.E12" 0.258940595876595 0.441797747427408 0.174789661372906 0.0118539280012466 0.108004938350225 0.00461312897161852
"NA19239.1.F01" 0.377177536805828 0.479409921509061 0.0185807493597275 0.0482139177185463 0.0631013240983078 0.01351655050853
"NA19239.1.F02" 0.237543538389271 0.483017828896399 0.0636788627348502 0.129803148434669 0.0826767046336407 0.00327991691116994
"NA19239.1.F03" 0.205528427719239 0.438023621115475 0.100781901044424 0.163012865976548 0.092651842561117 1.34158319642348e-06
"NA19239.1.F04" 0.431431832924694 0.426572560237728 1.25500715064339e-05 0.0553229779922394 0.0727565203986509 0.0139035583751818
"NA19239.1.F06" 0.166401519418317 0.440367752576664 0.210145167710966 0.17277170283748 0.010312240281385 1.61717518763591e-06
"NA19239.1.F07" 0.308544390265286 0.411416049369672 0.127420260858051 0.0851909558059679 0.0612334346756402 0.0061949090253827
"NA19239.1.F08" 0.332917775673328 0.480273266293035 6.29096463572812e-06 0.0795674312252675 0.072429721650675 0.034805514193059
"NA19239.1.F09" 0.268022966969097 0.543382535563335 0.0270958005782726 0.0904703357698186 0.0316812043972573 0.0393471567222186
"NA19239.1.F10" 0.11926046974421 0.515844238731107 0.22849486879967 0.0878792515033103 0.0485188445273454 2.3266943565798e-06
"NA19239.1.F12" 0.199322426922142 0.407353123404681 0.161311131202051 0.00886203882606953 0.207818967878805 0.0153323117662513
"NA19239.1.G01" 0.0705954432602174 0.520433498941759 0.100280331466628 0.141267097761341 0.167422396037803 1.23253225089401e-06
"NA19239.1.G02" 0.107858701493132 0.435819397484019 0.10201555679215 0.161290799182526 0.170020563136448 0.0229949819117244
"NA19239.1.G03" 0.314854868519246 0.441394647877198 0.0277166656132237 0.0864997229438343 0.0849189238359499 0.0446151712105471
"NA19239.1.G04" 0.256562436948062 0.407052466376852 2.91030475324753e-05 0.08579488156064 0.250557559166799 3.55290011425346e-06
"NA19239.1.G06" 0.156953120171433 0.331580680504001 0.167653473931128 0.0601963550703243 0.283602817578748 1.35527443647677e-05
"NA19239.1.G09" 0.15192342160043 0.49363626802397 0.0211102221129087 0.0782512802718845 0.244992060284353 0.0100867477064537
"NA19239.1.G10" 0.171685462215509 0.464843933580392 0.137025336758259 0.0239527429946986 0.202489956930192 2.56752094944561e-06
"NA19239.1.G11" 0.30519571509328 0.439456861584726 0.0873017321980218 0.0721794503620298 0.0691217712257139 0.0267444695362283
"NA19239.1.G12" 0.156661584080218 0.429390102140499 0.137448272922269 0.116500369367454 0.159998468553557 1.2029360034014e-06
"NA19239.1.H01" 0.233373553286295 0.471187295080134 0.00586780741763842 0.164024060271964 0.0973691351355684 0.0281781488084008
"NA19239.1.H03" 0.113150129034481 0.534950780073853 0.15179824149773 0.117361031941857 0.0827370977603679 2.71969171081129e-06
"NA19239.1.H04" 0.155639787212227 0.453531537859261 0.0417252668325129 0.161563323775389 0.174887183705642 0.0126529006149686
"NA19239.1.H05" 9.13271893721656e-06 0.584684712397989 1.0931536508041e-05 0.0888865585446527 0.325177372616928 0.00123129218498459
"NA19239.1.H06" 0.283560776204436 0.498425369945026 3.46247247374598e-06 0.0727338917847397 0.101590455010536 0.0436860445827885
"NA19239.1.H07" 0.187630927530958 0.552040398405702 0.0483692236357627 0.0759724645213185 0.0983087027552605 0.0376782831509981
"NA19239.1.H08" 0.133494743441966 0.451095208449669 0.0424475311150115 0.174520334608672 0.198435431728332 6.7506563491712e-06
"NA19239.1.H09" 0.200379267133439 0.467855498946682 1.60463529254013e-06 0.215195776757221 0.0265389008751779 0.0900289516521874
"NA19239.1.H10" 0.257781286623073 0.423871273322725 0.188036192053499 0.075229284443033 0.0547645418069122 0.000317421750757721
"NA19239.1.H11" 0.136076285282076 0.541917386990955 0.134961838098933 1.196663162769e-06 0.187041843093526 1.44987134725911e-06
"NA19239.2.A01" 0.0545409394413428 0.507033417029178 0.164917352726242 0.268091116815981 0.00541113680964373 6.03717761257971e-06
"NA19239.2.A02" 0.125955561658415 0.637059285032126 1.31966288080012e-05 0.0112948873102186 0.163275471337094 0.0624015980333385
"NA19239.2.A04" 0.357114428373903 0.423982488607138 3.40862067152515e-06 0.128530348669483 8.43510546215762e-06 0.0903608906233428
"NA19239.2.A05" 0.31875661809966 0.372376257757805 0.112739040325301 0.137759698315052 0.0546933585113132 0.0036750269908696
"NA19239.2.A06" 0.347178951740759 0.395590587326522 8.15282063350071e-06 0.0711517001328601 0.0574159607993313 0.128654647179894
"NA19239.2.A07" 0.14102834682287 0.424976297041858 0.192732326065764 0.0256845678713633 0.163493122789716 0.052085339408429
"NA19239.2.A08" 0.0497377689167446 0.597272326744909 0.0993609850446115 0.0164620172681877 0.204739171888303 0.0324277301372435
"NA19239.2.A09" 0.146037289263516 0.465507862312293 0.202726477576953 0.116742069971429 0.0264377203637051 0.0425485805121045
"NA19239.2.A11" 0.160513936051327 0.434096986365583 0.145929991817219 0.0774959436332819 0.0936534815475646 0.0883096605850241
"NA19239.2.A12" 0.400086244698663 0.252248827725637 0.161964027552769 0.131422402724771 1.35233335515878e-06 0.0542771449648052
"NA19239.2.B02" 0.102345421557284 0.409832670472116 0.206551097561444 0.120940105689731 0.152793819686889 0.00753688503253599
"NA19239.2.B04" 0.308049581029899 0.420945099518775 0.074388861425071 0.0426290629345212 0.10094794796804 0.0530394471236934
"NA19239.2.B05" 6.40697575611642e-05 0.540078264696491 4.76964059521608e-06 0.112650842568243 0.243499832675971 0.103702220661139
"NA19239.2.B06" 0.338085313685827 0.397313282791669 0.08124930918157 0.0838189182520324 0.0419941912086926 0.0575389848802082
"NA19239.2.B07" 0.308907847516565 0.341731808620453 0.179581630086479 0.115301461571716 1.34484135914776e-06 0.0544759073634281
"NA19239.2.B08" 0.0700261018920757 0.470867551795885 0.119098874746909 0.255562025337331 0.0652943391824122 0.0191511070453872
"NA19239.2.B09" 0.190086434741644 0.41286872544623 0.196655665573992 0.00715647148271081 0.154376335976519 0.0388563667789034
"NA19239.2.B12" 0.377188469649916 0.311750462962417 0.129791199081633 0.0803182681348113 0.0452335391549513 0.0557180610162711
"NA19239.2.C02" 0.0453101854696252 0.382880307547621 0.115345142335585 0.31294249067649 0.143517678686289 4.19528439012867e-06
"NA19239.2.C04" 0.315013567858458 0.302826482879226 0.143182042912983 0.0129244879137904 0.19791800698649 0.0281354114490525
"NA19239.2.C05" 0.384252208372133 0.247508429658356 3.73280435018625e-06 0.258894686953388 0.0499149629679431 0.0594259792438298
"NA19239.2.C07" 0.423167963215289 0.389439175116253 0.00156408764024631 0.00503475650705573 0.114807234898656 0.0659867826225001
"NA19239.2.C09" 0.347182920034477 0.343445635904689 0.135065694594916 0.0879186700040176 8.81890496688749e-06 0.0863782605569339
"NA19239.2.C11" 0.360049673914979 0.366234293150579 0.0172488055748933 2.51823974696256e-06 0.215643834301856 0.0408208748179457
"NA19239.2.C12" 0.251075467554063 0.34244721086428 0.10362366645188 0.177508634229815 0.0762940791360929 0.0490509417638695
"NA19239.2.D01" 0.347258128929324 0.268302069136342 0.0490785906139899 0.237264725920993 0.0635214701441765 0.0345750152551747
"NA19239.2.D02" 0.463767693510407 0.338110348094592 0.04802228457984 0.0151244214159237 0.0958983547812223 0.0390768976180153
"NA19239.2.D04" 0.455848077992156 0.371127861140397 0.0675528104193976 2.56583728533469e-05 0.059407700512387 0.0460378915628094
"NA19239.2.D05" 0.148930811917631 0.22966145462092 0.337241070731892 0.154483584201639 0.116967953377313 0.0127151251506051
"NA19239.2.D06" 0.26500385758984 0.265991909537987 0.211607585949173 0.113134408065731 0.144256280861297 5.95799597149967e-06
"NA19239.2.D11" 0.293239908715351 0.271037000936393 0.284719722404497 0.106918074961143 0.0297052695405383 0.0143800234420773
"NA19239.2.D12" 0.101499033595509 3.19054337309755e-06 1.20483041376968e-06 0.870573238799765 9.9281212086134e-06 0.0279134041097311
"NA19239.2.E01" 0.190061171309363 0.169803715370022 0.33580404717605 0.250206337563329 0.0507573750420413 0.00336735353919577
"NA19239.2.E02" 0.294764215298155 0.349212116079421 0.191605570621576 0.104488003870963 2.05761199608768e-06 0.0599280365178885
"NA19239.2.E04" 0.508899469346253 0.336897363934821 2.89449052083961e-05 0.0385860167861591 0.0583071975481055 0.0572810074794537
"NA19239.2.E05" 0.224983074161001 0.319741239712962 0.24197814164842 0.096567072829361 0.105745387285073 0.0109850843631827
"NA19239.2.E06" 0.4717331005007 0.252038403059005 0.139673512559259 0.017397687823962 0.0664905651642379 0.052666730892835
"NA19239.2.E07" 0.262673748048734 0.331035180133168 0.203978865695981 0.151410191049203 0.0508947650696734 7.25000324057256e-06
"NA19239.2.E08" 0.481178627724905 0.298570081124421 0.0507650076845365 0.0710606863556303 0.0653645226124033 0.0330610744981036
"NA19239.2.E11" 0.385828956810905 0.328202343266922 0.01874203141178 0.0680751651986422 0.180098132935115 0.0190533703766363
"NA19239.2.E12" 0.406505673077751 0.24749668993651 0.0268370076062216 0.16188903729715 0.0656448975925595 0.0916266944898077
"NA19239.2.F01" 0.432720796665003 0.352284443003175 0.0185725941191968 0.111247002448173 0.0327726690464123 0.0524024947180407
"NA19239.2.F02" 0.36275941668412 0.247253576745854 0.0872812190522416 0.184793214384944 0.0549147289515467 0.0629978441812936
"NA19239.2.F03" 0.300256376260044 0.331690189309414 0.0976648103562568 0.261525646311457 0.00885942720323131 3.55055959691663e-06
"NA19239.2.F05" 0.271879392605137 0.310138691347583 0.105281233969875 0.121705697076731 0.188770854657436 0.00222413034323757
"NA19239.2.F08" 0.430468756079527 0.409871526819999 1.6464540191099e-05 0.0480995809752765 0.0492516065522847 0.0622920650327216
"NA19239.2.F09" 0.0901060677881446 0.388392398480867 0.0687672180410176 0.260198812600629 0.172761977545884 0.0197735255434567
"NA19239.2.F10" 0.289994236582363 0.374929320873819 0.0751708789055084 0.0857322477210636 0.163730433932934 0.0104428819843118
"NA19239.2.F11" 0.218048032817955 0.381727227938134 0.183591930265051 0.102258633721305 0.11436532200385 8.85325370464713e-06
"NA19239.2.G01" 0.189690496929549 0.3069868432869 0.239604456511006 0.0981969788321001 0.147815495399466 0.0177057290409787
"NA19239.2.G02" 0.213067403639109 0.270930608903261 0.225077935312464 0.127398844733458 0.124947508926473 0.0385776984852333
"NA19239.2.G04" 0.357627588735908 0.282040738833261 0.0924036869401676 0.0655277255016249 0.113030455025735 0.0893698049633031
"NA19239.2.G05" 0.230541953228774 0.3176373613609 0.271779364720438 0.08412944982855 0.0959104271223815 1.44373895734563e-06
"NA19239.2.G06" 0.367674493379901 0.284679077498621 0.0461663072666448 0.100122352296542 0.169484066535518 0.0318737030227732
"NA19239.2.G07" 0.255020518408776 0.331049729534624 0.175702712254081 0.192998369489013 0.0345985402528466 0.0106301300606595
"NA19239.2.G09" 0.368726918926952 0.487222038211482 0.0440562034396955 0.0263070877944229 0.00167856681472085 0.072009184812727
"NA19239.2.G10" 0.391894833781766 0.353142085660647 0.13987773278785 0.0329480094341948 0.056594029630432 0.0255433087051106
"NA19239.2.G11" 0.137655573695776 0.338509641588176 0.285303500367813 8.7844249268912e-07 0.21641981884473 0.0221105870610125
"NA19239.2.G12" 0.293092985668246 0.353276498038417 0.131659725737735 0.0298606216936534 0.187675036053961 0.00443513280798781
"NA19239.2.H01" 0.207481430222802 0.369818384486401 0.219678213943824 0.117739637651815 0.0427098186866067 0.0425725150085512
"NA19239.2.H04" 0.336065464878314 0.414562115560729 6.79731739807055e-06 0.0396241468638447 0.139434919614607 0.070306555765107
"NA19239.2.H05" 0.27697506008356 0.174787756145748 0.105836909208797 0.408374774802022 0.032616466617361 0.00140903314251205
"NA19239.2.H06" 0.247091623163473 0.262621816532117 0.163919023842541 0.137340169684389 0.183516272070755 0.00551109470672491
"NA19239.2.H08" 0.38143128109049 0.42033197778231 8.2617366142843e-06 0.0630984174816473 0.0331685669836812 0.101961494925257
"NA19239.2.H09" 0.300641885694184 0.409169750549819 5.14727535833556e-06 0.151338729119132 0.0775168032341635 0.0613276841273426
"NA19239.2.H10" 0.246414817361172 0.33008649134192 0.203481386557941 3.08634597537085e-06 0.179643470861494 0.0403707475314976
"NA19239.2.H12" 0.33205500171631 0.3951187701813 0.0885728148017117 0.0754023107176622 0.108845290854972 5.81172804495659e-06
"NA19239.3.A02" 0.0556792276080351 0.734792132082503 8.67118676512804e-06 0.103976300905598 0.054617707545165 0.0509259606719341
"NA19239.3.A03" 1.07290005486776e-05 0.66337848241286 0.16225595602242 0.139959702505429 0.026238282058509 0.00815684800023259
"NA19239.3.A04" 0.198073266989014 0.590405704877056 0.0166602415270844 0.068349829822511 0.0346767466774615 0.091834210106873
"NA19239.3.A05" 3.04789785200855e-05 0.596748444596326 0.214867011472787 0.129447496251613 0.0589044675916962 2.10110905805829e-06
"NA19239.3.A06" 1.5182063633746e-05 0.573422554576375 0.194759386482977 0.114827422776414 0.076186491578941 0.0407889625216594
"NA19239.3.A07" 0.0584096364978305 0.700740891991536 0.128027294830589 0.0811702393322024 0.00272096476757186 0.02893097258027
"NA19239.3.A08" 4.2509458692424e-06 0.511695530694275 0.00268248978631838 0.395943475109532 0.0678188141154129 0.0218554393485923
"NA19239.3.A09" 7.40071369877501e-06 0.683932304848688 0.158014976437425 0.131601089843922 3.78387149301641e-06 0.0264404442847735
"NA19239.3.A10" 0.148978746482822 0.592791447967218 0.00206460510266885 0.217231820885543 0.0389310610664235 2.31849532470263e-06
"NA19239.3.A12" 0.014453314490759 0.592221685688082 0.248267561841779 0.145050975584259 4.25286475276017e-06 2.20953036908824e-06
"NA19239.3.B01" 0.00329931835913117 0.594777831340378 0.111560695372214 0.252500196395487 0.0378603772455884 1.58128720109832e-06
"NA19239.3.B02" 0.0780767040440788 0.637789782720693 0.00256090288653585 0.189589346465773 0.0833045397287472 0.00867872415417223
"NA19239.3.B03" 7.99146196326838e-06 0.669927317289552 0.204283268781463 0.0594680689510107 0.0598735631165873 0.00643979039942383
"NA19239.3.B04" 0.0992748448760507 0.608302109919078 0.0975936677307215 0.174615445313974 0.00938904832928261 0.0108248838308925
"NA19239.3.B05" 6.69074840896163e-06 0.606780911205779 0.169716036297285 0.186424466403 0.0370694989513129 2.39639421522246e-06
"NA19239.3.B06" 0.0550035020654528 0.577023644471028 0.162338008884286 0.127118493366455 0.0785151276522767 1.22356050223679e-06
"NA19239.3.B07" 0.0352932784203547 0.691534556505092 3.026357743266e-05 0.125449244513996 0.0861183279483772 0.0615743290347477
"NA19239.3.B10" 0.120520426349689 0.572058448027143 0.130024802816658 0.14615780429825 3.58218587922208e-05 0.0312026966494678
"NA19239.3.B11" 0.110008252479957 0.679352908698456 0.0222029769127949 0.124420989752739 5.05154287692041e-06 0.0640098206131766
"NA19239.3.B12" 0.014203015745416 0.588791702404097 0.178456453357822 0.161048255833522 0.0574993200319061 1.25262723646115e-06
"NA19239.3.C01" 3.01856768716365e-06 0.709419030118244 0.251144070537352 5.66515742918904e-07 0.0241326979645237 0.0153006162964504
"NA19239.3.C02" 4.78158765906702e-06 0.561941098134347 0.180747117006172 0.23851377507174 0.0187912821005642 1.94609951748334e-06
"NA19239.3.C03" 6.60790017785002e-06 0.649130595332321 0.181111537814669 0.111422664696293 0.0326110269775019 0.0257175672790371
"NA19239.3.C06" 0.09535566461615 0.470452287649344 0.130304591886619 0.092216390585715 0.211506507356937 0.000164557905235189
"NA19239.3.C08" 4.66365218171027e-06 0.548740031404226 0.243710754560785 0.199805522090432 0.00373417449831631 0.00400485379405874
"NA19239.3.C09" 0.00396799389457486 0.656945741197271 0.159465888010448 0.0463207739465306 0.0917311408071058 0.0415684621440698
"NA19239.3.C10" 0.0948497546501497 0.625042348859227 0.0575780435474488 0.150402047506335 0.00743065192468654 0.0646971535121529
"NA19239.3.C11" 0.0552125270660354 0.554583999768123 0.231578122942901 0.117666202636819 1.01013667583565e-05 0.040949046219364
"NA19239.3.C12" 0.0685830046514159 0.545761974146583 0.1170407818597 0.0579688869300855 0.166180883158421 0.0444644692537945
"NA19239.3.D01" 1.37920937816444e-05 0.558428171243676 0.168801033824179 0.136175215285443 0.136576405399772 5.38215314866829e-06
"NA19239.3.D02" 0.192122421860691 0.685262915744562 1.04719730935403e-05 0.0574081325640626 0.00500856682467671 0.0601874910329137
"NA19239.3.D03" 0.0502374586032507 0.669583722077049 0.0765501690187907 0.133271551960942 0.00113571550213356 0.0692213828378342
"NA19239.3.D04" 2.00875261999745e-06 0.590073567918691 0.0684081063786041 0.141138709479821 0.0873580816120619 0.113019525858202
"NA19239.3.D05" 0.100160150461576 0.537687159601368 0.195096878132148 0.0843895946054404 0.0826637519445484 2.46525491853678e-06
"NA19239.3.D06" 0.2245267114779 0.48456425256755 0.14477195703496 0.0939795032618806 1.22677612857085e-06 0.052156348881581
"NA19239.3.D07" 0.194988590722044 0.477906842354095 0.0298792192195741 0.148603576605138 0.107138022510405 0.0414837485887441
"NA19239.3.D08" 0.0283609839047958 0.536990399742848 0.187985096223993 0.221123390825752 0.0255215091968055 1.86201058060599e-05
"NA19239.3.D09" 0.164161093899292 0.586239922956644 0.000601442681447531 0.085756517035341 0.119642717232427 0.0435983061948481
"NA19239.3.D10" 0.0796823381062068 0.549163998537179 0.207558115456685 0.0923601677960701 0.0329428303984244 0.0382925497054347
"NA19239.3.D12" 0.183668549541628 0.608502442327955 0.00304011401807459 0.139411736860738 0.0116999521961728 0.0536772050554319
"NA19239.3.E02" 0.0961402643856793 0.582634941706461 0.0877144729515641 0.144225852443853 0.0793262657357658 0.00995820277667613
"NA19239.3.E05" 0.0708147531260219 0.680959787597601 0.0700128172980069 0.0998950262184261 1.7563478401511e-06 0.0783158594121042
"NA19239.3.E06" 0.0237106671024702 0.596037893896493 0.182862167688424 0.157608404638963 0.000115160267950061 0.0396657064056996
"NA19239.3.E07" 0.13248624036055 0.520707435522407 0.192240795881747 0.127897918753964 1.75848339995574e-06 0.0266658509979314
"NA19239.3.E08" 0.0561114011957419 0.654070357554754 0.148959604570362 0.140845063808656 5.25186810787835e-06 8.32100237849494e-06
"NA19239.3.E09" 0.029057039640897 0.525382390395736 0.225042138079095 0.188841024147423 0.0316716315460596 5.77619078968172e-06
"NA19239.3.E10" 0.1503917214591 0.673739772506012 6.11702094589439e-06 0.0629731755611933 0.0277849728834641 0.0851042405692845
"NA19239.3.E11" 0.119901355329033 0.508742013136799 0.209635543760217 0.0560526667764731 0.0124456747808282 0.0932227462166494
"NA19239.3.F01" 0.0962276420010117 0.641383642773154 0.106354522340042 0.109077131542206 2.85837044853494e-06 0.0469542029731375
"NA19239.3.F02" 6.20691859892825e-06 0.553450799026686 0.109144792347177 0.262201609797116 0.0751941331270716 2.45878335100702e-06
"NA19239.3.F03" 0.125192947778791 0.595566108706177 0.139763473854025 0.115428758192604 5.73677647326485e-06 0.0240429746919296
"NA19239.3.F04" 0.26926422234068 0.373829111162058 5.12811901350149e-06 0.160465719823359 0.1172941362832 0.0791416822716904
"NA19239.3.F05" 0.0557676008014147 0.549411935400564 0.243109674509749 0.0979922634896404 0.0105355675264105 0.0431829582722211
"NA19239.3.F06" 0.110701998316447 0.642745801134944 0.0256102105284649 0.150329930571371 0.0706054436162766 6.61583249564068e-06
"NA19239.3.F07" 0.0772430954852759 0.634804328401139 0.122462466840779 0.108864896397206 1.2065080894791e-06 0.0566240063675111
"NA19239.3.F08" 1.49943521449439e-05 0.558640898382467 0.270564005646759 0.151111461288274 0.00981130598315816 0.00985733434719626
"NA19239.3.F09" 0.159207418489597 0.670457864683335 0.0496251128699836 0.0504527726023736 2.78117307769258e-06 0.0702540501816325
"NA19239.3.F10" 3.54296945261903e-05 0.53630216396795 0.197663048148025 0.23183395412509 0.0341622250575295 3.17900687917082e-06
"NA19239.3.F11" 0.161358996193943 0.553469202201877 0.122683439834391 0.0738856904202525 0.0653012849969565 0.0233013863525802
"NA19239.3.F12" 0.0515669537195287 0.610262406918245 0.183103813038028 0.0801480836180896 0.0334665674753456 0.0414521752307632
"NA19239.3.G02" 0.212533669503099 0.677881143761759 1.97797043797858e-05 0.0523505283711056 2.02015269205397e-05 0.057194677132736
"NA19239.3.G03" 0.0402526395589009 0.58957074391161 0.15831450075039 0.140824183861965 0.0600011885304321 0.0110367433867018
"NA19239.3.G05" 6.81660191891056e-06 0.58709519445756 0.230519935490284 0.143711173584571 0.0386614475878297 5.43227783658807e-06
"NA19239.3.G06" 0.241437821938122 0.594797021714408 3.96937763234844e-06 0.0545276512820132 0.0398247794417754 0.0694087562460495
"NA19239.3.G07" 0.119137092238757 0.551906577941786 0.186195572920287 0.0956132398869746 0.00982690364993159 0.0373206133622633
"NA19239.3.G08" 1.45952159498322e-05 0.643636641537816 0.168810574144264 0.153363528313583 0.00791340483456573 0.026261255953821
"NA19239.3.G09" 1.90859064521979e-05 0.648412146571252 0.23956748529458 0.0796282357296789 1.02082066552942e-05 0.0323628382913822
"NA19239.3.G11" 0.0467256160046148 0.609569293940983 0.194398241977402 0.113817055659651 5.19515670816151e-06 0.0354845972606405
"NA19239.3.G12" 2.7719696925455e-06 0.614334510838549 1.35739201186217e-06 0.0985624271251475 0.0918135609055468 0.195285371769052
"NA19239.3.H01" 3.1325196761405e-06 0.513077364174643 0.244790538508403 0.13449235165835 0.0561446001197989 0.0514920130191295
"NA19239.3.H03" 7.31610064626117e-06 0.69310860015504 0.110407516984777 0.133422984672298 0.0204428111269383 0.0426107709603008
"NA19239.3.H04" 0.0797104622851898 0.5665344056208 0.14790469562749 0.0770973844032327 0.0801484414122972 0.0486046106509905
"NA19239.3.H05" 0.159417993799937 0.62399598794364 4.49476646983144e-06 0.0835084872729938 0.0430725327227541 0.090000503494205
"NA19239.3.H06" 0.273539395463571 0.48521793476197 0.0773700873814994 0.0775858183089229 0.0745134203014061 0.0117733437826303
"NA19239.3.H07" 0.0204708818784802 0.69721534809919 0.110266474679285 0.129551657335016 5.98839156645553e-06 0.0424896496164621
"NA19239.3.H08" 4.46613908537555e-06 0.612986708194993 0.0760333296308257 0.228845111958698 0.0821285933143182 1.7907620793912e-06
"NA19239.3.H09" 0.0218347088098366 0.766192153198549 0.0258211401760779 0.0248726583079514 0.158777136794684 0.00250220271290097
"NA19239.3.H11" 0.0644382449379624 0.436138322010877 0.184292337703474 0.10168224828513 0.213446538233077 2.30882947989823e-06
"NA19239.3.H12" 0.0560253342090163 0.587665864909995 0.227133444505182 0.120462664980739 0.00754520222394075 0.00116748917112754
