"1" "2" "3" "4"
"NA19098.1.A01" 0.680764891401134 0.168761005826556 0.106397372234952 0.0440767305373585
"NA19098.1.A02" 0.521493334566691 0.417599499641035 0.0565664749808288 0.00434069081144551
"NA19098.1.A03" 0.633952659121783 0.265264430809379 0.0809419098325095 0.0198410002363286
"NA19098.1.A04" 0.635933991002621 0.249643325773202 0.0975640603255362 0.0168586228986413
"NA19098.1.A05" 0.609817225418943 0.321995407495627 0.0553431842160493 0.0128441828693803
"NA19098.1.A06" 0.558060171045674 0.248604570370059 0.173007512504849 0.0203277460794171
"NA19098.1.A07" 0.597442630016699 0.289105224618261 0.0737671146548633 0.0396850307101759
"NA19098.1.A08" 0.532536536180093 0.283156328394845 0.183789915711975 0.000517219713087551
"NA19098.1.A09" 0.67836022420724 0.200215903639274 0.0897599644573846 0.0316639076961017
"NA19098.1.A10" 0.537381915573087 0.217763854774203 0.241199955793459 0.00365427385925032
"NA19098.1.A11" 0.587514966795741 0.249813673336975 0.122216851821622 0.0404545080456618
"NA19098.1.A12" 0.630345379443541 0.268201875305213 0.056348137934829 0.0451046073164167
"NA19098.1.B01" 0.5303304976338 0.377096535758482 0.074954170316633 0.017618796291085
"NA19098.1.B02" 0.61967242988035 0.320654419170078 0.0359662215734708 0.0237069293761014
"NA19098.1.B03" 0.591398764937655 0.130804352717992 0.247816617884585 0.0299802644597687
"NA19098.1.B05" 0.628958599592701 0.264216874191124 0.0695042979933721 0.0373202282228029
"NA19098.1.B06" 0.603983516548938 0.272434284173434 0.0936971210629756 0.0298850782146525
"NA19098.1.B07" 0.577377011858214 0.36146900803553 0.0409325890616867 0.0202213910445694
"NA19098.1.B08" 0.512005854746313 0.133269583582242 0.328985108751485 0.0257394529199603
"NA19098.1.B09" 0.609231461291424 0.157728071283108 0.182791095500496 0.0502493719249724
"NA19098.1.B10" 0.744792622249446 0.131523216871552 0.101505759746119 0.0221784011328823
"NA19098.1.B11" 0.642431391379753 0.20704229784562 0.133864438978475 0.0166618717961524
"NA19098.1.B12" 0.543157507614444 0.335347658897977 0.0917116907618289 0.0297831427257501
"NA19098.1.C01" 0.556925709875252 0.283116918118137 0.157222484505226 0.00273488750138433
"NA19098.1.C02" 0.538751373630882 0.315427239668509 0.122188813162625 0.0236325735379834
"NA19098.1.C03" 0.624807083007079 0.305437365758562 0.0534673445492042 0.0162882066851546
"NA19098.1.C04" 0.623218298221544 0.261912291895131 0.0969493028140472 0.0179201070692777
"NA19098.1.C05" 0.603081368485745 0.190436291213019 0.186611095992686 0.0198712443085494
"NA19098.1.C06" 0.609079665735121 0.281506957664623 0.066354115106078 0.0430592614941777
"NA19098.1.C07" 0.523581903706413 0.205983429396809 0.230587556643093 0.0398471102536858
"NA19098.1.C08" 0.700851280090735 0.201005889791224 0.069290206682837 0.0288526234352038
"NA19098.1.C09" 0.644580730825379 0.234370312101393 0.118900077959223 0.00214887911400526
"NA19098.1.C10" 0.553698255364747 0.376600110050255 0.0605531226712691 0.00914851191372888
"NA19098.1.C11" 0.513033526384653 0.216344028357633 0.252251573885876 0.018370871371838
"NA19098.1.C12" 0.604353271778845 0.139612506203769 0.178479917233144 0.077554304784242
"NA19098.1.D01" 0.591169420646256 0.299407262393622 0.0906858138404392 0.0187375031196823
"NA19098.1.D02" 0.608163983055649 0.225263272446516 0.159973647723115 0.00659909677471989
"NA19098.1.D03" 0.559820310485363 0.365716353151081 0.0604722312895098 0.0139911050740456
"NA19098.1.D04" 0.481656255804462 0.267490539907223 0.205869512203367 0.0449836920849483
"NA19098.1.D05" 0.692876841894838 0.210753509376669 0.0951063958341187 0.0012632528943749
"NA19098.1.D06" 0.471986732508469 0.312869602393304 0.210155415132347 0.00498824996587948
"NA19098.1.D07" 0.802303947570792 0.0396461951051617 0.120190476627056 0.0378593806969909
"NA19098.1.D08" 0.605489573731344 0.129046528497281 0.263666672700104 0.00179722507127214
"NA19098.1.D09" 0.711320504017388 0.145886998636976 0.0779180013922145 0.0648744959534208
"NA19098.1.D10" 0.588692926994108 0.274914080307028 0.115226862137321 0.0211661305615433
"NA19098.1.D11" 0.660054247841655 0.248871622836812 0.0542960439477658 0.0367780853737673
"NA19098.1.D12" 0.572935207478418 0.369778755444345 0.0468367758555283 0.0104492612217086
"NA19098.1.E01" 0.6326998670384 0.259429042470236 0.1013761012886 0.00649498920276406
"NA19098.1.E02" 0.553909091811675 0.286841770817719 0.12728628913453 0.0319628482360762
"NA19098.1.E03" 0.59370445602091 0.3089759488112 0.0621037962815805 0.0352157988863101
"NA19098.1.E05" 0.604959971540111 0.314850514218152 0.0607040778102218 0.0194854364315154
"NA19098.1.E06" 0.620074021731841 0.302774733776831 0.047395588284545 0.0297556562067823
"NA19098.1.E07" 0.70482234334989 0.178808977616034 0.0715915556919139 0.0447771233421623
"NA19098.1.E08" 0.542752501274967 0.24539624573281 0.208571774326154 0.00327947866606874
"NA19098.1.E09" 0.548518963642558 0.196099234489422 0.210012439215294 0.0453693626527262
"NA19098.1.E10" 0.599685461722426 0.268543187589793 0.103301028313469 0.0284703223743117
"NA19098.1.E11" 0.507368290523324 0.208057063460535 0.269928570575235 0.0146460754409062
"NA19098.1.E12" 0.522765821931761 0.273972427487196 0.181086611127935 0.022175139453108
"NA19098.1.F01" 0.627912894770631 0.174129104369267 0.14626062515755 0.0516973757025527
"NA19098.1.F02" 0.501299306193802 0.374785051542201 0.116820721885125 0.00709492037887237
"NA19098.1.F03" 0.58368178562676 0.351725638185574 0.0411027449160018 0.0234898312716635
"NA19098.1.F04" 0.628004772646835 0.198032662912079 0.160283675380599 0.0136788890604866
"NA19098.1.F06" 0.734422465762522 0.105171537205013 0.112138053446296 0.0482679435861686
"NA19098.1.F07" 0.734474329390406 0.153380779299155 0.0957860829573333 0.0163588083531057
"NA19098.1.F08" 0.570578226790341 0.342050913083905 0.0839517703061502 0.00341908981960395
"NA19098.1.F09" 0.586424061545702 0.177182425895156 0.196102237737769 0.0402912748213729
"NA19098.1.F10" 0.495706741464816 0.356924331322173 0.11647876463347 0.0308901625795411
"NA19098.1.F11" 0.660413149420873 0.261674324595015 0.0549840213671739 0.0229285046169379
"NA19098.1.F12" 0.643737269385183 0.183983932748176 0.140278428432747 0.0320003694338932
"NA19098.1.G01" 0.591496942527529 0.201891391866873 0.175608189544942 0.031003476060657
"NA19098.1.G02" 0.572237499288959 0.313021872277338 0.099172156838944 0.0155684715947583
"NA19098.1.G03" 0.667949399249256 0.199752420245653 0.115373209023081 0.0169249714820113
"NA19098.1.G04" 0.581065725648993 0.251804529761297 0.161968111955168 0.00516163263454184
"NA19098.1.G05" 0.618427322084756 0.242637569916004 0.120666693961761 0.0182684140374792
"NA19098.1.G06" 0.567176877366945 0.187760441670123 0.234749053266783 0.0103136276961497
"NA19098.1.G07" 0.608808247952458 0.147850262783498 0.212265644142683 0.0310758451213614
"NA19098.1.G08" 0.602877561529399 0.261104621540409 0.115488262305103 0.0205295546250891
"NA19098.1.G09" 0.640247576639921 0.245877677584832 0.0956637931179146 0.0182109526573316
"NA19098.1.G10" 0.515793237371611 0.215874732640044 0.262950585587116 0.00538144440122879
"NA19098.1.G11" 0.486734203720931 0.253858766412946 0.239763246516859 0.019643783349265
"NA19098.1.G12" 0.660532300627995 0.24296288598949 0.0935692100473857 0.00293560333512935
"NA19098.1.H01" 0.566913389196134 0.314213385551013 0.109283837388889 0.00958938786396422
"NA19098.1.H02" 0.658437704115833 0.251629028982078 0.0624208450403999 0.0275124218616895
"NA19098.1.H03" 0.702517609009954 0.21851566681541 0.0566763325561448 0.0222903916184908
"NA19098.1.H04" 0.636613162063894 0.302870701601599 0.0322396815582666 0.0282764547762401
"NA19098.1.H05" 0.564015405697871 0.333815776078814 0.082802586364435 0.0193662318588798
"NA19098.1.H06" 0.761312131129457 0.118481746490957 0.0846667573365354 0.0355393650430503
"NA19098.1.H07" 0.707697255559208 0.217027602647319 0.0633693702699779 0.0119057715234953
"NA19098.1.H08" 0.759389449838673 0.117029244187067 0.0870862526034924 0.0364950533707672
"NA19098.1.H09" 0.696083958140264 0.101803334975293 0.170165711323729 0.0319469955607135
"NA19098.1.H10" 0.569110624723315 0.344213178465643 0.0730848575780376 0.0135913392330038
"NA19098.1.H11" 0.584951690701731 0.330549703895053 0.0639390895201798 0.0205595158830368
"NA19098.1.H12" 0.596784170004034 0.273812285404131 0.0971305114459221 0.0322730331459134
"NA19098.2.A01" 0.844986931350424 0.00906802898792494 0.129632292153951 0.0163127475076994
"NA19098.2.A02" 0.547961148330788 0.361743889692435 0.0411033090547636 0.0491916529220134
"NA19098.2.A03" 0.558083414306647 0.37186440832592 0.0253151298128177 0.0447370475546158
"NA19098.2.A04" 0.557156973340135 0.368284613289087 0.0523223613553454 0.0222360520154335
"NA19098.2.A05" 0.52549882506651 0.286965115566983 0.175577981375387 0.0119580779911209
"NA19098.2.A06" 0.717621549840665 0.184004641478513 0.0673309258408931 0.0310428828399282
"NA19098.2.A07" 0.483619749685499 0.325076156624682 0.173722183382898 0.0175819103069213
"NA19098.2.A08" 0.538527314814634 0.354628607994767 0.0740550084301731 0.0327890687604261
"NA19098.2.A09" 0.768977040282854 0.134701265327916 0.0661393635747698 0.0301823308144603
"NA19098.2.A10" 0.60923366670234 0.293224652246678 0.0611050536296199 0.0364366274213626
"NA19098.2.A11" 0.568999022156647 0.347163465773761 0.0640713643738401 0.0197661476957519
"NA19098.2.B01" 0.681793066285819 0.168941653952294 0.099029985577446 0.0502352941844408
"NA19098.2.B02" 0.558826396872311 0.266694758720509 0.146288650723075 0.0281901936841046
"NA19098.2.B03" 0.521521899581664 0.284391089543692 0.155623961289797 0.038463049584847
"NA19098.2.B04" 0.603502512192359 0.345987331811641 0.0438008223856687 0.00670933361033063
"NA19098.2.B05" 0.53945226915172 0.239500035579816 0.187487595849329 0.0335600994191355
"NA19098.2.B06" 0.531542073809506 0.256947698671047 0.20579548433121 0.00571474318823716
"NA19098.2.B07" 0.518014348515843 0.385172123387533 0.0516205127256101 0.0451930153710141
"NA19098.2.B08" 0.517620722330977 0.260678178916921 0.186607265783472 0.0350938329686307
"NA19098.2.B09" 0.536979885386288 0.202351499399848 0.250741104474794 0.00992751073907043
"NA19098.2.B10" 0.547152635221538 0.336525890895624 0.0930533395921441 0.0232681342906936
"NA19098.2.B11" 0.774438931068227 0.0836727020249143 0.0968125460306234 0.0450758208762357
"NA19098.2.C01" 0.542306118289319 0.355002881793209 0.0801592801744028 0.0225317197430697
"NA19098.2.C02" 0.567195212286041 0.208583835465683 0.209287664713664 0.0149332875346127
"NA19098.2.C03" 0.570583533410094 0.201037016538111 0.206488833590002 0.0218906164617929
"NA19098.2.C04" 0.742303822754857 0.137237335863151 0.0669740077264729 0.0534848336555189
"NA19098.2.C05" 0.562711238952223 0.329614614632971 0.0893071379109367 0.01836700850387
"NA19098.2.C06" 0.651651279199988 0.204425805590126 0.123691742161654 0.0202311730482326
"NA19098.2.C07" 0.55416511550922 0.279053530602054 0.139775481710084 0.0270058721786418
"NA19098.2.C08" 0.573329512039023 0.326797394298163 0.0851326153327843 0.01474047833003
"NA19098.2.C09" 0.762671602188124 0.0656843385655681 0.125845452856245 0.0457986063900624
"NA19098.2.C10" 0.586835977612872 0.322758701668852 0.0648344373505582 0.0255708833677182
"NA19098.2.C11" 0.60267627958723 0.326811280678561 0.030244202283305 0.0402682374509045
"NA19098.2.C12" 0.581535614141694 0.351807099320452 0.0376566203975145 0.0290006661403395
"NA19098.2.D01" 0.645030207819071 0.272096808412501 0.0443317861046155 0.0385411976638123
"NA19098.2.D02" 0.695572708583857 0.219966635392132 0.0601246023203559 0.0243360537036545
"NA19098.2.D03" 0.675316735237009 0.228934327491781 0.060789213913657 0.0349597233575532
"NA19098.2.D04" 0.610071829961397 0.290431797946333 0.0764446623141761 0.0230517097780946
"NA19098.2.D05" 0.468402989931949 0.296208034315 0.234669659602403 0.000719316150648398
"NA19098.2.D06" 0.525064332810668 0.219034217808148 0.230711946671148 0.0251895027100368
"NA19098.2.D08" 0.504203535284554 0.378972906047753 0.0869694720864949 0.0298540865811986
"NA19098.2.D09" 0.772749492818547 0.103575596186288 0.0700007607919489 0.0536741502032164
"NA19098.2.D10" 0.573568741771805 0.359795355269656 0.0255473661379427 0.0410885368205959
"NA19098.2.D11" 0.520884049096448 0.209078434827875 0.248902269496906 0.0211352465787713
"NA19098.2.D12" 0.575289206837075 0.26265214733008 0.155319610391198 0.00673903544164707
"NA19098.2.E01" 0.549235775143067 0.408277492505527 0.00503536429749293 0.0374513680539133
"NA19098.2.E02" 0.514967908998659 0.395552735516743 0.0595601921851974 0.0299191632994005
"NA19098.2.E03" 0.530802419627829 0.394994511305065 0.0464546565396535 0.0277484125274523
"NA19098.2.E04" 0.678254934041238 0.218911323972725 0.0813391520788351 0.0214945899072017
"NA19098.2.E05" 0.579495742601419 0.3553591497042 0.043120448511254 0.0220246591831267
"NA19098.2.E06" 0.610548385445117 0.366595346433691 0.00330820902886952 0.0195480590923227
"NA19098.2.E07" 0.602713131623314 0.277602969093464 0.0741434956274493 0.0455404036557726
"NA19098.2.E08" 0.56168356069286 0.364012688688407 0.0440681850300532 0.0302355655886799
"NA19098.2.E09" 0.4998908977865 0.419067049138364 0.072244296450719 0.00879775662441714
"NA19098.2.E11" 0.460513893476096 0.314524480781203 0.211058217713549 0.0139034080291514
"NA19098.2.E12" 0.624007414812575 0.295253194776734 0.0672784454821242 0.0134609449285667
"NA19098.2.F01" 0.771420568989671 0.0645047141319162 0.113787801331596 0.0502869155468163
"NA19098.2.F02" 0.540718562677215 0.341128841734745 0.0998914993688041 0.0182610962192365
"NA19098.2.F03" 0.549348362547098 0.321943040126005 0.112750406537673 0.0159581907892238
"NA19098.2.F04" 0.655241784293785 0.248460746203774 0.0602396821383949 0.0360577873640463
"NA19098.2.F05" 0.472539024938929 0.26689206344323 0.237966644890472 0.0226022667273681
"NA19098.2.F07" 0.543214684270213 0.298000306974314 0.12883782705108 0.0299471817043938
"NA19098.2.F08" 0.55650156969649 0.354386883398696 0.060914547203876 0.0281969997009377
"NA19098.2.F09" 0.550501409798593 0.403721710187134 0.0370250588499637 0.00875182116430864
"NA19098.2.F10" 0.591630889131715 0.331765226845021 0.0570370685611748 0.0195668154620889
"NA19098.2.F11" 0.750496509634836 0.0796450457851821 0.130845043334818 0.039013401245164
"NA19098.2.F12" 0.582369609275696 0.316129262793356 0.0714526292333762 0.0300484986975716
"NA19098.2.G01" 0.709245238740996 0.142925785499811 0.105558300364279 0.0422706753949141
"NA19098.2.G02" 0.56388082951087 0.347826394557425 0.0406460442256597 0.0476467317060452
"NA19098.2.G03" 0.567534294128439 0.362376030586341 0.0258946568777959 0.0441950184074236
"NA19098.2.G04" 0.466547589324661 0.38804942937139 0.126855869454511 0.0185471118494385
"NA19098.2.G05" 0.595765415430605 0.262576600421968 0.105757946494667 0.0359000376527601
"NA19098.2.G06" 0.586576749507405 0.367283345902586 0.0192734921586722 0.0268664124313369
"NA19098.2.G07" 0.60366196415734 0.223688549730545 0.170308401084993 0.00234108502712176
"NA19098.2.G08" 0.603890415386196 0.309354517654727 0.0346112745358216 0.052143792423255
"NA19098.2.G09" 0.587224305835778 0.364469750328166 0.0217898226936195 0.0265161211424361
"NA19098.2.G10" 0.650352854118863 0.191311721726183 0.0958786668070438 0.0624567573479099
"NA19098.2.G11" 0.655386945045985 0.238256528824341 0.0723672682634189 0.0339892578662549
"NA19098.2.G12" 0.635877375308279 0.294842052653265 0.0208862410635958 0.0483943309748608
"NA19098.2.H01" 0.719254472329712 0.138989374557344 0.102960113406473 0.0387960397064715
"NA19098.2.H02" 0.585628320863003 0.312858986705219 0.0742711208255874 0.0272415716061905
"NA19098.2.H03" 0.575920776414383 0.330494015419071 0.0729411349250735 0.0206440732414723
"NA19098.2.H04" 0.560961520421902 0.369251654982476 0.0501982606424312 0.0195885639531911
"NA19098.2.H05" 0.59413998272821 0.377425464133391 0.0197542616686072 0.00868029146979212
"NA19098.2.H06" 0.606150943149796 0.33730344335076 0.0390482076669033 0.0174974058325413
"NA19098.2.H07" 0.781291542380464 0.122438190126008 0.0638448742855711 0.032425393207957
"NA19098.2.H08" 0.711372089411185 0.143962812247358 0.0951331774320434 0.0495319209094132
"NA19098.2.H10" 0.531799622603478 0.281303617673566 0.1695587002949 0.017338059428056
"NA19098.2.H11" 0.617822553886426 0.284620437106182 0.0423152266787705 0.0552417823286216
"NA19098.2.H12" 0.71498049783655 0.172966713975269 0.0761568892052085 0.0358958989829728
"NA19098.3.A03" 0.607262465337246 0.279972111678658 0.10149979592495 0.0112656270591457
"NA19098.3.A05" 0.706946726987897 0.105552625000604 0.168615343127264 0.0188853048842352
"NA19098.3.A06" 0.637374343099151 0.243956729804941 0.106678001026454 0.0119909260694537
"NA19098.3.A07" 0.688723892326516 0.13962133466386 0.145840323431917 0.0258144495777067
"NA19098.3.A08" 0.524788759531013 0.214756350447519 0.2347577610513 0.0256971289701675
"NA19098.3.A12" 0.571240220247673 0.280741008224161 0.132095167382939 0.0159236041452259
"NA19098.3.B01" 0.625495056821461 0.259707392291213 0.0976293323228761 0.01716821856445
"NA19098.3.B02" 0.694141587583584 0.159137887619019 0.134443746334757 0.0122767784626408
"NA19098.3.B03" 0.628905991620907 0.232461117651693 0.128987296179051 0.00964559454834898
"NA19098.3.B04" 0.502417487369708 0.275883841099272 0.204452639257932 0.0172460322730874
"NA19098.3.B05" 0.512595601996959 0.260480980062224 0.222984851181323 0.00393856675949434
"NA19098.3.B06" 0.723155997587852 0.114859901085623 0.134490907057511 0.0274931942690141
"NA19098.3.B07" 0.59881626147252 0.229968837392644 0.142353174177801 0.0288617269570339
"NA19098.3.B08" 0.615139741818439 0.195254783922889 0.153480714184906 0.0361247600737662
"NA19098.3.B09" 0.593194317766501 0.320535744398644 0.0820617827640796 0.00420815507077546
"NA19098.3.B11" 0.521409919374731 0.300413020400159 0.161072008355377 0.017105051869732
"NA19098.3.B12" 0.574123200664773 0.228389176725605 0.19282606417643 0.00466155843319215
"NA19098.3.C01" 0.53889878618195 0.279090280224905 0.180659036651668 0.00135189694147697
"NA19098.3.C02" 0.66357013847491 0.170025062088813 0.126573347915305 0.0398314515209719
"NA19098.3.C03" 0.629687218548566 0.260524635985723 0.093647442671621 0.0161407027940905
"NA19098.3.C04" 0.583657764524289 0.300810981783332 0.0891108311463831 0.0264204225459958
"NA19098.3.C05" 0.538902110957969 0.335745915016564 0.117332802492733 0.00801917153273332
"NA19098.3.C07" 0.755402883454992 0.123155649721386 0.113455155800185 0.00798631102343684
"NA19098.3.C08" 0.743538427719525 0.113038809238798 0.140022105478789 0.0034006575628879
"NA19098.3.C09" 0.484667683943292 0.245662536217239 0.266932112565005 0.0027376672744645
"NA19098.3.C10" 0.595500908431694 0.31240328839397 0.0765719547390116 0.0155238484353249
"NA19098.3.C11" 0.566519117316859 0.314419029078974 0.0858135524218259 0.0332483011823412
"NA19098.3.C12" 0.553116071011143 0.280844164751938 0.159520795460689 0.00651896877623019
"NA19098.3.D01" 0.660963312202913 0.194334068458815 0.132276017593717 0.0124266017445556
"NA19098.3.D02" 0.70159413344855 0.168096942551193 0.104592140392967 0.0257167836072905
"NA19098.3.D03" 0.532958761752913 0.206761153151739 0.242633744533026 0.0176463405623217
"NA19098.3.D05" 0.459567888340909 0.251560789860261 0.281748644201526 0.00712267759730442
"NA19098.3.D07" 0.564050970181479 0.301580381322877 0.117878851932607 0.0164897965630371
"NA19098.3.D09" 0.545083195614878 0.19401845924771 0.250243090627779 0.0106552545096329
"NA19098.3.D10" 0.523164019771299 0.360760519477741 0.0952427431294494 0.0208327176215109
"NA19098.3.D11" 0.520904418577726 0.257310126604739 0.190630386128902 0.0311550686886334
"NA19098.3.D12" 0.659706338250281 0.19937871390622 0.111210357318017 0.0297045905254817
"NA19098.3.E01" 0.548160818783853 0.339241170729241 0.0945203524683568 0.0180776580185491
"NA19098.3.E02" 0.537471444366555 0.371270226542557 0.0711601698428776 0.0200981592480101
"NA19098.3.E03" 0.564810063084088 0.349007042279199 0.0815197971929799 0.00466309744373285
"NA19098.3.E04" 0.574312226812407 0.280812485215814 0.128981953356343 0.0158933346154363
"NA19098.3.E05" 0.749974547382297 0.0796670727426814 0.145985096693376 0.024373283181645
"NA19098.3.E06" 0.72978779204631 0.111289842034806 0.118967674840367 0.039954691078517
"NA19098.3.E07" 0.667884446114831 0.117713051639934 0.170798473423328 0.0436040288219068
"NA19098.3.E08" 0.718623747890264 0.117391167829361 0.151274218553481 0.0127108657268944
"NA19098.3.E09" 0.705471676261043 0.142479593278021 0.110181253720041 0.0418674767408955
"NA19098.3.E10" 0.522983495228995 0.20349407952843 0.263686807232841 0.00983561800973325
"NA19098.3.E11" 0.547165287698868 0.36060991889392 0.0853065301004384 0.0069182633067744
"NA19098.3.E12" 0.574376014691076 0.32915920923158 0.078544295772109 0.0179204803052346
"NA19098.3.F01" 0.676445493635112 0.216490708856366 0.0914673639912129 0.0155964335173088
"NA19098.3.F03" 0.53949142045783 0.33859799495949 0.107382493334248 0.0145280912484318
"NA19098.3.F04" 0.624817573922219 0.295179313591721 0.0753897014253691 0.00461341106069075
"NA19098.3.F05" 0.557965720938119 0.313030096530359 0.119374496296499 0.00962968623502309
"NA19098.3.F06" 0.563094752411893 0.375985265362533 0.0515450810172733 0.00937490120830045
"NA19098.3.F07" 0.640955401736777 0.2111343518157 0.121031277376106 0.0268789690714168
"NA19098.3.F09" 0.578042709616095 0.309728799969473 0.10258400743092 0.00964448298351204
"NA19098.3.F10" 0.501272096663881 0.225296359272797 0.261792410256696 0.0116391338066269
"NA19098.3.F11" 0.735703808742578 0.107554380986206 0.127173414006015 0.0295683962652012
"NA19098.3.G01" 0.580137483501131 0.30129380886761 0.114350194993301 0.00421851263795815
"NA19098.3.G02" 0.697434505349662 0.125539751138771 0.170288927331588 0.00673681617997825
"NA19098.3.G03" 0.722454940922608 0.0711859369210765 0.171588934620413 0.0347701875359029
"NA19098.3.G04" 0.706650663443637 0.152471939396308 0.130999933384942 0.00987746377511333
"NA19098.3.G05" 0.440711739109849 0.305088737361822 0.253879734998054 0.000319788530275264
"NA19098.3.G06" 0.584782608313137 0.292233706658714 0.11827270981619 0.00471097521195846
"NA19098.3.G07" 0.708782740250966 0.138582115744636 0.131796793766329 0.0208383502380694
"NA19098.3.G08" 0.663089134779524 0.159575289061417 0.15382643955638 0.0235091366026793
"NA19098.3.G09" 0.667537602399585 0.13526116418375 0.193483844548675 0.00371738886798975
"NA19098.3.G10" 0.510449458761519 0.345806552218081 0.125523105243536 0.0182208837768634
"NA19098.3.G11" 0.762473645982861 0.0847647178279317 0.122903772278522 0.0298578639106848
"NA19098.3.G12" 0.774940279047205 0.0873180501588349 0.115557960052839 0.0221837107411209
"NA19098.3.H01" 0.697437999007959 0.169838526035363 0.109381093077081 0.0233423818795965
"NA19098.3.H02" 0.54646222506858 0.2982648192148 0.140094139926267 0.0151788157903534
"NA19098.3.H03" 0.525725268597996 0.224877267303081 0.248827191894866 0.000570272204058088
"NA19098.3.H04" 0.500189992016327 0.238309181675452 0.259886038079909 0.00161478822831102
"NA19098.3.H05" 0.571021801214774 0.322337397621265 0.0997108464082507 0.00692995475571067
"NA19098.3.H06" 0.548573758009212 0.367167790401899 0.0745258024355223 0.00973264915336667
"NA19098.3.H07" 0.756664307337685 0.0831668362987349 0.128651814198369 0.0315170421652109
"NA19098.3.H08" 0.691725585441904 0.156316243819442 0.112936221509347 0.0390219492293063
"NA19098.3.H09" 0.666616692217973 0.232256781551264 0.0928321907051191 0.00829433552564381
"NA19098.3.H10" 0.536504809581711 0.266632504898999 0.183356238426589 0.0135064470927007
"NA19098.3.H11" 0.610391059902212 0.251293920537267 0.106786097756869 0.0315289218036522
"NA19098.3.H12" 0.564172500316092 0.308343181363073 0.107710344565765 0.01977397375507
"NA19239.1.A01" 0.449034081868006 0.412094775454092 0.121017381502373 0.0178537611755289
"NA19239.1.A02" 0.46421578972587 0.342302415872052 0.157665276562702 0.0358165178393759
"NA19239.1.A03" 0.482433829542378 0.386753724648208 0.0951161050754712 0.0356963407339425
"NA19239.1.A04" 0.447512637696816 0.43301685869765 0.0763214974094635 0.0431490061960707
"NA19239.1.A05" 0.434460698447685 0.455332134855282 0.0961348529201905 0.0140723137768424
"NA19239.1.A06" 0.412119361885826 0.40467921433451 0.154696328220942 0.0285050955587213
"NA19239.1.A07" 0.51643136512103 0.362733277755148 0.0741401134972315 0.04669524362659
"NA19239.1.A08" 0.480049174233398 0.429542301965122 0.0570669688491834 0.0333415549522958
"NA19239.1.A09" 0.451235149537899 0.323792378617555 0.177071672903395 0.0479007989411518
"NA19239.1.A10" 0.462885538720341 0.432327637062524 0.0730831871982346 0.0317036370189003
"NA19239.1.A11" 0.409757064405252 0.384398341636593 0.188764358834678 0.0170802351234765
"NA19239.1.A12" 0.477585171150247 0.411291388317726 0.0845474027436336 0.0265760377883933
"NA19239.1.B02" 0.490550310527129 0.308161122689298 0.192619700195057 0.00866886658851609
"NA19239.1.B03" 0.431970655847697 0.508589540894524 0.0415891067532344 0.0178506965045455
"NA19239.1.B05" 0.524839877729568 0.383111677491841 0.0638371764779603 0.0282112683006309
"NA19239.1.B06" 0.514807672725735 0.357911640154378 0.074464256300891 0.0528164308189961
"NA19239.1.B07" 0.527882285835416 0.422241830775472 0.0232309823464301 0.0266449010426821
"NA19239.1.B08" 0.404627515529538 0.505225533315909 0.0645704731023679 0.0255764780521848
"NA19239.1.B09" 0.431710495486381 0.506727035468136 0.041749604373427 0.0198128646720563
"NA19239.1.B10" 0.556218047994417 0.319300671424847 0.067932599616542 0.0565486809641944
"NA19239.1.B11" 0.323407560587082 0.491641362628279 0.181840675713979 0.00311040107065952
"NA19239.1.B12" 0.41612286909861 0.491364345977864 0.0726048017534583 0.0199079831700678
"NA19239.1.C01" 0.43306100774522 0.383717113954999 0.157844209645198 0.025377668654583
"NA19239.1.C02" 0.405913548148037 0.487207323723364 0.0787105876016373 0.0281685405269618
"NA19239.1.C03" 0.424633563402299 0.502522439974482 0.0596669691945882 0.0131770274286307
"NA19239.1.C05" 0.400758289919915 0.419318092415362 0.17828143906143 0.00164217860329414
"NA19239.1.C06" 0.364351660849223 0.396996979843362 0.225706942540999 0.0129444167664157
"NA19239.1.C07" 0.566041509835955 0.32117258745182 0.0627663678886501 0.0500195348235743
"NA19239.1.C08" 0.373965023375598 0.437319682164949 0.186420411660342 0.00229488279911023
"NA19239.1.C09" 0.389629560937975 0.538439332147277 0.0612686900930022 0.0106624168217456
"NA19239.1.C10" 0.397075344071304 0.467856395824105 0.134389449118091 0.000678810986500525
"NA19239.1.C11" 0.514758362449141 0.394757533513214 0.0558107325688231 0.0346733714688216
"NA19239.1.C12" 0.360763899053378 0.403150408786866 0.224622362692997 0.0114633294667586
"NA19239.1.D01" 0.372499291629771 0.500138789516139 0.123517418416738 0.00384450043735193
"NA19239.1.D02" 0.44967983263345 0.47574018569833 0.0580896306234253 0.0164903510447951
"NA19239.1.D03" 0.476751547948312 0.334934747389391 0.145369095679376 0.0429446089829206
"NA19239.1.D04" 0.443471735099873 0.396264664374689 0.144359791481095 0.0159038090443436
"NA19239.1.D05" 0.407218385606753 0.515634385639492 0.0503784990364466 0.026768729717309
"NA19239.1.D06" 0.426829771064121 0.432876593485038 0.128081361690886 0.0122122737599556
"NA19239.1.D07" 0.588755220715831 0.255601771011173 0.0859667295624527 0.0696762787105433
"NA19239.1.D08" 0.378689135072253 0.5014559359882 0.112443064050035 0.00741186488951168
"NA19239.1.D09" 0.448202655754423 0.472117194559457 0.0573433956452701 0.0223367540408498
"NA19239.1.D10" 0.434636871185014 0.458077477708132 0.0833370956335397 0.0239485554733144
"NA19239.1.D11" 0.450657722342021 0.512197659059621 0.0245964781325559 0.0125481404658016
"NA19239.1.D12" 0.467215983484372 0.346812800552633 0.160978505654028 0.0249927103089668
"NA19239.1.E01" 0.426653068388229 0.49581953303709 0.0610164594640289 0.0165109391106526
"NA19239.1.E02" 0.357246822908207 0.443594656281314 0.186852829966929 0.012305690843549
"NA19239.1.E03" 0.406112717133085 0.450026681081491 0.105470021769582 0.0383905800158421
"NA19239.1.E04" 0.383748969994655 0.521977138114561 0.0814992442060858 0.0127746476846974
"NA19239.1.E05" 0.518197313990693 0.335688222222696 0.102231927818239 0.0438825359683723
"NA19239.1.E06" 0.364451577969806 0.472655836733688 0.133741785550174 0.0291507997463321
"NA19239.1.E07" 0.388918727894952 0.409712204413281 0.189314866809599 0.0120542008821679
"NA19239.1.E08" 0.335463482905402 0.450569358081284 0.205943966576441 0.00802319243687241
"NA19239.1.E09" 0.402069525396729 0.496768095025977 0.0852132979873993 0.0159490815898948
"NA19239.1.E10" 0.401937494344705 0.462311296587619 0.124795886522687 0.0109553225449893
"NA19239.1.E11" 0.389956029921665 0.397988486201678 0.195680984316519 0.0163744995601389
"NA19239.1.E12" 0.426946982314125 0.499797033943149 0.0366757512736287 0.0365802324690978
"NA19239.1.F01" 0.401434328973459 0.509574599726501 0.0744497953322699 0.0145412759677698
"NA19239.1.F02" 0.482709202948498 0.448918546867251 0.0443512286049877 0.0240210215792635
"NA19239.1.F03" 0.439359775873396 0.492224002307023 0.0408788899036965 0.0275373319158848
"NA19239.1.F04" 0.418299597808839 0.507089432185253 0.0606812949944169 0.0139296750114905
"NA19239.1.F05" 0.532899284850607 0.297437345930299 0.119999758918782 0.0496636103003126
"NA19239.1.F06" 0.413396295470292 0.525362368273562 0.0464696988231456 0.0147716374330009
"NA19239.1.F07" 0.44953176045693 0.477629448946442 0.0479520455276743 0.0248867450689536
"NA19239.1.F08" 0.37452185904442 0.42937759225347 0.193457411615274 0.00264313708683588
"NA19239.1.F09" 0.383404716396892 0.486759897087565 0.094878784337217 0.0349566021783259
"NA19239.1.F10" 0.367429175469061 0.497923741154498 0.112201529194579 0.0224455541818619
"NA19239.1.F11" 0.427222871020764 0.43489827453996 0.118818072953394 0.0190607814858819
"NA19239.1.F12" 0.452813064404235 0.401698155797806 0.127059505798077 0.0184292739998815
"NA19239.1.G01" 0.452744143591674 0.472964984892533 0.0544288515902658 0.0198620199255269
"NA19239.1.G02" 0.479973422483061 0.407730533948673 0.0736521724574721 0.0386438711107935
"NA19239.1.G03" 0.442102380575714 0.381454974484826 0.164531311574576 0.0119113333648837
"NA19239.1.G04" 0.418884605112885 0.4400077307403 0.123169678871628 0.0179379852751867
"NA19239.1.G05" 0.51150368329346 0.403813447570454 0.0643870844141375 0.0202957847219482
"NA19239.1.G06" 0.460575239098549 0.411843975987085 0.102375434734927 0.0252053501794382
"NA19239.1.G07" 0.45577140445748 0.399042124562988 0.119026314992395 0.0261601559871372
"NA19239.1.G08" 0.511484198029961 0.380450260031215 0.0817303873281038 0.02633515461072
"NA19239.1.G09" 0.500850121519061 0.434288530685859 0.0502146266287984 0.0146467211662813
"NA19239.1.G10" 0.435294888764681 0.491318402905514 0.0684306479435021 0.00495606038630318
"NA19239.1.G11" 0.393986247904923 0.447590274136142 0.147204117033143 0.0112193609257918
"NA19239.1.G12" 0.444252268686638 0.4772969114609 0.0725526707448726 0.00589814910759027
"NA19239.1.H01" 0.433814252415044 0.376384564098435 0.172583619900282 0.01721756358624
"NA19239.1.H03" 0.411507647651515 0.493112057758723 0.0768325998954863 0.0185476946942761
"NA19239.1.H04" 0.516166308646842 0.404468199975484 0.0395245737356649 0.0398409176420088
"NA19239.1.H05" 0.364772272385851 0.499382481345209 0.0853925992776627 0.0504526469912777
"NA19239.1.H06" 0.372789151079459 0.462081862481605 0.142686618506316 0.0224423679326193
"NA19239.1.H07" 0.387422559667916 0.440271125774497 0.146264229624375 0.0260420849332121
"NA19239.1.H08" 0.45697199925475 0.475882132616649 0.0482966667436351 0.0188492013849659
"NA19239.1.H09" 0.417979074091905 0.372216442069185 0.185102785995957 0.0247016978429529
"NA19239.1.H10" 0.40147373148582 0.461893138660693 0.134888009888197 0.00174511996529045
"NA19239.1.H11" 0.355877109076443 0.571050290749529 0.053355538263381 0.0197170619106471
"NA19239.1.H12" 0.322783455596931 0.494911447108395 0.174670413315356 0.00763468397931798
"NA19239.2.A01" 0.558670047820197 0.354275676510097 0.0492194041540419 0.0378348715156642
"NA19239.2.A02" 0.447925451578175 0.404289050865961 0.127727427755539 0.0200580698003248
"NA19239.2.A04" 0.438534047717163 0.286265120305288 0.257454271596221 0.0177465603813274
"NA19239.2.A05" 0.466662980748537 0.476830131396503 0.0268534274186722 0.0296534604362882
"NA19239.2.A06" 0.480544035823141 0.249706131076109 0.259527909222902 0.0102219238778483
"NA19239.2.A07" 0.471332636026055 0.454037490463294 0.041193756695953 0.0334361168146986
"NA19239.2.A08" 0.454689422941101 0.401433601819953 0.138986269113493 0.0048907061254538
"NA19239.2.A09" 0.474123760067149 0.410676559246797 0.082383091224934 0.0328165894611197
"NA19239.2.A10" 0.620595976030433 0.209447676845509 0.106897159975139 0.0630591871489182
"NA19239.2.A11" 0.452716726039371 0.440775447668337 0.0474308300352812 0.0590769962570113
"NA19239.2.A12" 0.471243051746519 0.353298258990293 0.134837813884616 0.0406208753785715
"NA19239.2.B01" 0.625291390657918 0.156922053122688 0.132226877110287 0.0855596791091071
"NA19239.2.B02" 0.553117812775738 0.379208928906286 0.0451957410448529 0.0224775172731229
"NA19239.2.B03" 0.675966754557333 0.183094455407354 0.129427600568283 0.0115111894670305
"NA19239.2.B04" 0.424034544497655 0.464319011163677 0.110496930492774 0.00114951384589323
"NA19239.2.B05" 0.460012835920698 0.391430130986145 0.0901147447206427 0.0584422883725144
"NA19239.2.B06" 0.495732155971323 0.372537069838807 0.125797696954351 0.00593307723551919
"NA19239.2.B07" 0.450925723108176 0.396176248632032 0.124343239098795 0.0285547891609965
"NA19239.2.B08" 0.525684935017103 0.395044809022586 0.0372495563071492 0.0420206996531618
"NA19239.2.B09" 0.456732965441009 0.403717142866719 0.101725305351358 0.0378245863409144
"NA19239.2.B11" 0.643737262574526 0.153065178534452 0.199921192645657 0.00327636624536438
"NA19239.2.B12" 0.479343686171088 0.426772057550189 0.080661067945889 0.0132231883328342
"NA19239.2.C02" 0.544083709396228 0.348546353415424 0.0389545317343051 0.0684154054540433
"NA19239.2.C03" 0.643520667484946 0.241876821437936 0.068516922699688 0.0460855883774301
"NA19239.2.C04" 0.520235676444363 0.4117705342319 0.064703289044684 0.00329050027905314
"NA19239.2.C05" 0.47186819273985 0.363344533007202 0.109807489503746 0.054979784749202
"NA19239.2.C06" 0.657016709637229 0.247249900787124 0.0749585986724232 0.020774790903224
"NA19239.2.C07" 0.417723610766617 0.438324373173735 0.135430181079687 0.00852183497996192
"NA19239.2.C08" 0.723941686310317 0.119006356683046 0.0919314757392242 0.0651204812674125
"NA19239.2.C09" 0.44127093791488 0.349104006186431 0.200457105996075 0.00916794990261299
"NA19239.2.C11" 0.464034623837197 0.415200440353314 0.0994817693779553 0.0212831664315332
"NA19239.2.C12" 0.469522774752962 0.326288749586237 0.172893280469756 0.0312951951910442
"NA19239.2.D01" 0.568178537755233 0.311903144192391 0.0866863355882892 0.0332319824640867
"NA19239.2.D02" 0.502836149290285 0.413281727413987 0.0752347484094914 0.00864737488623686
"NA19239.2.D03" 0.541975088563137 0.369919362739874 0.0558601862761154 0.0322453624208734
"NA19239.2.D04" 0.405352894748499 0.52166808260259 0.0668950751748043 0.00608394747410606
"NA19239.2.D05" 0.527579515448089 0.385509931506166 0.0450913035769316 0.041819249468813
"NA19239.2.D06" 0.52019937404154 0.388935912045857 0.0676079573175503 0.0232567565950517
"NA19239.2.D07" 0.708589699837667 0.15903331733133 0.0630993256003867 0.0692776572306164
"NA19239.2.D08" 0.489771354630077 0.321399984011478 0.0790710050522718 0.109757656306174
"NA19239.2.D09" 0.693432412200736 0.141120502017006 0.0973021385732495 0.0681449472090087
"NA19239.2.D11" 0.480012435937532 0.465534757177293 0.0193639919963212 0.0350888148888541
"NA19239.2.D12" 0.760388767403616 0.0582972768434224 0.102017274221949 0.0792966815310123
"NA19239.2.E01" 0.528732996101674 0.388125028578779 0.0699880460207731 0.0131539292987741
"NA19239.2.E02" 0.505413935108258 0.386621987000666 0.0848421360349344 0.0231219418561418
"NA19239.2.E04" 0.404312291664111 0.471889150407884 0.0770341791366305 0.0467643787913751
"NA19239.2.E05" 0.472199199334025 0.454312062682013 0.062489084690657 0.0109996532933055
"NA19239.2.E06" 0.458862186688123 0.446095615106665 0.0596269379792446 0.035415260225967
"NA19239.2.E07" 0.476714650581729 0.489084572586454 0.0280550580982675 0.00614571873354951
"NA19239.2.E08" 0.486530100853183 0.427337096088336 0.0706235270085629 0.0155092760499174
"NA19239.2.E09" 0.663919664051795 0.196117018508118 0.120893521050823 0.0190697963892641
"NA19239.2.E11" 0.533181217901989 0.407481200400629 0.0507429932279495 0.00859458846943223
"NA19239.2.E12" 0.476712038595955 0.262025462884064 0.229442909632993 0.0318195888869867
"NA19239.2.F01" 0.49489730520386 0.386212544314333 0.0941213105877764 0.0247688398940304
"NA19239.2.F02" 0.59827361005169 0.297006072832811 0.0692550205083933 0.0354652966071064
"NA19239.2.F03" 0.521682576939534 0.372540460166327 0.062299180120299 0.0434777827738399
"NA19239.2.F04" 0.634514576495079 0.185269022942135 0.118333737235108 0.0618826633276787
"NA19239.2.F05" 0.501950183089294 0.434072539081089 0.0161938481130283 0.0477834297165888
"NA19239.2.F06" 0.669387682588501 0.232435395163707 0.0585559095863468 0.0396210126614453
"NA19239.2.F07" 0.685245410989421 0.156544712851897 0.101391334721171 0.0568185414375112
"NA19239.2.F08" 0.425932449264462 0.45894660985534 0.0937161166320984 0.0214048242480994
"NA19239.2.F09" 0.513359572394762 0.37459969139078 0.0595539621795161 0.0524867740349416
"NA19239.2.F10" 0.465842406099492 0.494770164686084 0.0360447989712738 0.00334263024315093
"NA19239.2.F11" 0.508805796052975 0.422059796513773 0.0504680800350437 0.0186663273982084
"NA19239.2.F12" 0.571693031846681 0.299646755756534 0.0945887633233045 0.0340714490734804
"NA19239.2.G01" 0.549973852196836 0.346402032954595 0.0587347469525517 0.0448893678960168
"NA19239.2.G02" 0.483861797916907 0.38595367998111 0.0827096083019173 0.0474749138000656
"NA19239.2.G03" 0.66694101633725 0.177759621970029 0.10863294385596 0.0466664178367616
"NA19239.2.G04" 0.492257973343545 0.335890767666698 0.145169378729139 0.026681880260619
"NA19239.2.G05" 0.48792574139631 0.470521234470495 0.0341522947718197 0.00740072936137583
"NA19239.2.G06" 0.549858386695235 0.389103621108037 0.0488685702446192 0.012169421952109
"NA19239.2.G07" 0.475652748875809 0.441740327956804 0.0784044487986988 0.00420247436868821
"NA19239.2.G08" 0.59933244165524 0.28365916392064 0.0795252704234853 0.037483124000634
"NA19239.2.G09" 0.425207200915451 0.364730659572247 0.199391287832062 0.0106708516802405
"NA19239.2.G10" 0.446560241742399 0.46144178700625 0.0670181553783092 0.0249798158730418
"NA19239.2.G11" 0.454594770919573 0.462995562136293 0.051758676821754 0.0306509901223795
"NA19239.2.G12" 0.474769674511539 0.483708473974474 0.00613849144386063 0.0353833600701262
"NA19239.2.H01" 0.477427440605602 0.363136246106056 0.11808168078911 0.0413546324992325
"NA19239.2.H02" 0.628611987304006 0.196534316633148 0.09931025129767 0.0755434447651761
"NA19239.2.H03" 0.634232363528208 0.162813445702425 0.123695302015359 0.0792588887540077
"NA19239.2.H04" 0.418093269248314 0.464359649440836 0.0927931458785925 0.0247539354322574
"NA19239.2.H05" 0.587742208090699 0.324206662175739 0.0506718067266066 0.0373793230069557
"NA19239.2.H06" 0.514927948714289 0.361017127348421 0.108018833576555 0.0160360903607352
"NA19239.2.H07" 0.619613600291894 0.325631624446921 0.0439279115567018 0.0108268637044831
"NA19239.2.H08" 0.432773003835346 0.356846747072284 0.201043738127745 0.0093365109646245
"NA19239.2.H09" 0.466954996039918 0.392548690004945 0.118112593416107 0.0223837205390298
"NA19239.2.H10" 0.441557065602196 0.40879404135438 0.108885297376356 0.0407635956670671
"NA19239.2.H11" 0.41922791528974 0.338468208184292 0.175970851502808 0.06633302502316
"NA19239.2.H12" 0.426372765392581 0.484196550827736 0.0682126257050848 0.0212180580745978
"NA19239.3.A02" 0.430525897479443 0.47303041960915 0.0547668977082525 0.041676785203155
"NA19239.3.A03" 0.442060698130159 0.487404093278915 0.0442970117217371 0.0262381968691886
"NA19239.3.A04" 0.415505943778913 0.332051333665207 0.250892111909706 0.00155061064617417
"NA19239.3.A05" 0.384763365586587 0.551721543820659 0.041175687306541 0.022339403286213
"NA19239.3.A06" 0.439266548816413 0.416421307114586 0.118753129364599 0.0255590147044023
"NA19239.3.A07" 0.414849117372255 0.557218511160867 0.00494209118548037 0.0229902802813985
"NA19239.3.A08" 0.567671781476666 0.307059125180817 0.0860906253555152 0.0391784679870014
"NA19239.3.A09" 0.412815733335496 0.487700551452042 0.0669151295872189 0.0325685856252432
"NA19239.3.A10" 0.4214638271813 0.546076451495376 0.0181263139260038 0.0143334073973197
"NA19239.3.A11" 0.447324973252839 0.459270184160164 0.0618504315427691 0.0315544110442287
"NA19239.3.A12" 0.401391501908038 0.524119226040041 0.0377541104273946 0.0367351616245264
"NA19239.3.B01" 0.509016954699982 0.424659826932774 0.0435395567620615 0.0227836616051823
"NA19239.3.B02" 0.474411785473094 0.469749216233263 0.0436634001081381 0.0121755981855048
"NA19239.3.B03" 0.325840202902123 0.515833776711922 0.132273957280501 0.0260520631054534
"NA19239.3.B04" 0.4432428979432 0.514017403809188 0.0283157985236576 0.0144238997239548
"NA19239.3.B05" 0.408421043678522 0.50680634745593 0.0580959795081399 0.026676629357408
"NA19239.3.B06" 0.460722515599727 0.458973672292423 0.047173774046248 0.0331300380616012
"NA19239.3.B07" 0.418133340186266 0.388419240299491 0.161134112675624 0.032313306838619
"NA19239.3.B10" 0.500122180556432 0.433882357142261 0.0537859860552674 0.0122094762460395
"NA19239.3.B11" 0.406696951006115 0.401107583817233 0.171345052045459 0.0208504131311926
"NA19239.3.B12" 0.405594821457036 0.551739071420375 0.0356983834054845 0.00696772371710388
"NA19239.3.C01" 0.321449393067829 0.59209732348257 0.072929820366168 0.0135234630834334
"NA19239.3.C02" 0.469574545400365 0.477253190177155 0.0301600627030769 0.0230122017194037
"NA19239.3.C03" 0.442731981975311 0.448274333977813 0.0861017917459047 0.0228918923009718
"NA19239.3.C06" 0.495046396771543 0.475828026412478 0.0254142818413914 0.00371129497458728
"NA19239.3.C07" 0.599677417887282 0.279228991953251 0.0912603821946238 0.0298332079648429
"NA19239.3.C08" 0.440402167720648 0.486494625012766 0.0456736388337517 0.0274295684328346
"NA19239.3.C09" 0.3866837567091 0.506144214685185 0.0677915503024686 0.0393804783032456
"NA19239.3.C10" 0.408047106018029 0.482963068505633 0.0810082076064386 0.0279816178698996
"NA19239.3.C11" 0.422891176011899 0.450231219650436 0.0978171628962387 0.0290604414414266
"NA19239.3.C12" 0.407936695549688 0.456960711952088 0.0865519299079734 0.0485506625902509
"NA19239.3.D01" 0.418695998842302 0.524435676487 0.0425988092791795 0.0142695153915183
"NA19239.3.D02" 0.331773019824542 0.51927776225349 0.130004493065972 0.0189447248559965
"NA19239.3.D03" 0.369911948731418 0.359440678458915 0.240977984536646 0.0296693882730212
"NA19239.3.D04" 0.34017360872089 0.468045069026521 0.12095193621966 0.0708293860329293
"NA19239.3.D05" 0.448573335603005 0.514921008736985 0.0260117962253829 0.0104938594346274
"NA19239.3.D06" 0.42167696676141 0.378101464437137 0.195231913500722 0.004989655300731
"NA19239.3.D07" 0.393975491037878 0.45232479667158 0.0993123445806611 0.0543873677098815
"NA19239.3.D08" 0.410637632696473 0.527686248627811 0.0444640225400592 0.017212096135656
"NA19239.3.D09" 0.420310400329047 0.495959893477628 0.0550451995373603 0.0286845066559654
"NA19239.3.D10" 0.470133578386961 0.453379512872913 0.0141119094025185 0.062374999337608
"NA19239.3.D12" 0.345921752142548 0.403237237543442 0.245357349438178 0.00548366087583154
"NA19239.3.E01" 0.54815412741584 0.324671803447225 0.116055682017429 0.0111183871195051
"NA19239.3.E02" 0.419450158649284 0.495587559656865 0.0720957925796442 0.0128664891142077
"NA19239.3.E05" 0.320387629410905 0.450003230928396 0.197949079628217 0.031660060032482
"NA19239.3.E06" 0.447215432003194 0.46280026886368 0.0749455530272214 0.0150387461059045
"NA19239.3.E07" 0.401704093396086 0.509612429953637 0.0751676891095506 0.0135157875407265
"NA19239.3.E08" 0.407799123887415 0.55075429947412 0.00917993269483768 0.0322666439436276
"NA19239.3.E09" 0.453856551601692 0.490356779443742 0.0436147644912605 0.012171904463306
"NA19239.3.E10" 0.318838361884975 0.410284073582646 0.264532140943436 0.00634542358894253
"NA19239.3.E11" 0.425827158923317 0.348746047828304 0.201183447216225 0.0242433460321537
"NA19239.3.E12" 0.584419905330969 0.354310029968401 0.0574529375856647 0.00381712711496545
"NA19239.3.F01" 0.39167561211195 0.455360182729079 0.11418502485361 0.0387791803053611
"NA19239.3.F02" 0.476211591524972 0.458007527078626 0.0256901144985097 0.0400907668978922
"NA19239.3.F03" 0.357978682843567 0.50978329749552 0.107918587912805 0.0243194317481082
"NA19239.3.F04" 0.489893717705761 0.376765035436435 0.107640102568286 0.0257011442895174
"NA19239.3.F05" 0.372448920686405 0.491466261810876 0.111815474431658 0.0242693430710616
"NA19239.3.F06" 0.410745467044666 0.509975965952336 0.054682933591491 0.0245956334115072
"NA19239.3.F07" 0.363923935426891 0.437526889076085 0.180476452258797 0.018072723238227
"NA19239.3.F08" 0.46814073881097 0.435474870525479 0.0701677849397144 0.0262166057238368
"NA19239.3.F09" 0.339150724203006 0.433487076808133 0.205971488953776 0.0213907100350858
"NA19239.3.F10" 0.452894011313883 0.460330619597937 0.0539897989442638 0.0327855701439158
"NA19239.3.F11" 0.465629933902548 0.456983193781568 0.0594498503467209 0.0179370219691623
"NA19239.3.F12" 0.398188305706976 0.505752034479603 0.0794036114884168 0.0166560483250035
"NA19239.3.G01" 0.417803949607271 0.474659020909226 0.0841350821940375 0.0234019472894656
"NA19239.3.G02" 0.421295524201529 0.48447006106314 0.0688199213080479 0.0254144934272828
"NA19239.3.G03" 0.416235360110472 0.496581380132341 0.0714763121410218 0.0157069476161647
"NA19239.3.G05" 0.3738826062422 0.520529025761936 0.07586665172293 0.0297217162729339
"NA19239.3.G06" 0.375338532522257 0.489272787735914 0.108528374092635 0.0268603056491945
"NA19239.3.G07" 0.440120123882331 0.494757541328059 0.0507071843188575 0.0144151504707532
"NA19239.3.G08" 0.391772445007234 0.48807893261673 0.0954243786200948 0.0247242437559408
"NA19239.3.G09" 0.389200319794342 0.511202226170688 0.063772033585787 0.0358254204491835
"NA19239.3.G11" 0.377881116247851 0.494106750826044 0.102316867345065 0.0256952655810398
"NA19239.3.G12" 0.328892552866059 0.365576420861868 0.23701675820411 0.0685142680679622
"NA19239.3.H01" 0.320571240959779 0.429052698207461 0.232430402832829 0.0179456579999305
"NA19239.3.H03" 0.399592067638931 0.487825206546993 0.0737156858611788 0.0388670399528973
"NA19239.3.H04" 0.434361295762796 0.419900919686218 0.144452404282067 0.00128538026891844
"NA19239.3.H05" 0.395162578388159 0.424180919088125 0.166170416924035 0.0144860855996813
"NA19239.3.H06" 0.41724648059515 0.533710452808011 0.0401503489941866 0.00889271760265268
"NA19239.3.H07" 0.370122746381081 0.485299042810963 0.140864610697387 0.00371360011056887
"NA19239.3.H08" 0.463742003166621 0.477019895645222 0.0281201336570695 0.0311179675310872
"NA19239.3.H09" 0.42507257576103 0.53259818943503 0.0154920720650703 0.02683716273887
"NA19239.3.H11" 0.444581701321721 0.511553564727563 0.0392869042760456 0.00457782967467037
"NA19239.3.H12" 0.412076184385988 0.55093526679826 0.0244207995342537 0.0125677492814987
"NA19101.1.A01" 0.777721611014158 0.0904214059639238 0.129199098270703 0.00265788475121582
"NA19101.1.A02" 0.63195296675516 0.294723832271009 0.0496853365244277 0.0236378644494036
"NA19101.1.A03" 0.456781748119959 0.279152636813571 0.262979317485671 0.00108629758079876
"NA19101.1.A04" 0.563766050729448 0.353535410001319 0.0226234897593056 0.0600750495099269
"NA19101.1.A05" 0.52397439554435 0.299377190925767 0.172607978303863 0.00404043522602047
"NA19101.1.A06" 0.519647527460599 0.384093811839319 0.0855074576575181 0.0107512030425645
"NA19101.1.A07" 0.452071964227346 0.294550988062603 0.247832345098862 0.00554470261118826
"NA19101.1.A08" 0.731001611337688 0.17006608168968 0.0649374096784119 0.03399489729422
"NA19101.1.A09" 0.552376507369188 0.242157795197614 0.195732510062708 0.00973318737049045
"NA19101.1.A10" 0.609255330452456 0.284641032526852 0.0765160879982798 0.0295875490224123
"NA19101.1.A11" 0.678284197551364 0.188738747974688 0.114066452258274 0.0189106022156751
"NA19101.1.A12" 0.770844566936478 0.0105515253245635 0.129976592332843 0.0886273154061158
"NA19101.1.B01" 0.837289887656975 0.00640762412504986 0.114833120152707 0.0414693680652689
"NA19101.1.B02" 0.590357451213904 0.303928218164865 0.0868447932347868 0.0188695373864443
"NA19101.1.B03" 0.615905062693931 0.323029103871297 0.0501324357725285 0.0109333976622436
"NA19101.1.B04" 0.595310151421075 0.333341394047787 0.0496821597598301 0.0216662947713086
"NA19101.1.B05" 0.608153712689233 0.265603024416371 0.121277710492751 0.00496555240164565
"NA19101.1.B06" 0.834928879498552 0.0536543326612557 0.0692047902018157 0.0422119976383769
"NA19101.1.B07" 0.598183861213317 0.364233048922726 0.0350744315391378 0.00250865832481844
"NA19101.1.B08" 0.532627349292368 0.319459543857171 0.137277566898172 0.0106355399522895
"NA19101.1.B09" 0.52780481598527 0.30583322661429 0.156564527166989 0.00979743023345219
"NA19101.1.B10" 0.530089003680811 0.232512551509535 0.225775749512971 0.0116226952966834
"NA19101.1.B11" 0.574051070096161 0.243117135651827 0.160772406186359 0.0220593880656523
"NA19101.1.B12" 0.586781766835454 0.331423811048173 0.0422296396757552 0.039564782440617
"NA19101.1.C01" 0.597899602874877 0.332934057575992 0.0576600154989907 0.0115063240501406
"NA19101.1.C02" 0.698747664933716 0.233235184774208 0.0357237326874898 0.0322934176045862
"NA19101.1.C03" 0.584066903874939 0.360200810839079 0.0420038080091412 0.0137284772768415
"NA19101.1.C04" 0.598636124652019 0.29024153961323 0.0623065792104211 0.0488157565243299
"NA19101.1.C05" 0.610193941803438 0.278270136978821 0.0945574714542024 0.0169784497635385
"NA19101.1.C06" 0.541520147278422 0.325894709937647 0.108088135663754 0.024497007120178
"NA19101.1.C07" 0.574542166334454 0.359864435607472 0.0480535968490036 0.0175398012090704
"NA19101.1.C08" 0.572756880014546 0.148518385890276 0.250258079307122 0.0284666547880553
"NA19101.1.C09" 0.614298601523084 0.290156692835552 0.0742008046075507 0.0213439010338133
"NA19101.1.C10" 0.542951359878098 0.222841452205305 0.225273999032808 0.0089331888837896
"NA19101.1.C11" 0.621490210785557 0.0885250694611968 0.26861454306118 0.0213701766920658
"NA19101.1.C12" 0.539625427810914 0.387619518661994 0.0503796391182753 0.0223754144088162
"NA19101.1.D01" 0.712107223894503 0.204902178150859 0.0463522848105417 0.0366383131440964
"NA19101.1.D02" 0.621042888626797 0.308871199766362 0.0469663778741797 0.0231195337326615
"NA19101.1.D03" 0.561367689601105 0.378207415597705 0.0520318807310383 0.0083930140701519
"NA19101.1.D04" 0.50075101524238 0.368146095146469 0.0937376544367069 0.0373652351744443
"NA19101.1.D05" 0.560483921655305 0.345239569714985 0.0708876801173864 0.0233888285123235
"NA19101.1.D06" 0.718859765881574 0.169444091830394 0.0694999683762595 0.0421961739117727
"NA19101.1.D07" 0.508649678391615 0.284235895839716 0.193493731616703 0.0136206941519651
"NA19101.1.D08" 0.555934168695361 0.20753790341905 0.233933899018609 0.00259402886697946
"NA19101.1.D09" 0.466226901644774 0.275177544801106 0.242339335481408 0.0162562180727122
"NA19101.1.D10" 0.544998173776409 0.253701718317511 0.1850898478897 0.0162102600163794
"NA19101.1.D11" 0.536042160700499 0.322417554857723 0.140614361770062 0.000925922671716433
"NA19101.1.D12" 0.556007900636036 0.361336700651862 0.0654794826688408 0.0171759160432614
"NA19101.1.E01" 0.570495296750096 0.172201074662633 0.244996105616525 0.0123075229707464
"NA19101.1.E02" 0.637246660482291 0.15453974909239 0.172292875170701 0.0359207152546185
"NA19101.1.E03" 0.618200264320116 0.311188372826411 0.064640331237862 0.00597103161561028
"NA19101.1.E04" 0.583475075987389 0.216372450909344 0.162041569035982 0.0381109040672854
"NA19101.1.E05" 0.743036198005996 0.124388857079331 0.109665566534554 0.0229093783801196
"NA19101.1.E06" 0.640107276839722 0.276339193388456 0.0823222040713415 0.00123132570048064
"NA19101.1.E07" 0.551854481053912 0.30575134739815 0.123061120204002 0.0193330513439361
"NA19101.1.E08" 0.54938230919106 0.375622723099921 0.0576896325120568 0.0173053351969619
"NA19101.1.E09" 0.788786274865479 0.122100112215893 0.0729587660674415 0.0161548468511861
"NA19101.1.E10" 0.51737843786914 0.353901124193911 0.111430014919414 0.0172904230175346
"NA19101.1.E11" 0.693154936818976 0.168836775417124 0.112493769197702 0.0255145185661983
"NA19101.1.E12" 0.56117108208892 0.220346090897705 0.207998802416124 0.0104840245972506
"NA19101.1.F01" 0.612913588495907 0.276102669350429 0.0971962735095563 0.0137874686441076
"NA19101.1.F02" 0.50991416648705 0.288431961205852 0.188487904477484 0.0131659678296133
"NA19101.1.F03" 0.564037560622174 0.372183358713637 0.0483098935959907 0.0154691870681992
"NA19101.1.F04" 0.632194040032415 0.189083643980256 0.164608863673647 0.0141134523136818
"NA19101.1.F07" 0.545264691700396 0.36223734795253 0.0656817290233523 0.0268162313237214
"NA19101.1.F08" 0.53678416054906 0.396397301930679 0.043612953727827 0.0232055837924344
"NA19101.1.F09" 0.536969851818785 0.406434803181153 0.0509694523232851 0.00562589267677697
"NA19101.1.F10" 0.729893797089073 0.101900514936223 0.107687006287534 0.0605186816871702
"NA19101.1.F11" 0.612205240985236 0.287049912175009 0.069852982623918 0.0308918642158366
"NA19101.1.F12" 0.612953700504609 0.325614426713516 0.0327787721972886 0.0286531005845866
"NA19101.1.G01" 0.838533501745943 0.0469790476657836 0.0878675612636586 0.0266198893246145
"NA19101.1.G02" 0.634506250712564 0.277934637006817 0.0717191870953153 0.0158399251853046
"NA19101.1.G03" 0.621149479030628 0.29106032707649 0.073909337579531 0.0138808563133504
"NA19101.1.G04" 0.584999015507245 0.326348542625875 0.0875419893373305 0.00111045252954934
"NA19101.1.G05" 0.584756571267721 0.337637589105839 0.0546335413356824 0.0229722982907584
"NA19101.1.G06" 0.726792216844427 0.126990461894054 0.144251527667484 0.00196579359403399
"NA19101.1.G07" 0.618170088762875 0.298508669619574 0.0644615103712079 0.0188597312463432
"NA19101.1.G08" 0.625738265176929 0.273477849930915 0.0804755030714664 0.0203083818206898
"NA19101.1.G09" 0.580341971200456 0.355981259277157 0.0584975170672536 0.005179252455133
"NA19101.1.G10" 0.565072272450156 0.269855888216307 0.140813212976163 0.0242586263573737
"NA19101.1.G11" 0.429284760750135 0.305239627363992 0.255351012213557 0.0101245996723155
"NA19101.1.G12" 0.507367944341261 0.285514143582569 0.186323447199233 0.0207944648769381
"NA19101.1.H01" 0.590466950372768 0.257891445505299 0.149053559920546 0.00258804420138763
"NA19101.1.H02" 0.653175123635436 0.298550701336997 0.0329733779031664 0.0153007971244002
"NA19101.1.H03" 0.534582592570056 0.347060145691478 0.114323074827738 0.00403418691072813
"NA19101.1.H04" 0.7987456681825 0.0505855543141826 0.111865546521303 0.0388032309820148
"NA19101.1.H05" 0.547861615739904 0.270824215471643 0.163292599294351 0.0180215694941013
"NA19101.1.H06" 0.506243600235255 0.242321392936593 0.23947328732789 0.011961719500261
"NA19101.1.H08" 0.613937066912855 0.347479978729033 0.0327756536122106 0.00580730074590165
"NA19101.1.H09" 0.759975595547711 0.149365620589625 0.0837217425168808 0.00693704134578303
"NA19101.1.H10" 0.547119551031987 0.185307415530083 0.265943431537466 0.00162960190046375
"NA19101.1.H12" 0.563386902230357 0.398621145780751 0.0359744953961356 0.00201745659275671
"NA19101.2.A01" 0.621201484299544 0.263801590499908 0.0643410127877485 0.0506559124128001
"NA19101.2.A02" 0.519144060628131 0.45399816392579 0.024829443832216 0.00202833161386363
"NA19101.2.A03" 0.79470860584624 0.0719001829952321 0.0762539094186041 0.0571373017399236
"NA19101.2.A04" 0.609548020817132 0.284352046779498 0.0572202510483767 0.0488796813549922
"NA19101.2.A06" 0.530095672881029 0.399228116707142 0.0601108372460419 0.0105653731657877
"NA19101.2.A07" 0.760916380940337 0.153606183640992 0.0463742395557207 0.0391031958629503
"NA19101.2.A08" 0.530071707279863 0.316625034979744 0.134260394781054 0.0190428629593391
"NA19101.2.A09" 0.526090272296198 0.320745019744102 0.130027248740869 0.0231374592188313
"NA19101.2.A10" 0.582122034466506 0.366178524055807 0.00801397708565539 0.0436854643920317
"NA19101.2.A11" 0.781728942164689 0.125631005795305 0.0553332739052629 0.0373067781347432
"NA19101.2.A12" 0.785146141897319 0.128187658607002 0.00240621925405786 0.0842599802416207
"NA19101.2.B01" 0.648862918060052 0.229716332567042 0.0451615476664641 0.0762592017064421
"NA19101.2.B02" 0.510668188386233 0.271923996203704 0.203734297889518 0.0136735175205447
"NA19101.2.B03" 0.576231542379956 0.339332587433403 0.0319030797638383 0.0525327904228032
"NA19101.2.B04" 0.712135335056665 0.0493847544636759 0.151749061644858 0.0867308488348014
"NA19101.2.B05" 0.70016889145593 0.190686828026341 0.0402083936426303 0.068935886875099
"NA19101.2.B06" 0.575846283021367 0.3532984208097 0.00903796810398735 0.0618173280649454
"NA19101.2.B08" 0.561032042452692 0.36614227453075 0.0555744255607057 0.0172512574558522
"NA19101.2.B09" 0.598509847392197 0.372288840230621 0.0116741381207209 0.0175271742564611
"NA19101.2.B10" 0.573573196133476 0.342097949482753 0.0440166792681363 0.040312175115635
"NA19101.2.B12" 0.550753877815329 0.381595075349263 0.0109235163996973 0.0567275304357102
"NA19101.2.C01" 0.715504529536144 0.136129418054049 0.0864876945690782 0.0618783578407295
"NA19101.2.C03" 0.603628936662846 0.311065671020189 0.0166234676026571 0.0686819247143073
"NA19101.2.C04" 0.562362333904073 0.35287398948595 0.0664744568776031 0.0182892197323743
"NA19101.2.C05" 0.572766644459427 0.33495929590551 0.0591897716463719 0.0330842879886917
"NA19101.2.C06" 0.497870119775488 0.305629440001136 0.163127920504376 0.0333725197189999
"NA19101.2.C07" 0.497790962824707 0.425775950543726 0.0620976089052426 0.0143354777263235
"NA19101.2.C08" 0.602593231250054 0.356005044678479 0.0178375153013248 0.0235642087701419
"NA19101.2.C09" 0.716395611376675 0.0561184268527256 0.140500495595455 0.0869854661751446
"NA19101.2.C10" 0.688410066391317 0.157389142879888 0.0686165951461375 0.0855841955826584
"NA19101.2.C11" 0.504980463228133 0.371944380181122 0.107338443967042 0.0157367126237027
"NA19101.2.C12" 0.683819281537497 0.115851956979835 0.127008946771022 0.0733198147116458
"NA19101.2.D01" 0.556024979714346 0.389803919330174 0.0200873986492478 0.0340837023062328
"NA19101.2.D02" 0.593236241164908 0.315334987584176 0.0359093230242668 0.0555194482266492
"NA19101.2.D03" 0.513867232593074 0.38699083492311 0.0646779791803304 0.0344639533034859
"NA19101.2.D04" 0.539482899555715 0.369947575900756 0.0468205608106248 0.0437489637329036
"NA19101.2.D05" 0.689397752465079 0.158175367002522 0.0908236474478491 0.0616032330845504
"NA19101.2.D06" 0.595536052438173 0.317379609835795 0.0539385964424146 0.0331457412836181
"NA19101.2.D07" 0.600500984622699 0.289799564011429 0.0430051019036611 0.0666943494622106
"NA19101.2.D08" 0.558861452097314 0.374225559032251 0.0362273518046371 0.0306856370657978
"NA19101.2.D09" 0.751809281622712 0.131165368757888 0.0464284524400085 0.0705968971793916
"NA19101.2.D10" 0.584773348044126 0.283968734881297 0.0971097521051027 0.0341481649694743
"NA19101.2.D11" 0.497926082370154 0.410917289715629 0.0424505483051274 0.0487060796090898
"NA19101.2.D12" 0.778583504964116 0.140891214883902 0.0420746225594911 0.0384506575924907
"NA19101.2.E01" 0.598895863798192 0.334484656948485 0.0221745714790035 0.0444449077743188
"NA19101.2.E02" 0.566087438951409 0.340968186068971 0.0501414396643761 0.0428029353152434
"NA19101.2.E03" 0.681223559429116 0.164553442999868 0.0835031837130192 0.0707198138579968
"NA19101.2.E04" 0.513679479909642 0.262275841531983 0.19681943433113 0.0272252442272449
"NA19101.2.E05" 0.675914225741178 0.164766882779181 0.05912378832051 0.100195103159131
"NA19101.2.E06" 0.688183525380786 0.202721302579513 0.0368936610011575 0.0722015110385441
"NA19101.2.E07" 0.592790878985067 0.32043614413342 0.0512393380619751 0.0355336388195383
"NA19101.2.E09" 0.622343535360949 0.267686101450914 0.0642063800897982 0.0457639830983393
"NA19101.2.E10" 0.548986939409236 0.343895391767161 0.0681544071186411 0.0389632617049619
"NA19101.2.E11" 0.511857723868187 0.253593598166045 0.204315204801682 0.0302334731640859
"NA19101.2.E12" 0.472299847246792 0.428642106934356 0.0826788396332578 0.0163792061855942
"NA19101.2.F01" 0.547300517623797 0.349558931141181 0.0777685603848085 0.0253719908502136
"NA19101.2.F02" 0.756952779222049 0.0899528115300266 0.125293714390235 0.0278006948576896
"NA19101.2.F03" 0.502036844304758 0.325046115427034 0.152861165021514 0.0200558752466933
"NA19101.2.F04" 0.595431265706685 0.287166746765895 0.0649023969329148 0.0524995905945056
"NA19101.2.F06" 0.467192400224059 0.387343504995079 0.137971527363786 0.00749256741707657
"NA19101.2.F07" 0.479534454886508 0.266006136285768 0.229409429628971 0.0250499791987532
"NA19101.2.F08" 0.591138011063741 0.334479216333715 0.0465749642846761 0.0278078083178681
"NA19101.2.F09" 0.624863286017325 0.333783226133994 0.0207294702670186 0.0206240175816619
"NA19101.2.F10" 0.759675450370708 0.132268114424194 0.0479680056694114 0.060088429535686
"NA19101.2.F11" 0.728261061183168 0.141784755143728 0.0764729916781215 0.0534811919949831
"NA19101.2.F12" 0.612835335671536 0.2029475203786 0.150882767497144 0.0333343764527208
"NA19101.2.G01" 0.543752936253347 0.376973699360304 0.0286210392725603 0.0506523251137893
"NA19101.2.G02" 0.565564346487226 0.216776163770919 0.192288534586542 0.025370955155313
"NA19101.2.G03" 0.622875061199432 0.289338299938299 0.0228534382473505 0.0649332006149188
"NA19101.2.G04" 0.581194949593152 0.299747149239151 0.105574400453999 0.0134835007136979
"NA19101.2.G05" 0.579562045635905 0.342855852052419 0.0665819879829141 0.0110001143287613
"NA19101.2.G06" 0.693049718570184 0.219878008653639 0.0627055606539253 0.0243667121222525
"NA19101.2.G07" 0.599934234876801 0.289076981824598 0.0735875212441074 0.0374012620544936
"NA19101.2.G08" 0.769539465437361 0.0892139406499455 0.0967966068820888 0.0444499870306046
"NA19101.2.G09" 0.563405339209595 0.246204403789426 0.148575457878266 0.0418147991227135
"NA19101.2.G10" 0.80180982972209 0.0697925807856246 0.0614158402753754 0.0669817492169104
"NA19101.2.G11" 0.680396787752335 0.203573155361508 0.0529147125745243 0.0631153443116325
"NA19101.2.G12" 0.584966729286642 0.330144935559302 0.0605840894256848 0.0243042457283703
"NA19101.2.H01" 0.557583175014632 0.363873349887734 0.0328295862942023 0.0457138888034312
"NA19101.2.H02" 0.672182410181057 0.195759170475079 0.0820532457696974 0.0500051735741662
"NA19101.2.H03" 0.538647472280989 0.380638179072109 0.0570904193892879 0.0236239292576144
"NA19101.2.H05" 0.505615974921385 0.40445582503349 0.0457629257531472 0.0441652742919778
"NA19101.2.H06" 0.469163797472172 0.263491833001959 0.237335239899634 0.0300091296262348
"NA19101.2.H07" 0.565246192518559 0.322332947756286 0.0863889761124139 0.0260318836127408
"NA19101.2.H08" 0.47412063231312 0.443008565737796 0.0600790019101705 0.022791800038913
"NA19101.2.H09" 0.742700507838517 0.174079925104776 0.0304125544547941 0.0528070126019129
"NA19101.2.H10" 0.654616189886075 0.217080257126096 0.108329942768481 0.0199736102193484
"NA19101.2.H11" 0.636678680036803 0.279522635668191 0.059128169279026 0.0246705150159804
"NA19101.2.H12" 0.732418434899101 0.168390441088001 0.0342411153997065 0.0649500086131911
"NA19101.3.A01" 0.842762029517125 0.00775300544175952 0.0439061125689871 0.105578852472129
"NA19101.3.A02" 0.878474624498816 0.00331424439800083 0.0694477096978696 0.0487634214053133
"NA19101.3.A05" 0.720201015516624 0.107973907540536 0.110289737491714 0.0615353394511267
"NA19101.3.A06" 0.506873614516449 0.391243822658254 0.0746445032811409 0.0272380595441561
"NA19101.3.A07" 0.72987143826223 0.207266633005908 0.0231819721011272 0.0396799566307347
"NA19101.3.A09" 0.832274515082064 0.0595235486112175 0.0632782176641985 0.0449237186425199
"NA19101.3.A10" 0.424384110331044 0.316669852580883 0.258538262756315 0.000407774331757874
"NA19101.3.A11" 0.767839521501712 0.119380524889043 0.0822876443282012 0.0304923092810429
"NA19101.3.A12" 0.540578893430048 0.363165137630973 0.069487592478075 0.0267683764609046
"NA19101.3.B01" 0.539669922631975 0.330278530896438 0.11617971120702 0.013871835264567
"NA19101.3.B02" 0.516905343335142 0.24167382776125 0.2362891296697 0.00513169923390783
"NA19101.3.B05" 0.754933536752446 0.173106708739428 0.0585959672549138 0.0133637872532121
"NA19101.3.B06" 0.550389805648853 0.369401134478646 0.0638952155775677 0.0163138442949337
"NA19101.3.B07" 0.420129359289364 0.374695929114303 0.191178811830394 0.0139958997659393
"NA19101.3.B08" 0.537058112743051 0.415560200350566 0.0431819087866748 0.0041997781197077
"NA19101.3.B09" 0.59277523854129 0.276419150803092 0.109700641841493 0.0211049688141254
"NA19101.3.B10" 0.486838463238742 0.424433524426812 0.0869086215400564 0.00181939079439019
"NA19101.3.B11" 0.551449754605224 0.152099439081659 0.287739047195489 0.00871175911762735
"NA19101.3.B12" 0.460562594624217 0.234596072659623 0.294464426758134 0.0103769059580261
"NA19101.3.C01" 0.856632370572976 0.0041247219151845 0.083655142605524 0.0555877649063157
"NA19101.3.C03" 0.567591592833472 0.326560691095222 0.0706175391452155 0.035230176926091
"NA19101.3.C04" 0.506404660013512 0.424719626296357 0.0609450195808208 0.00793069410931017
"NA19101.3.C05" 0.509328227334995 0.216615848611518 0.267214900557547 0.00684102349594024
"NA19101.3.C06" 0.579995374323105 0.318049360047297 0.0691316958434776 0.0328235697861211
"NA19101.3.C07" 0.531641330510851 0.432692150929873 0.0215856076486199 0.0140809109106559
"NA19101.3.C08" 0.536697019776119 0.397647724730964 0.0521869738600456 0.0134682816328708
"NA19101.3.C09" 0.753855068331701 0.0874151403727579 0.132575010025039 0.026154781270502
"NA19101.3.C10" 0.504516166852885 0.347062671722989 0.142133912974043 0.00628724845008208
"NA19101.3.C11" 0.566406088340804 0.300403440379737 0.130157041520625 0.00303342975883367
"NA19101.3.C12" 0.791402984901752 0.0504407760161913 0.0860585107761911 0.0720977283058658
"NA19101.3.D01" 0.896755293553157 0.00159776494123548 0.0680236543630483 0.0336232871425588
"NA19101.3.D03" 0.509141293894453 0.309894750475623 0.16335581053198 0.0176081450979436
"NA19101.3.D04" 0.843935518860049 0.0284136300788049 0.107994660204564 0.0196561908565817
"NA19101.3.D06" 0.462144843619838 0.253578754773326 0.283257010420659 0.00101939118617727
"NA19101.3.D07" 0.847524174119653 0.0139345114084613 0.0640554195021029 0.0744858949697827
"NA19101.3.D08" 0.498109995021582 0.361066926365631 0.129719316453757 0.0111037621590301
"NA19101.3.D09" 0.845251976227424 0.0619691600319535 0.0628264458481622 0.0299524178924603
"NA19101.3.D10" 0.525429743640831 0.264767383191906 0.208349891732876 0.00145298143438758
"NA19101.3.D12" 0.545197348676216 0.438525070357123 0.00132055750589974 0.0149570234607612
"NA19101.3.E01" 0.613417720457103 0.281242255165261 0.0757013843641681 0.0296386400134686
"NA19101.3.E02" 0.553814982965202 0.357473592020923 0.0578587901839542 0.0308526348299206
"NA19101.3.E03" 0.624169763160075 0.326570955413061 0.0327739072891886 0.0164853741376749
"NA19101.3.E04" 0.617998481890459 0.324519130058169 0.0537223065324034 0.00376008151896863
"NA19101.3.E06" 0.625763127579593 0.331828463198649 0.0126130475414447 0.0297953616803137
"NA19101.3.E07" 0.554332746953166 0.382692517044355 0.0575245669060532 0.00545016909642562
"NA19101.3.E08" 0.873670100239171 0.0333376484895517 0.0764541533592587 0.0165380979120187
"NA19101.3.E09" 0.564255770765924 0.324426626482433 0.080439757031058 0.0308778457205852
"NA19101.3.E10" 0.620997921981008 0.23577559857121 0.140328348485628 0.00289813096215313
"NA19101.3.F01" 0.50113534003917 0.402045519621943 0.0790182256542463 0.0178009146846407
"NA19101.3.F02" 0.554533543820199 0.401989377485117 0.0418565224112828 0.00162055628340185
"NA19101.3.F03" 0.466326337204426 0.394937870773001 0.133905675333444 0.00483011668912898
"NA19101.3.F05" 0.525456105643678 0.355532399212844 0.113583052006507 0.00542844313697158
"NA19101.3.F07" 0.566115517113138 0.285901133732375 0.10006282097739 0.0479205281770965
"NA19101.3.F08" 0.554198959253786 0.407419583432444 0.0187837432927798 0.0195977140209898
"NA19101.3.F09" 0.754148954486485 0.135582975789803 0.103287514297706 0.00698055542600696
"NA19101.3.F10" 0.518681782330593 0.289531861834855 0.164731126853181 0.0270552289813712
"NA19101.3.F11" 0.510652634751102 0.421987040880854 0.0479053455082089 0.0194549788598351
"NA19101.3.F12" 0.486489106419182 0.438317826984033 0.0628233168065038 0.0123697497902804
"NA19101.3.G01" 0.627356500772489 0.32133836036104 0.0348069975065233 0.0164981413599481
"NA19101.3.G02" 0.820187343833744 0.134003143684882 0.0160189623282304 0.0297905501531432
"NA19101.3.G03" 0.544003756135753 0.418724373722631 0.0245224149340049 0.012749455207611
"NA19101.3.G05" 0.513415240145744 0.385430970927519 0.0624654737538738 0.0386883151728636
"NA19101.3.G06" 0.472278057908837 0.486104304704569 0.0198459816109094 0.0217716557756847
"NA19101.3.G07" 0.524884850786542 0.351411643903942 0.112748571880979 0.0109549334285373
"NA19101.3.G08" 0.605118614771109 0.372198866186721 0.0190581564907405 0.00362436255142926
"NA19101.3.G09" 0.833073530885926 0.0448133527458325 0.0908682221942547 0.0312448941739872
"NA19101.3.G10" 0.503443740237813 0.459404825438388 0.036451467320374 0.000699967003424944
"NA19101.3.G11" 0.554870191897025 0.384469303851316 0.049886424525509 0.0107740797261507
"NA19101.3.G12" 0.484848509853635 0.464712041618285 0.018687750827453 0.0317516977006273
"NA19101.3.H01" 0.928254318221911 0.00653774578019481 0.0244242950098496 0.0407836409880444
"NA19101.3.H02" 0.735009448450194 0.142298805137506 0.0980712724119578 0.0246204740003421
"NA19101.3.H03" 0.857392402514833 0.00854333483193721 0.0441941732912638 0.0898700893619662
"NA19101.3.H05" 0.403875333799511 0.508634444892635 0.084098377589693 0.00339184371816023
"NA19101.3.H07" 0.853194532344338 0.0156812897688539 0.0885206846581826 0.0426034932286254
"NA19101.3.H08" 0.570021935418657 0.407886085013388 0.0144319428905461 0.00766003667740869
"NA19101.3.H09" 0.772035107027188 0.0670456041202158 0.126990231473553 0.0339290573790435
"NA19101.3.H10" 0.571238894625193 0.342663925480874 0.059850311490301 0.0262468684036316
"NA19101.3.H11" 0.601249995011817 0.391155955074559 0.00493325015853653 0.00266079975508685
"NA19239.1.A01" 0.0254906692577848 0.110584480776013 0.0420211264412792 0.821903723524923
"NA19239.1.A02" 0.00835806547426222 0.025425174926614 0.0621898005261588 0.904026959072965
"NA19239.1.A04" 0.0349641223587145 0.0545818333694158 0.0790518888115659 0.831402155460304
"NA19239.1.A05" 0.0364386214529651 0.0590735646873959 0.0012597104420452 0.903228103417594
"NA19239.1.A06" 0.0266881235335567 0.0464397995172637 0.0101455644760014 0.916726512473178
"NA19239.1.A07" 0.0313727886125846 0.0281964056286 0.124372806994239 0.816057998764576
"NA19239.1.A09" 0.00860415449831477 0.0417697972749248 0.121551893540974 0.828074154685787
"NA19239.1.A10" 0.0184609514439202 0.0654222114835361 0.121942543594044 0.7941742934785
"NA19239.1.A11" 0.0222608972773032 0.0706618778363456 0.0359025080155388 0.871174716870812
"NA19239.1.A12" 0.00114079678389183 0.00515234560138185 0.356841152063935 0.636865705550791
"NA19239.1.B01" 0.0342617100783 0.022106185225404 0.0784079592446864 0.86522414545161
"NA19239.1.B02" 0.0378672393559503 0.0106114456442123 0.0629405170479155 0.888580797951922
"NA19239.1.B03" 0.0162267257270937 0.127061336572653 0.0249622933112834 0.83174964438897
"NA19239.1.B04" 0.00664370660463973 0.0514588548640776 0.013378794282171 0.928518644249112
"NA19239.1.B06" 0.000659805313969542 0.179789521220206 0.300500898367335 0.519049775098489
"NA19239.1.B09" 0.0180443191943025 0.00195100926123978 0.183820777217145 0.796183894327313
"NA19239.1.B10" 0.0318218240742076 0.222621155439642 0.0221555937707262 0.723401426715424
"NA19239.1.B11" 0.0145789160976664 0.00149568583172499 0.407136644078503 0.576788753992106
"NA19239.1.B12" 0.000493662645566763 0.0195547284977097 0.369463110853515 0.610488498003208
"NA19239.1.C01" 0.0244521519831469 0.00449631250398534 0.0779773245319072 0.893074210980961
"NA19239.1.C02" 0.0162203512669435 0.058834844951206 0.0360705783949818 0.888874225386869
"NA19239.1.C03" 0.0343527858708433 0.164993334921319 0.0326251854192066 0.768028693788631
"NA19239.1.C04" 0.0664439672591677 0.105923601392826 0.0108783265893135 0.816754104758693
"NA19239.1.C05" 0.00296891735303437 0.0366671189535621 0.0823038057226801 0.878060157970723
"NA19239.1.C06" 0.0748779637990764 0.137469358971003 0.000655289555373365 0.786997387674547
"NA19239.1.C07" 0.00682627429516817 0.00309455878708872 0.0295584402387611 0.960520726678982
"NA19239.1.C08" 0.00326001148896792 0.0083925838051983 0.0564056744479811 0.931941730257853
"NA19239.1.C09" 0.00229979982700812 0.133588286626539 0.00519400037608983 0.858917913170363
"NA19239.1.C10" 0.0207057509005481 0.0215467106944949 0.0319178069348041 0.925829731470153
"NA19239.1.C11" 0.0284134314970762 0.1217173383033 0.0428806522647348 0.806988577934889
"NA19239.1.C12" 0.0146932593178549 0.00265335619064585 0.22366878795686 0.758984596534639
"NA19239.1.D01" 0.0185198852892301 0.00339757903175986 0.304299415202557 0.673783120476453
"NA19239.1.D02" 0.0330798305924473 0.072897330057294 0.00981480196428622 0.884208037385973
"NA19239.1.D03" 0.0104599981747424 0.230686171984187 0.0220842966271967 0.736769533213874
"NA19239.1.D04" 0.033364177444643 0.0478427781435854 0.0945202447715873 0.824272799640184
"NA19239.1.D05" 0.00123359429924674 0.0197269606728855 0.0115558357608666 0.967483609267001
"NA19239.1.D06" 0.053153026093621 0.238695458934279 0.00356282984158982 0.70458868513051
"NA19239.1.D07" 0.00190324994094131 0.101577658348888 0.17654149419328 0.71997759751689
"NA19239.1.D08" 0.00473699458990301 0.0540491505790516 0.119364068952208 0.821849785878838
"NA19239.1.D09" 0.00642438452966372 0.0014387416608211 0.593285530739541 0.398851343069974
"NA19239.1.D10" 0.0351531028802676 0.0543597202929907 0.0142212243721916 0.89626595245455
"NA19239.1.D11" 0.0216052404827777 0.369232478257854 0.0229564680448497 0.586205813214519
"NA19239.1.D12" 0.00688553905665197 0.156128370865009 0.0202411985188464 0.816744891559493
"NA19239.1.E01" 0.000287010954942398 0.000171498559281779 0.664996408598104 0.334545081887671
"NA19239.1.E02" 0.00963306271636986 0.027027145570657 0.079522979130093 0.88381681258288
"NA19239.1.E03" 0.0378034902407342 0.189954178834931 0.0487196475229932 0.723522683401342
"NA19239.1.E04" 0.00105685715704697 0.217759882495858 0.000761151101729275 0.780422109245366
"NA19239.1.E05" 0.020919495493589 0.137967920179207 0.238912688381283 0.602199895945921
"NA19239.1.E06" 0.0461722559683065 0.00374137426930535 0.0154770444924297 0.934609325269959
"NA19239.1.E07" 0.00227233133103642 0.0384726199255278 0.0368616410159624 0.922393407727473
"NA19239.1.E08" 0.00149652961757973 0.0249955407510049 0.0619039342631288 0.911603995368287
"NA19239.1.E09" 0.013826161818905 0.00252012754830689 0.0601536614175877 0.9235000492152
"NA19239.1.E11" 0.0341481378130898 0.0910850239771588 0.040381622134635 0.834385216075116
"NA19239.1.E12" 0.00602312997512014 0.000847483364982127 0.224347195406352 0.768782191253546
"NA19239.1.F01" 0.00700119928733193 0.0723767887614938 0.0543407426787597 0.866281269272415
"NA19239.1.F02" 0.0250682448812975 0.0764466936044848 0.0323181232746888 0.866166938239529
"NA19239.1.F03" 0.05332127751717 0.0830781236688033 0.0880858527904065 0.77551474602362
"NA19239.1.F04" 0.00156304323318826 0.0868354265046482 0.000580825309499701 0.911020704952664
"NA19239.1.F05" 0.000507396925316806 0.00358114221545899 0.515588987151465 0.480322473707759
"NA19239.1.F06" 0.0305929437097429 0.00954358110983626 0.0294098169530322 0.930453658227389
"NA19239.1.F07" 0.0527961864119626 0.00960742831311199 0.00247936433418474 0.935117020940741
"NA19239.1.F08" 0.0752267887687974 0.00486532894068545 0.0361968983092332 0.883710983981284
"NA19239.1.F09" 0.0372664743494427 0.104363562967475 0.130032769228739 0.728337193454344
"NA19239.1.F10" 0.0302111322669714 0.219957552978576 0.160146539835557 0.589684774918896
"NA19239.1.F11" 0.00168050947238807 0.367536778155759 0.0855441267353741 0.545238585636479
"NA19239.1.F12" 0.0319321976356516 0.00431607389645176 0.0445408133268553 0.919210915141041
"NA19239.1.G01" 0.00112493204218192 0.000430809237510579 0.469110940697532 0.529333318022776
"NA19239.1.G04" 0.0577554378194051 0.0457396676598216 0.00873176031072022 0.887773134210053
"NA19239.1.G05" 0.0238262205493103 0.0603249883592234 0.102315023159396 0.813533767932071
"NA19239.1.G06" 0.00497829478598715 0.0953445262018043 0.00253691776676987 0.897140261245439
"NA19239.1.G07" 0.00409367248043369 0.169530986052983 0.0105538261968201 0.815821515269763
"NA19239.1.G08" 0.0242842399438495 0.0935933963698674 0.00305732397780281 0.87906503970848
"NA19239.1.G09" 0.00347901687318986 0.0265496512173724 0.195443391325005 0.774527940584433
"NA19239.1.G10" 0.00104300671978594 0.00246909802185399 0.211680050492122 0.784807844766239
"NA19239.1.G11" 0.0251041048134986 0.105535350371598 0.0301533805126617 0.839207164302242
"NA19239.1.G12" 0.000824624454833525 0.00179463709994686 0.384433730419297 0.612947008025923
"NA19239.1.H01" 0.00102856797198346 0.034506312410899 0.302784155831437 0.661680963785681
"NA19239.1.H02" 0.00381890692952249 0.210566499683448 0.210494078567953 0.575120514819076
"NA19239.1.H03" 0.00686546400199624 0.00174379587908547 0.309006738061584 0.682384002057334
"NA19239.1.H04" 0.00478117465525734 0.173104301520107 0.114313664944834 0.707800858879802
"NA19239.1.H06" 0.00527108711354251 0.11925726734077 0.0417019913228659 0.833769654222822
"NA19239.1.H08" 0.00207104715160397 0.218294491369902 0.144883914535226 0.634750546943268
"NA19239.1.H09" 0.0502026880913572 0.194138974708377 0.217293491210239 0.538364845990027
"NA19239.1.H11" 0.00148992127627705 0.179076243948526 0.0732543086279769 0.74617952614722
