"1" "2" "3" "4"
"ENSG00000102977" 0.000182408865577548 0.000589408856722181 3.6783702634022e-05 0.000773142365815315
"ENSG00000119640" 0.000582502776025658 0.000613241854738955 0.000512177704086233 0.00182317163153631
"ENSG00000154734" 0.000344802878575262 3.60102950749497e-09 6.7848752341552e-09 2.29471230420615e-09
"ENSG00000088448" 0.00217606958282464 7.05536990048064e-05 7.54428617718696e-05 0.00244914482810658
"ENSG00000169188" 0.000242120486380052 0.000511603117102815 6.96686284276886e-05 0.000895706693110542
"ENSG00000134884" 0.00210854542355978 0.00204901936461444 0.00131661524448262 0.00382754389090708
"ENSG00000156802" 0.000943692565206632 0.00137070055176472 1.44500712996047e-08 0.00351341518189047
"ENSG00000138376" 0.000991929162564583 0.0011879496884537 0.000688508094339229 0.00105941548551244
"ENSG00000166164" 0.00140812458437531 0.000902292378467452 0.000593637533813529 0.000734260343791431
"ENSG00000170270" 0.000196464905595634 0.000447003048518433 1.89169425857196e-08 0.0004675943531037
"ENSG00000117616" 0.000568866994295902 8.71336328222185e-05 7.65517499963766e-08 0.00125611370700639
"ENSG00000180354" 0.000119021529449386 7.5277386528377e-05 4.79918716183229e-09 2.9111422599077e-09
"ENSG00000131375" 0.00021995517464731 0.000175020040489518 9.37206327311469e-08 0.000523297794135265
"ENSG00000106144" 0.000477834442493495 0.000749216744301377 1.88824354153524e-06 0.000615069703993859
"ENSG00000105173" 0.00107419780750833 0.00132495928556497 1.39418448700263e-08 0.000179660630898276
"ENSG00000175305" 0.000186784681483159 0.000252266344523407 6.61850711205211e-09 0.0001462100789037
"ENSG00000164045" 0.00080469909736625 0.00159837381685397 1.63479260313228e-05 0.000154757184593047
"ENSG00000094804" 0.0022098390487258 0.00273628205628449 2.2238481486422e-05 0.00092954888612865
"ENSG00000144354" 0.00120356379073452 0.00150315130193384 0.000361438804642228 0.000409248125500867
"ENSG00000164649" 0.00174543182030046 0.00217027324911192 0.00138605975151739 0.00100751827996138
"ENSG00000166037" 0.0016545572450957 0.00165182627621851 0.00146068994251118 0.00340384696476434
"ENSG00000167670" 0.00156441785376034 0.00161696229550024 0.000230312297831259 0.000345302355890439
"ENSG00000159259" 0.000141723320467252 0.000853337650341787 8.39322339570121e-05 0.000151804792407785
"ENSG00000092853" 0.00242153965524374 0.00375064952569374 3.49737571861799e-05 0.000759301287589123
"ENSG00000137504" 0.00112610598635822 1.76857121221023e-08 2.60583892004984e-08 0.00133571935176358
"ENSG00000117984" 0.000872250385586258 0.0006936111385141 3.03108662342809e-05 0.000404529110168094
"ENSG00000083520" 0.000788985259329815 0.000997451083301776 0.00023778627631667 0.00160563179180357
"ENSG00000102580" 0.00087087195499446 0.000380483715470549 7.00158154791905e-08 0.00281522955436727
"ENSG00000159147" 0.000283830268782487 0.000546177740686375 1.55656881097982e-08 0.000512226131100527
"ENSG00000136982" 0.00118322429092473 0.000701553742258787 2.05022385042542e-08 0.000143751789133533
"ENSG00000143476" 0.00135215564477733 0.00172015165359683 9.85524051547766e-09 0.00098122861719907
"ENSG00000101412" 0.000195451428161458 0.000188200285267821 2.36453355318799e-05 0.000216437672110057
"ENSG00000144895" 0.000909708816782746 0.00147317811992586 0.00127065937107051 0.00375119603807544
"ENSG00000139684" 0.000906227784131156 0.00342546243750937 0.00288925755560089 0.00363977894205171
"ENSG00000154124" 0.000132208627985847 0.000169575436172883 0.00015307311307244 0.00104787269917756
"ENSG00000187866" 0.000210942255336357 0.000199826693047214 5.67047896414656e-05 0.000340603842451124
"ENSG00000160688" 0.00272216692395383 0.00103555730152336 0.000264172097782531 0.000715077480983417
"ENSG00000131153" 0.00144526616504214 0.0054453690187247 0.000335843264659571 0.00154829932403993
"ENSG00000181938" 0.00028993492221105 0.000399331882218037 0.000148683087154105 0.000111620563090815
"ENSG00000112312" 0.00310271923175315 0.00569653511184206 0.00143841528513311 0.000941567591969474
"ENSG00000119969" 0.0132420183114554 0.00467989402486301 1.98703287994362e-05 0.0033214463959425
"ENSG00000182742" 1.6817703835751e-10 2.73928236299726e-10 8.8000740925338e-10 0.000262144557136962
"ENSG00000174775" 0.000174632289873669 0.000367318732661846 1.67649229827824e-08 0.000163160911718201
"ENSG00000025156" 0.000138674642956151 0.00068648078837756 0.000364848626982519 0.000232699023668852
"ENSG00000171105" 0.00103555075389977 9.28249106301013e-09 1.8355011098561e-08 0.00131333574840663
"ENSG00000164941" 0.000925267613311081 5.7043836417354e-05 2.12786709066811e-08 0.000666364048012432
"ENSG00000116679" 0.00433584129073961 9.97951952202119e-09 0.000198303049783391 0.00276842933198186
"ENSG00000168116" 0.000298818353123606 0.00112380627071666 0.000463598278436573 0.000841030475969503
"ENSG00000113441" 1.13300684558965e-09 2.1375029454151e-09 6.92233897571324e-09 0.00453130764858885
"ENSG00000108848" 0.0094079308420394 0.00332415094193512 0.000967703838520109 0.00754147408535294
"ENSG00000073111" 0.000928958088224778 0.00279727543253953 1.71441279151456e-08 0.00183633931026445
"ENSG00000104738" 0.00337659359283594 0.00645224629745711 6.30579085766905e-08 0.000447660584058119
"ENSG00000100297" 0.00143715640355231 0.00366173130279775 2.85923542782572e-08 0.00224388499237136
"ENSG00000076003" 0.00188101056283158 0.00374735113523625 9.68465902863093e-09 0.00137452152099587
"ENSG00000111554" 0.000114627307001832 0.000303503490237755 2.9405158962008e-08 0.000243321885064409
"ENSG00000108590" 0.000442177027764881 0.000774235418430993 0.000559617763901094 0.00105837733120979
"ENSG00000037757" 0.000132451670636587 0.000144406072062698 6.65163246365648e-06 0.00019675319730412
"ENSG00000095002" 0.0047625568220891 0.00428688150334239 0.00146891307489673 8.36222187314822e-05
"ENSG00000132780" 0.0110140034477517 0.0119397625109776 0.00298004597372225 0.0010318804705676
"ENSG00000114857" 0.00378626662396624 0.000933666099464581 0.000220977355246423 0.00506099829529787
"ENSG00000149308" 0.000843334198951178 0.000198183579263745 2.54579122803942e-08 0.00153560026581487
"ENSG00000120253" 0.000659701770249224 0.00107137572806467 0.000613475640895414 0.000487720071503857
"ENSG00000085840" 0.000543036647925786 0.000797223962318648 3.48522085916861e-05 0.000571896220526266
"ENSG00000079156" 0.000159218527261146 7.49278571286461e-09 8.39905052605258e-09 2.21948028350723e-09
"ENSG00000125779" 0.000815295096651587 0.00060508498827916 3.42312428574825e-08 0.00078998601319926
"ENSG00000169851" 0.000183125106334872 0.000120003860544046 1.41846947492094e-08 8.44610684835833e-09
"ENSG00000132646" 0.00404899680978707 0.00799093304613849 3.51773845680715e-05 0.00411424363475367
"ENSG00000182378" 0.000216444157107263 0.000176860898788105 0.000214611657909377 0.000350454404773313
"ENSG00000064933" 0.00110343747337244 0.00214534882847843 0.00030993630547377 0.0010482065338928
"ENSG00000100941" 0.00778616035208113 0.00189524817249457 1.12288162923983e-07 0.00448479810098545
"ENSG00000077514" 0.000666015447593183 0.00207766383258035 1.96148787387683e-07 0.00175584665150575
"ENSG00000112210" 0.000108593628148045 3.29467709360139e-05 5.43711137494218e-05 2.14919745273135e-09
"ENSG00000160957" 0.000276401195930162 0.000198202683123944 0.000149765667203393 0.000121266399449117
"ENSG00000175643" 0.00063091782773547 0.000617633643242111 9.65797337176575e-05 0.000325034871570309
"ENSG00000125352" 3.10531298548698e-05 0.000141726684643096 2.12738350528002e-08 0.000600974425902635
"ENSG00000185946" 0.000691499869647164 0.000143202905767351 0.000315758206947267 0.00145458407674848
"ENSG00000008952" 0.0103112614674577 0.0050772847363374 0.000858660892792098 0.0138827281917015
"ENSG00000145604" 0.000971941337445153 0.00149046835518698 0.000122803727981028 0.00032848367409978
"ENSG00000163950" 0.000508184187399647 0.000779398151683045 2.80983338093279e-08 0.00139780336587331
"ENSG00000114120" 0.00144434982748717 0.00116955714024129 1.82607426514078e-06 0.00542809325009273
"ENSG00000115875" 0.00697418845109111 0.016010637713253 0.00649770006267353 0.00313570196057388
"ENSG00000114850" 0.00351271635954888 0.00321891218060887 0.000624436632262828 0.0107200688756575
"ENSG00000172660" 0.000826814796819848 0.000494904172023776 0.000474850751192557 0.000628003099308186
"ENSG00000075131" 0.000828291576360691 0.00268753245720007 0.000275457342668723 0.00096794754958703
"ENSG00000163781" 0.00085870122346136 0.00076965838596357 0.000595265919134173 0.00150943210064664
"ENSG00000164548" 0.00136977698192483 0.00244769074369191 0.00058125516728424 0.00395430186320084
"ENSG00000163728" 0.000614121720631442 0.000382126650691197 0.000111685767659713 0.00115545294300055
"ENSG00000012963" 0.000322783565579573 0.000984715623438267 0.000363332484048761 0.00207267153084041
"ENSG00000076248" 0.00118320603463876 0.00364224662505696 6.60050064996746e-06 0.000221907641564311
"ENSG00000145390" 0.000400639703075309 5.17475426972554e-05 2.74501418310724e-05 1.3605439604262e-08
"ENSG00000163159" 0.000919271427316481 0.00152304200424065 0.00182765701049722 0.000325332301975698
"ENSG00000092470" 0.000214646457251564 0.000309586914487266 6.83710084490849e-09 0.00022603213321449
"ENSG00000165724" 0.000231450100660518 0.000417740506484725 1.83836774609378e-08 0.000170413329618228
"ENSG00000165244" 0.000203398286428239 0.000202916753655358 1.30323866917962e-06 0.000279298706572922
"ENSG00000132485" 0.00563383370270836 0.00611965410539236 0.000879953805904659 0.00698591137351852
"ENSG00000114770" 0.000684743469579242 0.000320220042551713 8.09052548165858e-09 5.18090864461171e-09
"ENSG00000144827" 0.000204426211544716 0.000676426743536383 0.000394416646099468 0.000913814321776815
"ENSG00000180071" 0.000165664914245124 0.000177909930898434 1.00754786695156e-07 1.27770414350061e-07
"ENSG00000105011" 0.000115663694125657 0.000592432703196739 0.000224979913124827 0.00108137514482384
"ENSG00000125124" 6.61099351570977e-05 0.000106532769821121 0.000317627268794474 3.92611226632272e-05
"ENSG00000134897" 4.94190759413083e-09 0.000119607110746059 7.416263132775e-05 0.000794603722222016
"ENSG00000197299" 0.00118623660276469 0.000513458287143775 0.000668528499706027 0.000391415702996211
"ENSG00000168283" 2.6280184615185e-05 5.35608434448299e-05 2.53817983227456e-06 0.000511558513323444
"ENSG00000012048" 0.000989353610251212 0.00110854866021818 0.00033826218405171 0.00147253773837636
"ENSG00000136492" 0.000353031367566675 0.000367991502377236 2.88664791326588e-08 0.000371380253476988
"ENSG00000165490" 0.000424120164106053 0.000583201726480021 0.000393581891776825 7.88694687991945e-05
"ENSG00000197603" 0.000197033393017251 0.000255943334607281 1.73943619030208e-08 0.000387260087466783
"ENSG00000122786" 0.00545499518020137 0.0027313142042785 2.79845236000468e-08 3.04513114920787e-09
"ENSG00000143933" 0.0037035100221062 0.00507556932175257 0.00541769082302235 0.00324364041144636
"ENSG00000175455" 0.00197494745797517 0.000647256454967554 0.000408394334476042 0.00130146553290477
"ENSG00000144395" 0.000503698285315028 0.000349913281880103 0.000515921757812213 0.000222059399632725
"ENSG00000186166" 0.000671966299405791 0.000286023555443109 1.70146146788739e-05 0.000690386986458486
"ENSG00000093009" 0.000392737560809655 0.00056887419656721 1.95808480927337e-08 0.000256510859599293
"ENSG00000097046" 0.000825106546329768 0.00152917675851154 0.00089620831324809 0.000626963550389313
"ENSG00000146670" 0.00081102850867472 0.00127027791231034 0.000275177918638447 0.000949370000707976
"ENSG00000168564" 0.000294549811642586 0.000440712369112954 2.38459394870751e-08 0.000527596225200634
"ENSG00000100162" 9.06883470032519e-05 0.00182294787898762 0.00106105708712702 0.00165620717268213
"ENSG00000031691" 0.00167300471205551 0.00142707748499205 5.14285463231288e-06 0.000558980240157595
"ENSG00000172292" 0.000976093953857132 0.000163108576792955 0.000312540404727225 0.00262256978715744
"ENSG00000203668" 0.00302686779016457 5.30494715475311e-09 4.59006592233417e-08 0.000235726250718764
"ENSG00000088682" 0.000216825167106537 9.29488118870263e-05 0.00025128641628663 0.000443642621729588
"ENSG00000139117" 0.000229182224501056 0.000103585176485869 0.000281311903321958 0.00170452976167247
"ENSG00000088766" 0.000942084459746605 0.000844950736197737 0.000234158272937923 0.0016500820816943
"ENSG00000163257" 0.000702362254445622 0.000658593037204958 0.00030090357578746 0.000214242759184618
"ENSG00000121690" 0.000144104073632512 0.000113596427799382 0.000179246840771029 2.74188502244917e-05
"ENSG00000138346" 0.000813515561315602 0.000618508360211918 0.000567873636863173 0.000125666622384078
"ENSG00000162616" 0.00027274148261144 0.000437048526518009 0.000148434517070962 0.00055933405537774
"ENSG00000135720" 0.00232812604679937 0.00223408627947046 0.00029935156796118 0.000791744349948633
"ENSG00000129173" 8.64714019332545e-05 0.00038116709378833 2.060463501028e-07 0.000200865544082782
"ENSG00000148730" 0.00341354824029043 0.00197559207416311 0.00014063282468686 0.00182534752794658
"ENSG00000132199" 0.000525480280964505 0.000549585387297326 0.000605923576042296 0.00205081467900352
"ENSG00000171320" 0.000687088439421194 0.000644187780271079 0.000308370530405814 0.000506625999997002
"ENSG00000174371" 0.000921951406182492 0.000284395755411202 2.30200543713151e-08 0.000337155249835086
"ENSG00000106462" 0.00127396198574181 0.00175888139618434 0.000461394756022423 0.00152087307614216
"ENSG00000119906" 0.000707010768511646 0.000429299119735854 0.000334635937361738 0.000868273664722375
"ENSG00000187741" 0.00048251019596664 0.000109422872483083 3.17457052496645e-08 0.000228174800580203
"ENSG00000140525" 0.00146547545742454 0.00107406768202058 0.000442381164983557 0.00118374366705326
"ENSG00000168496" 0.00103644630125951 0.00176706067213308 7.49709707910708e-07 0.00122069600557569
"ENSG00000023909" 0.000360788590381968 0.000663617181248666 0.00106397146201137 7.15298248909045e-06
"ENSG00000175265" 0.000186307801322962 0.000107300581151015 0.000331858263900804 0.00336622510869469
"ENSG00000215252" 0.000417384095660541 1.64171562707865e-08 0.000169140909810042 0.00098843231374946
"ENSG00000189060" 0.000102216902245488 1.98675231545183e-05 1.88856554271697e-08 4.83131123516118e-05
"ENSG00000180573" 0.00109240639564336 0.000365668474961458 1.03475414694129e-08 0.00062168909300882
"ENSG00000124529" 0.000171565228395687 0.000334573325269348 2.6524084212568e-08 0.000865922155934026
"ENSG00000143493" 0.000450912910491525 0.000351506408810944 0.000274359321951522 0.000777138564027952
"ENSG00000108773" 0.000434685571475196 0.000183702649608835 0.000457293481455716 0.000255538172066209
"ENSG00000114166" 2.48615710111822e-09 4.49960121559916e-06 1.53436264613301e-05 0.000455128693442529
"ENSG00000134901" 0.000274174280671126 0.000144734564877531 1.09428346300006e-08 0.000199745924182287
"ENSG00000187164" 0.000558181554659277 9.07886174942182e-09 9.50695962199604e-09 2.30340463663547e-09
"ENSG00000143013" 0.002781692845795 0.00217546537410679 0.00158166960033578 0.00384904274952091
"ENSG00000186687" 0.000708876325433494 0.00035462918355322 0.00128568823897183 0.000808024939693091
"ENSG00000198162" 0.000901822710113497 3.25921112417234e-05 0.000204566800950369 0.00188794827322548
"ENSG00000169967" 0.000729249154360477 0.000359464616006027 2.38403652922638e-06 0.00227294293987172
"ENSG00000120539" 0.000653691799181223 0.000360960737696369 0.000121415841462015 0.000572232565878651
"ENSG00000129071" 0.000713686797584628 0.000780687367738445 0.00129961691063798 0.00200773624063472
"ENSG00000125885" 0.000822099300364921 0.000565660547932755 2.64292960202521e-05 0.000897063269084354
"ENSG00000151725" 0.00151659442992088 0.00309672653219204 0.000337050645836686 0.000660526824147584
"ENSG00000005810" 0.00117304404956567 4.16495207763685e-06 0.000488885384711694 0.00682032533774906
"ENSG00000138386" 0.000830874863525292 2.66932655263428e-07 4.89285093894939e-07 0.000742710178169078
"ENSG00000078618" 0.00256611872972578 0.00198210091699675 0.00148036760227876 0.00433811920066653
"ENSG00000178694" 3.59168363209939e-05 6.13370315049825e-05 3.48073392520939e-05 0.000309179349270583
"ENSG00000178425" 0.000794436870408835 0.000775247327300981 0.00118338177915363 0.00313653760742955
"ENSG00000030066" 0.00227705799254848 0.00154908294703569 5.18071704833852e-05 0.00030379999571222
"ENSG00000147162" 0.00236466905479465 1.12631587906198e-08 3.5735819527029e-06 0.0038430374226171
"ENSG00000135336" 0.00141630943753784 0.00271868460668504 0.000671090720413638 0.000749443939952905
"ENSG00000164823" 0.000217160953908164 0.000301886608468435 0.000270985050370654 0.00101242861527929
"ENSG00000146247" 0.00636848549033866 0.000572502120864573 0.00122181947893932 0.00636440658139245
"ENSG00000116793" 0.000484294585177908 0.000426684107580176 0.000242727497154384 0.000542064724941196
"ENSG00000006576" 0.000554377009393939 0.000151053248027221 1.49069752766398e-05 0.00240892261125645
"ENSG00000127564" 8.40493123431955e-05 9.1800547733231e-05 1.03171266892481e-08 6.31898267820294e-05
"ENSG00000101868" 0.000433710227400407 0.000898880734500164 0.000818397398088344 0.000682900687607231
"ENSG00000198056" 0.000511665426057216 0.000270879001604616 9.24777366258291e-06 0.000549780302344761
"ENSG00000188647" 0.00168078982516301 0.000302514899739586 2.77871010264738e-08 0.000745629291446319
"ENSG00000070950" 0.000424986003483502 0.000971420722838292 0.00038797014601188 0.00070864314850267
"ENSG00000051180" 0.000335616863174099 0.000889727584356648 3.21949708966329e-07 0.000541884038931592
"ENSG00000111247" 0.00178959983948787 0.00226464512485865 0.00163655417912669 0.00241928463953855
"ENSG00000101773" 0.00190945517578152 0.000714508378538494 2.92087302154524e-08 0.00160158729159169
"ENSG00000068615" 1.90864259222913e-05 2.63652855325082e-05 5.15885798961208e-05 2.15321053507741e-09
"ENSG00000049541" 0.000540962799596196 0.00242448909154672 0.000158020417707467 0.00130796872520567
"ENSG00000164292" 0.000171378091605029 0.000614651175310398 0.00027053612261474 0.000196371012119169
"ENSG00000178966" 0.000885338928846008 0.000912310256185278 3.58626503986018e-06 0.000427523671316608
"ENSG00000117748" 0.000607555578220207 0.00416450415921078 0.00171618344688666 0.00300771267222839
"ENSG00000167325" 0.00256104672233596 0.00277933768102871 0.00151267755359352 0.00461856344469503
"ENSG00000171848" 0.00130942294557513 0.00504130251085668 0.000559107542939604 0.00942086370405223
"ENSG00000111011" 0.00335204075598056 0.00267734449841375 0.00285896113609352 0.00483753660008165
"ENSG00000161526" 0.000785631131209989 0.00218424756477496 0.00173056620654873 0.00124120161715604
"ENSG00000134294" 0.00891039677129098 7.25595921112654e-08 0.00215985583523794 0.00459009176613779
"ENSG00000185591" 0.00117410733499657 0.00114397826880444 0.000110347312545047 0.00125109671752269
"ENSG00000100650" 0.00159555821367979 0.00544590510092891 0.00239412423403854 0.00718322105781261
"ENSG00000198168" 0.000548067689584612 0.00134769803190264 0.000234481354641209 0.0041890097234495
"ENSG00000131747" 0.00895968227335773 1.86344712562069e-08 0.0399372467071816 0.00301960505012863
"ENSG00000115282" 0.000102359420813104 0.00018925290584038 0.000193226548465359 0.000221165328954856
"ENSG00000137941" 0.000294140569027218 0.000198797589672735 5.23467153989054e-06 6.52363865831279e-05
"ENSG00000176890" 0.000542248314047216 0.00143231759224497 0.000710977803669563 0.00420706136634962
"ENSG00000077152" 0.000605813467329686 0.00581134484561524 0.00295589771469158 0.00207027521356145
"ENSG00000122042" 0.000719925326960864 3.36490252886649e-05 0.000118183889961136 0.000794704195954236
"ENSG00000162607" 0.00170847780499258 0.00294279677595803 0.000960715898162721 0.00197267108274519
"ENSG00000122952" 0.000906245975756296 0.00357160753888499 0.00256440735369903 0.00249804728388564
"ENSG00000011426" 0.00155164687158166 2.35204890348547e-06 0.00106491941596942 0.000319716731160767
"ENSG00000065000" 0.00198053571345295 0.00175834759635842 7.00053409310264e-05 0.00217253379367148
"ENSG00000213390" 0.000120774293878915 0.000357068961619179 0.000696058443947963 0.000793920310418751
"ENSG00000122644" 0.00127795212782056 0.00069191044768504 0.000475830245973822 1.81369139419566e-08
"ENSG00000104442" 0.000911587263572943 0.000957450888800807 0.000177544489951376 0.000789434287105721
"ENSG00000171456" 0.00019907817712047 8.414116925489e-05 0.000473703367932491 0.00223077911112074
"ENSG00000119787" 0.000863574269959201 0.000483340054370657 0.00049860095221487 0.000614638112563386
"ENSG00000178999" 0.00125799582967743 0.00294420215788957 0.0073231363859613 0.000884214581647757
"ENSG00000029363" 0.0047195446524801 0.00710004197143235 0.00281386499550933 0.0036479446574377
"ENSG00000136122" 8.56165232080363e-05 0.000118668394298151 0.00117903368820952 0.000439456487031168
"ENSG00000112983" 0.000993977482958742 0.00058804822700171 0.00158720250359903 0.000521438320179724
"ENSG00000154473" 0.00221602608468821 0.00906674940145566 0.0203036504942049 0.00749677333777557
"ENSG00000185347" 0.000100875718587681 3.71975026162166e-09 7.31326354231795e-05 6.23195653462776e-05
"ENSG00000178074" 0.00147322286744035 0.00040126218557925 0.00130241311597614 0.000433708731372647
"ENSG00000164305" 0.0018688767414589 0.00182532987911336 0.00133800795047106 0.00206768617482397
"ENSG00000094916" 0.00554034202116372 0.00751181493681762 0.00564552033371501 0.00230124488446712
"ENSG00000159884" 2.11642124110586e-05 3.43707399768577e-05 1.01737017552762e-05 1.14212786990701e-05
"ENSG00000145386" 0.000347029474157823 0.00188094704060445 0.00256999109901499 0.000993596843847409
"ENSG00000162063" 0.00031828690705286 0.000236718292363005 0.000925654327148023 0.00050751432216321
"ENSG00000130177" 0.0013907196301234 0.00128630939294545 0.000703093296732136 0.00109768854318204
"ENSG00000158402" 0.000128138504317701 0.000598746781190501 0.00165798975307175 0.000226097527317581
"ENSG00000184661" 0.000697453962380646 0.000455715716413253 0.00300446514385482 0.000632064472295462
"ENSG00000111665" 0.000305488153966265 0.000557784788487285 0.00364599051388212 0.00100140543640465
"ENSG00000134690" 4.88440354783937e-05 0.000835941046348652 0.00392555232741438 0.00123407810678436
"ENSG00000170312" 0.00158823328986933 0.00125464766151103 0.0149976675455946 0.00204854903909266
"ENSG00000111276" 6.97760372142361e-05 0.00036798010883726 0.000602218422456231 0.00160102989290947
"ENSG00000123080" 1.6855905119103e-10 2.71937000331325e-10 8.99178511681868e-10 0.000546133244364911
"ENSG00000140743" 0.000313224814432303 0.000153041547276384 0.000139947282122879 0.000671150299934433
"ENSG00000120334" 0.000557536851643652 1.33277006657734e-07 0.00085391795323443 0.00040078141163902
"ENSG00000135837" 0.00280804338168133 7.09454948983356e-09 0.000788412547725208 0.00389613015420277
"ENSG00000197766" 1.46266277020407e-05 4.28122218993941e-08 5.47519667624183e-05 3.7794289315193e-09
"ENSG00000003402" 2.87991903162604e-09 5.20781051302436e-05 2.40753258916404e-07 0.00706124049948792
"ENSG00000183765" 0.000761683041218878 0.00129216094468769 0.00123170355618405 0.000172314679923702
"ENSG00000136108" 0.000827077964454793 0.00271745180553293 0.00638454011274937 0.00186402426953375
"ENSG00000169607" 0.000317046241002329 0.000334139844430118 0.00305702029393215 0.0004293581671737
"ENSG00000105443" 0.000368096497232928 0.000251120105620997 0.000462951877757997 0.000368631296674895
"ENSG00000136485" 0.000768435946209996 0.000901247928844491 0.00312650511631817 0.00296468796503257
"ENSG00000067596" 0.000797362022664864 0.000822042685655154 0.000738205698554767 0.000685382877579348
"ENSG00000132002" 0.000453616664978735 0.000764068449270849 0.0010754792010898 0.000546843590482412
"ENSG00000187097" 4.78783801026026e-05 0.000148720765298593 3.23413028401013e-05 0.000218880848671329
"ENSG00000135476" 0.000522751698541617 7.17954033561972e-05 0.000345318556703712 0.000549510768856607
"ENSG00000168040" 0.000403578813017547 0.000777713898080083 0.000510013607079689 0.000806079786071246
"ENSG00000101447" 0.000654478131240614 1.19362314755784e-07 0.00187583716817911 7.8855375141063e-05
"ENSG00000198690" 6.68518750742359e-05 0.000229344676985889 3.19827124925628e-08 3.0271786000343e-05
"ENSG00000144554" 0.00122340592839852 0.00148534964377414 0.00175601684209657 0.000870330065025593
"ENSG00000092140" 0.00216844057398981 1.862394408013e-06 0.00520426773427431 0.000407897507479738
"ENSG00000104064" 0.000637284048382883 0.000964946222510082 0.000791004038636635 0.000500303092634692
"ENSG00000180447" 6.88030715144692e-05 0.000126713789744385 4.33749620232962e-08 2.26019674394941e-09
"ENSG00000139354" 0.000104852665294444 0.000201065428069653 0.000763210480014607 8.3149644083014e-05
"ENSG00000188486" 0.000520913274787759 0.000887560738093676 0.00135603809382717 0.000358190105483267
"ENSG00000131351" 0.000249737502121945 0.000654599505730635 0.00160864714808068 0.000508876786590339
"ENSG00000111911" 1.99173451762974e-05 0.000329238556285205 0.000239470472504546 0.000735218232250595
"ENSG00000064393" 0.00143474809234962 0.00138240450688229 0.000356184176629056 0.00598910481814616
"ENSG00000123485" 0.000504780008782309 0.000308276921142195 0.0039442837354725 0.00090158696945911
"ENSG00000164104" 0.00230440479567503 0.0100550162582228 0.0199119457655102 0.0148868320441847
"ENSG00000189159" 0.00151418163964113 0.00682824417855829 0.00659052868367446 0.0007378745666991
"ENSG00000127483" 0.00131414235107755 0.00114654350365815 0.00248132178568507 0.00433965638517456
"ENSG00000132541" 0.0012198719306457 0.00333176867982336 0.00174255426142542 0.00190896743542974
"ENSG00000142166" 0.000275378173398647 0.000275313658736989 0.000641717225045165 0.0012387129002446
"ENSG00000183856" 0.000335838375031502 7.25364657869902e-05 0.000234924202530173 0.000214902881390822
"ENSG00000186625" 0.000347709106590775 0.000468460479154268 0.00101734487370348 0.000901587254523026
"ENSG00000104756" 0.00014499010975995 0.000170410057416697 0.000691681483392239 0.000340826690010049
"ENSG00000066135" 0.000981158071650378 0.000359612680741558 0.0012786525981119 0.000666135637946407
"ENSG00000163507" 0.000835818454072166 0.000709364686346766 0.000687329922418299 0.000475190917877789
"ENSG00000138160" 0.000834558095240946 0.000385410329640065 0.00263688674555764 0.000732991481438632
"ENSG00000138182" 0.00509537834821062 0.00107441170457542 0.00514913088692283 0.00409291303641034
"ENSG00000079616" 0.000408064154813515 0.00220782672668225 0.00256745419076021 0.00127911462260034
"ENSG00000137807" 0.000955641364034334 0.000296171886554283 0.00553174101760584 0.000406590035298365
"ENSG00000170759" 0.00250890940557524 0.00108937179924731 0.0027175879502545 0.00296555346393741
"ENSG00000067082" 6.35284535529724e-09 0.000650362159575967 0.00224402952994111 0.0101870618265799
"ENSG00000182481" 0.00574145861144451 0.00859926303093327 0.0340859113068565 1.10431888052447e-08
"ENSG00000143815" 0.00346530020171428 1.36572549186122e-05 0.00197634201936478 0.00244178343634635
"ENSG00000152022" 1.59620734353973e-09 9.70456522025918e-05 1.15427315119126e-05 0.000832967855150026
"ENSG00000113368" 0.00224177521831239 0.00330059590178481 0.00244032337488629 0.00237017550936206
"ENSG00000164109" 0.00177483422559019 0.00672440827223045 0.00598230274125579 0.00242333547891185
"ENSG00000165304" 0.000682788252544154 0.00109624950668097 0.000849945015340138 0.000620877995583768
"ENSG00000168282" 0.000552164117514298 0.000205863261015269 0.000247424185940498 0.00140190191231122
"ENSG00000101871" 0.00157018563804377 3.92835279402979e-08 5.66710489837773e-08 2.2584886185617e-09
"ENSG00000129534" 0.0024955790415546 0.00135638013009 0.0035587532290159 0.00422387255372763
"ENSG00000121211" 0.000450373497246658 0.00182999353536653 0.00134145672164414 0.00107406231710734
"ENSG00000151503" 0.000483796992058154 0.000687424060162904 0.000531090237562212 0.000457495118123767
"ENSG00000121152" 0.000654876892583868 0.00139264739347998 0.002117982484808 0.001507738000865
"ENSG00000124160" 0.000439153930111327 0.000415276370911286 0.000472336790004048 0.000422370331245571
"ENSG00000080986" 0.000739430316600539 0.000811342385275134 0.00493637368250638 0.000862661366094052
"ENSG00000109674" 9.80669300915656e-05 0.000178217272895986 0.000328478257611135 0.000132075647413919
"ENSG00000141905" 1.13425234053532e-08 0.000150187574139225 7.43909297539295e-05 0.00116251261542481
"ENSG00000164190" 0.00247618705580023 0.000988868871650419 0.000949231892786269 0.00316496434605264
"ENSG00000197696" 0.000170492745606757 0.000129807555742977 2.23584587062774e-08 2.96662148244264e-08
"ENSG00000113580" 5.81560788361106e-07 0.000339831593325076 0.000948345237781933 0.00935967353123276
"ENSG00000069275" 0.0229824629628687 0.00588297384400056 0.00796250997032685 0.00548259263048095
"ENSG00000137497" 0.000294005100510146 0.000193821664708218 0.000197262206662953 0.000819820817787371
"ENSG00000137804" 0.000797315830154637 0.0035793751360244 0.01453527518135 0.00595378196459601
"ENSG00000140451" 0.000807395210814772 3.5266958441808e-09 0.0016468373068334 0.000186305600609395
"ENSG00000160199" 0.000526642533181258 1.71689842430509e-05 0.000340254826450406 0.00018408004363975
"ENSG00000051341" 0.000372150011508691 0.000358842586156363 8.66072263125522e-05 0.00114860468584924
"ENSG00000184203" 0.000277559151291439 0.00082196364010404 0.000403332944173464 0.00211841953331531
"ENSG00000108671" 0.00391130954657189 0.00990225837054515 0.00408227782235593 0.00289962981279596
"ENSG00000134222" 0.000269009019047633 0.000516386190102741 0.00180856032254816 8.23649081531732e-09
"ENSG00000100401" 0.000727269912114985 0.00152059203819928 0.00152426078463628 0.000163641048353037
"ENSG00000166965" 0.000244050735615592 1.54877889959292e-08 0.000283532964649687 0.000102960953635037
"ENSG00000072042" 0.00388778756721982 0.00270505819380425 0.000207579887837916 0.00351847891677439
"ENSG00000110315" 0.000584420736903333 0.000745019401224514 0.000885496218249118 0.000801648055722854
"ENSG00000164105" 0.000181744613019622 0.000241011421935179 0.000535457633339932 0.000638222440372407
"ENSG00000165480" 0.00132273367137517 0.000955874182681914 0.0015736046885054 0.000520935525849697
"ENSG00000113810" 0.00414216303676311 0.000568246560117353 0.00432430272837358 0.0038680574512039
"ENSG00000115415" 6.35737475533897e-08 0.00067190117040135 0.000953596086844007 0.0108396326523525
"ENSG00000123473" 0.000424490550874166 0.000184092837670285 0.000564094013026594 0.000678026156319786
"ENSG00000081320" 4.52469972303252e-09 1.11250240020531e-05 0.000297936464362963 0.00283955249020276
"ENSG00000172340" 0.000471592805475521 0.000468607216842328 0.000192352822636904 0.00103617812156843
"ENSG00000137203" 2.53721902779754e-10 4.1650665951508e-10 1.0899068302854e-09 8.42596054240552e-05
"ENSG00000102265" 0.00106743122745113 0.00087593882644438 0.000231292647004283 0.00725783483630027
"ENSG00000167920" 8.86430002070579e-06 0.000428629816170103 0.00054542833399201 0.000562898916749106
"ENSG00000120802" 0.00217474432306809 0.00332085657711965 0.00319127267867101 0.0035381521423158
"ENSG00000105576" 0.0010754804333188 0.00124243997744496 0.00112125096797823 0.00108791070573775
"ENSG00000183763" 0.00024059996736215 0.000239272354244155 0.000542304577135946 0.000378646018368147
"ENSG00000213186" 0.000410821569828395 0.0006210892720868 0.00084213759541356 0.000354966335302629
"ENSG00000099899" 0.000120698199450438 0.000237589927394805 1.97031987195152e-08 0.000409735954906581
"ENSG00000116830" 0.00140500731959993 0.00122157389660537 0.00129106444387333 0.00176452539141815
"ENSG00000167552" 0.00249909280875586 0.00891225644508138 0.00506584272807419 0.000675619700963884
"ENSG00000196230" 0.0109111586628923 0.0313053977886705 0.0246266640617113 0.0130497864206926
"ENSG00000137267" 0.00218133133681703 0.00156641575269093 6.96295151139001e-06 4.62981960712245e-05
"ENSG00000188229" 0.000993685791725071 0.0039362124102761 0.00351948308026017 0.00228457103195291
"ENSG00000108423" 0.000312420017906237 0.000480692332647038 0.000382909902244443 0.00044832706554967
"ENSG00000137831" 0.0013594439130319 5.52704636904491e-07 0.000232894367682897 7.70653447014634e-05
"ENSG00000175063" 0.000881251485534488 0.00392166612516526 0.0269484409246333 6.4850608898267e-05
"ENSG00000131475" 0.00119869318656675 0.00280764770381894 0.00217410974427359 0.00154329087476722
"ENSG00000009844" 0.0011556499190274 0.00290624931800336 0.00176760849380366 0.00278713567746898
"ENSG00000109046" 0.0017499790719188 0.00220811133104109 0.00354692140880125 0.0108288354509026
"ENSG00000198466" 0.000595143261863146 6.37290250857995e-08 0.00010146943028955 0.000285900360747668
"ENSG00000174276" 2.65947478458065e-05 9.48232132696442e-05 4.69999669355763e-05 9.50783337269384e-05
"ENSG00000135541" 0.000991893134220212 0.000469386507580968 0.00072975986945812 0.00153114858344501
"ENSG00000135334" 0.000572370524973794 0.000592700836611138 0.000284738876423589 0.0013096160690095
"ENSG00000154945" 0.000544979712351001 0.000810898002650204 0.0001819971221776 0.000715879281013691
"ENSG00000136938" 0.00162230114460689 1.63239281031333e-05 0.00111233481202081 0.00830316921394501
"ENSG00000143401" 0.00636264597464734 0.00329032311771067 0.0039506059557374 0.00461584752928247
"ENSG00000170540" 0.00296225105288548 0.00089869186808955 0.00338915389137328 0.00330479450162768
"ENSG00000171681" 0.00109722437192538 0.000261929431370762 0.00057770782236383 0.00126054880781252
"ENSG00000087586" 0.00073614895127439 0.000362821687680878 0.00837528339119632 0.00035378120759684
"ENSG00000110330" 0.00051971588399902 0.000876794647784902 0.000239516423740702 0.0024970937754761
"ENSG00000089685" 0.000825545237254251 0.00260045020101781 0.00366912803364693 0.00052858204161214
"ENSG00000169679" 0.00225330783764679 0.00162580760161053 0.00504281296133583 0.00133950993702371
"ENSG00000182985" 0.000607352058480394 1.90960407900983e-08 1.79496307877307e-06 0.000389181785863021
"ENSG00000115355" 0.00498072095365487 0.000698500747234166 0.00102966445988194 0.00445060740989564
"ENSG00000137500" 0.000845146755209322 0.00179124277944967 0.00219134916333268 0.00295903353563453
"ENSG00000157456" 0.000232750132905722 0.00402474389282781 0.00602170436417768 0.000964864603567868
"ENSG00000117399" 0.000451556599566145 0.00374602926373355 0.00606554652370965 2.79090629282535e-08
"ENSG00000101224" 0.000200648084003686 0.000306638069404259 0.000668792735317166 0.00138605394733822
"ENSG00000004897" 0.000917678473634191 0.00010422915415452 0.00159746929407192 0.00136972141666726
"ENSG00000128283" 5.89521327241497e-05 4.85659744385935e-05 1.90527901318506e-05 2.35473526768708e-09
"ENSG00000115163" 3.95651544465687e-05 6.96550117070111e-06 0.000651825363755027 0.000344981377683119
"ENSG00000138778" 0.00309147500038629 6.96284423757977e-09 0.00938415110392463 0.00113720576136024
"ENSG00000117724" 0.0131320217161685 9.22049117199982e-09 0.0229507021715151 0.00106920586362404
"ENSG00000138180" 0.000117766278753597 0.000152609782111097 0.00114264017929887 0.000840146987372605
"ENSG00000122966" 0.000631504583111108 0.000327252175648946 0.000498114264308336 0.000387851641611656
"ENSG00000175216" 0.00155713933648965 0.00215110932133382 0.00596320787281549 0.00129844649320614
"ENSG00000173207" 0.0114708849937003 0.00864665188356739 0.0235898292226042 0.00206954743593438
"ENSG00000123975" 0.0104339894068745 0.00883234287077775 0.0423503468691696 0.00532024670749791
"ENSG00000182973" 0.000619958637743467 0.00129100742926204 0.000151645448332334 0.000932827362508596
"ENSG00000170037" 0.000124406545472258 7.99678444476057e-05 0.000363109120156568 0.00047859610486254
"ENSG00000102974" 0.00124944079728715 0.00175013109731943 0.00134939331747595 0.00145569630973331
"ENSG00000044115" 0.00395442989357281 0.00276095045189572 0.00181072800127987 0.00101010429363493
"ENSG00000198561" 0.00178433664757097 0.00160012873858686 6.1529093653535e-05 0.000810467075574621
"ENSG00000024526" 0.000536616616794613 0.000179095400457748 0.00405496000465508 0.000202419999670126
"ENSG00000035499" 0.00075868230077021 0.0015785848134621 0.00222695973426462 2.54460283242197e-05
"ENSG00000139734" 0.00116222330625524 0.000152526662851342 0.000880892936703464 0.000662536473795969
"ENSG00000126787" 0.00292225575195605 0.00123411332123349 0.00818138870364942 0.000649761226752847
"ENSG00000086061" 0.00554872751612877 0.0131273686123093 0.00686490248803135 0.00468830953555213
"ENSG00000117505" 0.000823620006320837 0.00177435336144426 0.00125881473113659 0.00161086708956496
"ENSG00000198919" 0.000789091451403936 0.00100388185580897 0.000526518033611574 0.000963865426638862
"ENSG00000133740" 0.000382502207523414 0.000360955446152618 2.03546888786551e-08 0.00037314039757831
"ENSG00000114346" 0.00117947021364462 0.00103823076559673 0.00316550212242759 0.000248306845377841
"ENSG00000129195" 0.0015329749744644 0.00225046661101934 0.000480646689520217 2.44295431467107e-09
"ENSG00000111206" 0.000356451226679052 0.000424574941582507 0.000504293487137476 0.000158525662616545
"ENSG00000010810" 0.000908362236302013 0.000334706785537102 0.00025627367929317 0.000839999932366952
"ENSG00000116717" 0.000248344805947599 1.25054682424136e-06 9.85371154296659e-05 0.00195629198805064
"ENSG00000120053" 0.000343577988932572 0.00116229632118831 0.000878543105672507 0.00103807071871125
"ENSG00000198055" 7.97250719930602e-05 0.000320535158687491 0.000395231735015735 0.000627116615346444
"ENSG00000075218" 0.000609728289466393 0.000483731963188602 0.00403193034357271 0.000876699354219135
"ENSG00000172534" 0.00210502071428601 0.00180055845257222 0.000175575703142177 0.0013539483142958
"ENSG00000064961" 0.000227076195104855 0.000281458347838192 0.000157862235185637 0.000316345875285304
"ENSG00000029993" 0.00372496284876446 0.00582791109805126 0.00146268801614524 4.89702464437363e-09
"ENSG00000072571" 0.00107328978213305 0.00131049016004682 0.00779418740495341 0.00141150369190556
"ENSG00000100099" 0.000586739382958757 8.55667324026746e-05 0.00018432139836679 0.00157994357880636
"ENSG00000153936" 0.000770379697489861 0.000300049219540337 3.46717314092215e-05 0.00138745332104484
"ENSG00000155304" 0.000815897470761177 0.000348201424119816 0.000835176883934626 0.00207713348264042
"ENSG00000109971" 0.0246788309455711 0.0341703057646428 0.0206531126544648 0.0047810135508762
"ENSG00000132849" 0.00106086553592251 1.07721474047818e-08 1.70808093161486e-07 0.000292195790731775
"ENSG00000118193" 0.00111186714506215 7.5594954230838e-09 0.00368790172382112 0.000404847938190513
"ENSG00000142945" 0.000438932800189848 0.000502889483799372 0.00275639659479091 0.000949546827294134
"ENSG00000119138" 2.49331880270807e-09 1.81839700229499e-09 3.53479378912636e-05 0.000681631181757198
"ENSG00000160789" 0.000452975995762616 2.71437242667756e-05 3.41904458096215e-05 0.00167440804005552
"ENSG00000148773" 0.00142121240391589 5.38460090421863e-05 0.00533517673028083 0.00472286896263335
"ENSG00000130396" 0.0034376477566142 0.000150903892833311 0.00050560161368324 0.00112651373802547
"ENSG00000204899" 0.00039991179734242 0.00186689131335456 0.00157924871100846 0.00257435069423832
"ENSG00000010292" 0.00124435196233413 0.000823688906440788 0.00280117909753148 0.00192771129728407
"ENSG00000117650" 0.000324679144392981 0.000223559892483246 0.00208721321856244 0.000383220838165763
"ENSG00000143228" 0.00101126695314786 0.000268419123535366 0.00307687334185452 0.00139029998491929
"ENSG00000163002" 0.0014809505779906 0.00123960086212299 0.00125811682928934 0.0004243342516667
"ENSG00000110713" 0.0014187982690332 0.000400645523537627 0.000907320397479374 0.000882891911651126
"ENSG00000136811" 0.000175781820019107 1.21424147718976e-08 0.000617904125169448 0.000655393943821717
"ENSG00000149716" 0.000129804061601221 0.000148176802840653 8.38083072490492e-06 8.36208684583131e-05
"ENSG00000168078" 0.000106974225664642 0.000252024711860459 0.000886943118067452 0.00186001358007528
"ENSG00000165494" 0.000950285875152512 0.000421210982058764 0.000604500411390018 0.00142224711425454
"ENSG00000166851" 0.000308639223519028 0.000956271191237343 0.00545734837012031 0.00064808412142013
"ENSG00000164087" 0.000136905865518638 0.000563185291324155 0.000647008783076333 0.000161508973568438
"ENSG00000196313" 0.00113332890061548 0.000836455622259177 1.71362444192358e-07 0.000301383809008247
"ENSG00000161542" 0.000448009524408059 0.000620581911336461 0.000297951771993031 0.000704493530233116
"ENSG00000068489" 0.00157876090449405 0.000282251849023283 0.00475178016042515 0.00228304690365611
"ENSG00000157778" 1.65436013558228e-05 0.00178387616167434 0.00059954265129632 0.000266464503787227
"ENSG00000112245" 0.00127544809738736 0.00137037558463004 0.0004800318261246 0.00376541801322828
"ENSG00000169410" 0.00061969295515923 0.000257205371127128 0.000200091868811341 0.000418715952651502
"ENSG00000136045" 0.00360451928794245 0.00442433874205469 0.00135034596766509 0.00295387543151458
"ENSG00000198218" 0.00123625291314426 0.00107308912671874 0.000522261972590972 0.00112074725571849
"ENSG00000108384" 0.000638351186600884 0.000902983662653615 0.000668215759621457 0.00184932746389795
"ENSG00000131795" 0.00206634376911591 0.00507724679796745 0.00294441249545219 0.00109958387051549
"ENSG00000159200" 8.30200299987221e-05 6.46083996957948e-05 7.02859414665241e-07 0.000252036048434721
"ENSG00000142599" 0.00265082569441487 0.000190129319402199 0.000375989738008289 0.00207965650589167
"ENSG00000070423" 0.000152801732334195 0.000789122704974341 0.000315995183591657 0.000388603925238769
"ENSG00000205937" 0.00182522648811291 0.00409298859656153 0.00111548503752553 0.000932085662918039
"ENSG00000160214" 0.000233532436709605 0.000452264547502824 4.26124482747399e-05 0.000252977990439593
"ENSG00000086475" 0.0114931406001847 0.00391597268740675 4.54389378135684e-08 4.83150335450368e-09
"ENSG00000183955" 6.39559261429118e-05 0.000205383771784217 0.000386316056693621 0.000659910695091358
"ENSG00000116560" 0.00746237472277201 0.00666760657401488 0.00438863892491946 0.00652825688717501
"ENSG00000163535" 0.00149919689059453 1.22924922164263e-05 0.00514208371832555 0.00145795738373619
"ENSG00000171241" 0.00014888170264451 0.00037294160432506 0.00105614942108585 0.00112753214623696
"ENSG00000099956" 8.57900915702164e-05 0.0018688090945122 0.000747235986340299 0.00095616698663027
"ENSG00000066117" 0.000312058214924595 0.00115369575089755 9.83537335924925e-05 0.000271448882175101
"ENSG00000076382" 0.00122970040970467 0.000477441519037519 0.00224276711802609 0.00190253220406251
"ENSG00000115306" 0.00502660438186434 4.40176024100849e-07 1.60812568428453e-07 0.00726542470015088
"ENSG00000112658" 0.000652983116893038 0.000762894590815932 0.000441100621342466 0.000447038948434794
"ENSG00000112081" 0.00874460097923174 0.024939006942699 0.0222085907905145 0.00507070062984223
"ENSG00000141380" 0.000633498847446518 0.00145374998940135 0.00130478712351554 0.000745357963255153
"ENSG00000110066" 0.000587963331019094 0.000813239373969249 0.000230558058457623 0.000860239663387874
"ENSG00000013810" 0.000682147271093073 0.00114665385124587 0.00141145304844547 0.000308192286356024
"ENSG00000054118" 0.00447861766054864 0.0085350757926491 0.00293393065643926 0.00499349632276641
"ENSG00000140332" 0.000722651608413278 0.000938630721382997 0.000355797436736174 0.00211915329597542
"ENSG00000149483" 0.00069339089130895 0.000674950783928871 0.000705558057770202 0.000883830684156442
"ENSG00000083312" 0.00323890949019769 0.00194041984890179 0.000805539145326855 0.00137220603670403
"ENSG00000025772" 0.000427933908688165 0.00111863971466815 0.000894886862082781 0.0007352987788942
"ENSG00000088325" 0.00115647505948042 0.00130799392098237 0.00657112518449116 0.00106313579574932
"ENSG00000071539" 0.000323326486803492 0.00123670939610045 0.000540661911651342 9.07675022549263e-05
"ENSG00000074319" 0.000582683982373383 0.00179767462996288 0.000813230846544653 0.00140762686160938
"ENSG00000211460" 0.0013369180314318 0.00369820565699341 0.00174641406769148 0.000682376101163412
"ENSG00000112742" 0.00121179847392914 0.000891077810915582 0.00410333836076118 0.000925189815948327
"ENSG00000115514" 0.000943590323918367 0.00262190081325066 0.0033088277164565 0.00136745612184785
"ENSG00000198431" 0.00171394673521125 0.00312483244072071 0.000327987234965188 0.000798661711192207
"ENSG00000109332" 0.00419218060474157 0.00829262997107423 0.00348615385628933 0.00838613298940551
"ENSG00000058056" 0.000439322979516342 0.000432745667506493 0.000324211864557628 8.12230831615693e-05
"ENSG00000156256" 0.00120314629578885 0.00107420106287494 0.00152369851775464 0.00307304408507262
"ENSG00000173218" 0.000323488126203665 2.01587255453891e-08 0.000435877375326202 0.000190340479475391
"ENSG00000170473" 0.000309007418927201 0.0020439269083645 0.00130249375001157 0.000362150015128641
"ENSG00000128245" 0.00275651584623465 0.00228831081716689 0.00158269073249284 0.00100825050505605
"ENSG00000091732" 0.000648560407639231 0.00169292291597519 0.000956980098270225 0.000712312399363667
"ENSG00000005889" 0.000185562914974106 0.00041272792947208 0.000268794047911046 0.000363076871679616
"ENSG00000197056" 0.00100164229316805 2.98016827939813e-06 0.000986239136131881 1.15845509665e-05
"ENSG00000010244" 0.00492968690367302 0.00463372841976048 0.000732538394864447 0.00514839812429037
"ENSG00000173744" 0.00113431338917839 0.000807120247942025 0.000714498856838855 0.00218666260064248
"ENSG00000160216" 2.14330318676559e-10 3.44305038231723e-10 1.22105459017775e-09 0.00158222254579536
"ENSG00000170776" 0.00102685216685794 0.000569809278034252 0.00103082591754332 0.00650732949760415
"ENSG00000169604" 0.00107951564293361 5.83816229551692e-05 9.50313347545729e-09 2.76934715698545e-09
"ENSG00000151929" 0.000144778892773763 0.000195181860841663 6.8340709470724e-08 2.29022868542703e-09
"ENSG00000132640" 0.000843662084667742 0.000714489923242721 0.000207386007191296 0.000126647715720632
"ENSG00000122565" 0.00731404373140798 0.0147733050401675 0.0081385616805274 0.00815949338278874
"ENSG00000070831" 0.00167400943557561 0.00363275801956832 0.00244339856007275 0.0068999165164199
"ENSG00000134058" 0.00128407546972428 0.00241669039972439 0.00137827771599496 0.000866673998050528
"ENSG00000100526" 0.000867741673971524 0.00169602059979411 0.0059912187405476 0.00252903515468526
"ENSG00000114107" 0.000444003255573831 0.000998651551975421 0.000884971955190995 0.000221345436678873
"ENSG00000143771" 0.00826148746060576 0.00380104686859651 0.0071388682091921 0.00233040147200167
"ENSG00000198730" 0.0011332997591092 0.00112552885954934 0.00114468934238989 0.00168395509126357
"ENSG00000150316" 0.0024948299776977 0.0036863062265851 0.0031362893410435 0.00431904632799321
"ENSG00000162290" 0.000602796999601919 0.000666834218573022 0.000532633058263222 0.00130047363937316
"ENSG00000104671" 0.000348705331182237 0.000514051912342994 0.000690423604600372 0.000744984452746926
"ENSG00000182108" 3.22976268352511e-06 2.74847803389205e-05 6.4030517257439e-06 3.91874324876173e-05
"ENSG00000130826" 0.00308767777782389 0.00559461928800979 0.000782087180706172 0.00178634174618351
"ENSG00000105993" 0.0024002799569527 0.0027579232455461 0.0014549087066061 0.000897400990730975
"ENSG00000096696" 0.000801886369707712 1.83704228508201e-08 1.21531293153274e-08 2.3058698505734e-09
"ENSG00000088986" 0.00764299150588093 0.0154004598393565 0.00882901748123957 0.00258761957760267
"ENSG00000134014" 0.000331729275242984 0.000729963089960925 0.000175699349498488 0.0006678852988415
"ENSG00000160767" 0.00101726450895697 5.67700957750323e-08 3.50510877461278e-08 0.000238405611658221
"ENSG00000139146" 0.00742391972006106 0.0091017132943766 0.00416414205217624 0.00352207767569238
"ENSG00000133393" 0.00104680475411751 0.000983559393681211 0.0016495052133 0.002090585353842
"ENSG00000141568" 0.000883240864186252 0.000241477411849249 7.32583049195686e-06 0.00145149664495209
"ENSG00000114416" 0.00440894356329207 0.00377967543803919 0.00238784713665058 0.00533528731038412
"ENSG00000145907" 0.00741136170830606 0.00877051460935402 0.00435106571574958 0.00216826776778732
"ENSG00000179348" 8.35048031703519e-10 1.73110195351155e-06 2.34949806498756e-09 1.81582873851803e-09
"ENSG00000078369" 0.00242775065870453 0.00489789976473069 0.00157500728837956 0.00574117793217683
"ENSG00000109519" 0.00101468700463837 0.00269625518697499 0.0013156113684128 0.00193172427488241
"ENSG00000103342" 0.00298716593587055 0.00353751365453434 0.000649357799799857 0.00315134644051606
"ENSG00000125484" 0.00122112738481019 0.000821730608815446 0.000473397857825048 0.000527671589367464
"ENSG00000100644" 0.00283387262207295 0.00227932829050547 6.06134565312115e-05 0.00190152370826967
"ENSG00000113161" 0.00453747191639342 0.00187688347435707 1.29703475235413e-05 0.00177833009501881
"ENSG00000198189" 0.000333389701510682 0.000247449924953104 0.000266602246784234 0.00092510948718173
"ENSG00000143621" 0.0113947728026084 0.0120646138881691 0.00550347046059805 0.0028860490476946
"ENSG00000171988" 0.00759047071508346 5.65661210129459e-05 7.50230571132135e-05 0.00341147252253581
"ENSG00000117139" 0.00497870343789232 3.00058659699679e-08 0.000336452608705947 0.000521905677277765
"ENSG00000100578" 0.000140304420165506 0.000506145129397203 0.000890546113379538 0.000850331389412358
"ENSG00000108424" 0.0106084300848888 0.011125188220148 0.00410344347442017 0.00696497445695391
"ENSG00000133703" 0.00238592306586449 0.0015042314862888 0.00114379426939834 0.000586835521549891
"ENSG00000155506" 0.0067000237063065 0.00338328881899132 0.00211233787253283 0.00326302390547506
"ENSG00000174720" 0.107466154981714 0.00167180529658878 0.00298878360841324 0.0012830596656826
"ENSG00000121931" 0.000121683841484056 0.000431292082435574 0.000851451163020984 0.00230474524958819
"ENSG00000145220" 0.00202104711873469 0.00297027894464425 0.000608420850961182 0.00103865070576713
"ENSG00000123562" 0.00266150259261381 0.00708525243751901 0.00355884528394276 0.00356693744983037
"ENSG00000115364" 0.00108568827748922 0.00253808056919013 0.00077393720065748 0.00109170043825178
"ENSG00000204568" 0.000776428262512241 0.00298930695692866 0.00239106260785015 0.00484059644121766
"ENSG00000122140" 0.000237201950973329 0.00169986027364053 0.000614154543972727 0.000557973554916084
"ENSG00000188895" 0.000917036376082601 0.000526476878731926 0.000756359713484669 0.00124790589514566
"ENSG00000105887" 0.000161753112001534 0.000504827013612026 0.000118668816043014 0.00120284918339886
"ENSG00000124151" 0.000483306310151851 0.000115383186026997 0.000246218974684863 0.00683863458455639
"ENSG00000162599" 7.47305632912147e-05 8.36308936550474e-09 1.23825867742177e-08 2.13465681310216e-09
"ENSG00000108256" 0.00404016444979555 0.000135260849697264 0.000450633830503497 0.00157234730487133
"ENSG00000075188" 0.000998436277423825 0.00251592777576245 0.00208772250187479 0.00231567676301007
"ENSG00000054277" 0.000142945928596158 3.98813341168407e-05 1.15994311913518e-08 0.000109302886415025
"ENSG00000111845" 0.00234249767249152 0.00420439637151589 0.000627132908111371 0.000449817568092719
"ENSG00000105355" 0.000492119983459388 0.00156722687055295 0.00178904597103353 0.00279736045020445
"ENSG00000113575" 0.00155530979820515 0.00267353136220759 0.00125699089534978 0.00143482717448071
"ENSG00000221914" 0.00245824908674662 0.000825043492720561 0.000470600002082019 0.00277945337185716
"ENSG00000110075" 0.00183054375075072 0.000664811730868173 0.000578016597057906 0.00166357001671792
"ENSG00000198901" 0.000536740792103538 0.00020196818741057 0.00397332518722429 0.00162508732549542
"ENSG00000080815" 0.000565688885789326 0.000443015300399233 1.61286269544251e-06 0.00166691014987972
"ENSG00000159335" 0.00017933381264074 0.00209392374470549 0.000413995890543092 0.000405334018124986
"ENSG00000164611" 0.00558975552726268 0.0118664191162205 0.0193733510256566 0.00704690332139317
"ENSG00000164754" 0.00366141223936992 0.00476065656376316 0.00246317245782784 0.0046887148893039
"ENSG00000132341" 0.0149011073194753 0.0396369940452279 0.0234358604032556 0.0174414288182632
"ENSG00000106615" 0.00110241243162871 0.00135388298561232 0.00043137908847786 0.000193723285875297
"ENSG00000142541" 0.00438693983661136 0.0272997093822846 0.0167198494917371 0.0787842126968535
"ENSG00000196950" 0.00583355636678533 9.02982678646384e-07 0.000528018921971282 0.000206435308430451
"ENSG00000169371" 0.000500734134166396 0.00128086592056362 0.00125108783413425 0.000782330009363445
"ENSG00000118007" 0.00033992338548471 0.000259519166835572 0.000185593376711771 0.000733013069459658
"ENSG00000135316" 0.00626713041138108 0.0086380297899873 0.00225897401327164 0.00377036961638778
"ENSG00000085231" 0.00249662167434267 0.00431128338533066 0.00312030025801809 0.00524781239864
"ENSG00000113649" 0.00328339602136465 0.0020174285172112 0.00109054858625369 0.0030964177657357
"ENSG00000183864" 0.00173886537218403 0.00172438533055729 0.00166598027056611 0.00184522783246833
"ENSG00000198900" 0.00270379140339615 0.0037604583626808 0.0016360021760226 0.00373073131555681
"ENSG00000135451" 0.000343239335042536 0.000879840373221046 0.00139076477938895 0.000483871607869852
"ENSG00000102804" 0.00152134397325111 0.0021133732460435 0.000375123628109628 6.13468834693128e-09
"ENSG00000130338" 0.000338338043736996 0.000152022092611913 0.000411381858034535 0.000326466866237114
"ENSG00000035403" 0.00777207666185565 0.00112254897720896 0.000457829653503281 0.00045476436880294
"ENSG00000171475" 0.000772937699013117 8.48456466793451e-05 0.000638878896385803 0.00138995368156452
"ENSG00000113645" 0.000783117544523465 0.000212401276211579 2.42226770252776e-08 1.00574810611692e-05
"ENSG00000100811" 0.0039786797689306 0.00277327905114747 0.000383012454418909 0.00377457436165064
"ENSG00000178951" 0.000772772295305221 8.33064691056127e-06 1.18298786532136e-05 0.00093944558539547
"ENSG00000155329" 0.00146959471470023 0.00260042066472101 0.00104799188126217 0.00217928951203871
"ENSG00000172466" 0.00200761516301978 0.00203645991325911 0.00118864161081462 0.00218101605681419
"ENSG00000162702" 0.0075096754323159 0.000642636835214033 4.62881598307318e-06 0.00131095777519376
"ENSG00000142684" 0.000362447357312751 0.0011271076974431 0.000608289325742513 0.000574973274906057
