"1" "2" "3" "4" "5"
"NA19098.1.A01" 0.494698360078062 0.346351120856574 0.0979817970917186 0.060699000789718 0.000269721183927171
"NA19098.1.A02" 0.667613276038105 0.191308600405778 0.0902696303227778 0.0501284777111464 0.000680015522193122
"NA19098.1.A03" 0.532115859823399 0.290406653616733 0.12845162428784 0.0484510624482474 0.000574799823780419
"NA19098.1.A04" 0.481443357641952 0.295809126619165 0.133724020751075 0.0664075648137836 0.0226159301740254
"NA19098.1.A05" 0.583970328173674 0.224234861407013 0.117028243506342 0.0523464909323465 0.0224200759806243
"NA19098.1.A06" 0.639471084237591 0.124329922772434 0.13270158296158 0.0725140029899361 0.0309834070384582
"NA19098.1.A07" 0.626282778875906 0.208432782039738 0.108732660434541 0.0560785387869638 0.000473239862851232
"NA19098.1.A08" 0.628309721024122 0.0880803295869638 0.128340288954966 0.0815356318343769 0.0737340285995716
"NA19098.1.A09" 0.662847002404519 0.0954168707288265 0.158487635446753 0.0598445703232415 0.0234039210966603
"NA19098.1.A10" 0.630655858955696 0.0857772416752095 0.134816776179201 0.0819513033728307 0.0667988198170635
"NA19098.1.A11" 0.585608461671879 0.236214529804478 0.102716894383321 0.0752376630372293 0.000222451103092038
"NA19098.1.A12" 0.717177946770484 0.114180144357683 0.103603678847431 0.0619150675760409 0.00312316244836124
"NA19098.1.B01" 0.717310828833867 0.111334998725841 0.0839615645537555 0.0557822703977125 0.031610337488824
"NA19098.1.B02" 0.672081870259882 0.111238054881359 0.151105299818384 0.064679742004502 0.000895033035872435
"NA19098.1.B03" 0.486666906460957 0.294292233203771 0.11169624617745 0.0933586902355745 0.0139859239222475
"NA19098.1.B05" 0.621487907412428 0.131458307879032 0.142860302151124 0.0657992481326771 0.0383942344247389
"NA19098.1.B06" 0.547031957141704 0.256120355342192 0.100614417699127 0.0622171062925102 0.0340161635244673
"NA19098.1.B07" 0.72486470703011 0.116071505059574 0.0891516704783941 0.0562210761821134 0.0136910412498087
"NA19098.1.B08" 0.664399408876688 0.058948712694194 0.136463639157681 0.103610046091882 0.0365781931795545
"NA19098.1.B09" 0.505929968064705 0.186763653767588 0.207228475496944 0.0872419472051269 0.0128359554656363
"NA19098.1.B10" 0.255467061431873 0.474473814744511 0.204503855559959 0.0529641416903704 0.0125911265732868
"NA19098.1.B11" 0.525997748331624 0.257978944198264 0.133225420568591 0.0794699526385372 0.00332793426298417
"NA19098.1.B12" 0.690672252630946 0.094057164508715 0.128616685439681 0.0654951158335953 0.021158781587063
"NA19098.1.C01" 0.686186288819725 0.148758122609743 0.0957951431269591 0.0687591225325513 0.000501322911021901
"NA19098.1.C02" 0.698258924558295 0.140752861486076 0.0714486074700893 0.0698339533576719 0.0197056531278677
"NA19098.1.C03" 0.606540753568576 0.23149101922624 0.0924042602336216 0.0604233260950335 0.00914064087652872
"NA19098.1.C04" 0.574098438695681 0.231031220839469 0.107823394004625 0.0472917766894495 0.0397551697707759
"NA19098.1.C05" 0.527688128614215 0.242039778961674 0.11811169352397 0.0716534878776832 0.0405069110224586
"NA19098.1.C06" 0.618829504197496 0.172976774830485 0.125059281948254 0.0805785345941124 0.00255590442965199
"NA19098.1.C07" 0.691457866046904 0.112892991667429 0.104188288282795 0.0887800881956887 0.00268076580718338
"NA19098.1.C08" 0.546269430955832 0.292552445553585 0.10750558001356 0.0532663080798954 0.000406235397126909
"NA19098.1.C09" 0.625493377905293 0.188491238126984 0.118550659717186 0.0669794604162859 0.000485263834250941
"NA19098.1.C10" 0.721111905448013 0.124676780077804 0.073474986379547 0.0559733246783734 0.0247630034162625
"NA19098.1.C11" 0.634357861702537 0.138208313721437 0.0849953410376342 0.0916291360682755 0.0508093474701159
"NA19098.1.C12" 0.482196351932717 0.314274172228079 0.125876651711255 0.0772510445421891 0.000401779585759351
"NA19098.1.D01" 0.50737611625579 0.332216062812712 0.0915659091990175 0.0473785297844682 0.0214633819480125
"NA19098.1.D02" 0.589635677312009 0.176626019610185 0.113322061111857 0.0748058972696382 0.04561034469631
"NA19098.1.D03" 0.730639201098284 0.128462833850498 0.0797108522513825 0.0531801091886306 0.00800700361120448
"NA19098.1.D04" 0.631400012222723 0.176784926708963 0.0993304361361312 0.0756069975079368 0.0168776274242468
"NA19098.1.D05" 0.399321659951892 0.471974231882806 0.0780134210122563 0.0503428172332094 0.000347869919836707
"NA19098.1.D06" 0.624040970426324 0.108881191854214 0.099820456529559 0.078184932951194 0.0890724482387097
"NA19098.1.D07" 0.0713796589439265 0.706130995047664 0.150570340139531 0.0713325807216219 0.000586425147255967
"NA19098.1.D08" 0.540416239217761 0.222246042667037 0.098454035895571 0.0909259805451857 0.0479577016744452
"NA19098.1.D09" 0.540215545509033 0.26418434846387 0.118918212888794 0.061651952298613 0.0150299408396889
"NA19098.1.D10" 0.66303454114884 0.176247686312554 0.093452430108163 0.0662665483682326 0.000998794062210556
"NA19098.1.D11" 0.506556076795284 0.306159255797953 0.13487595514668 0.051394008965435 0.00101470329464812
"NA19098.1.D12" 0.753005671475256 0.124433712376054 0.0604684521341788 0.0540508365674586 0.00804132744705227
"NA19098.1.E01" 0.587856893220101 0.164705036540257 0.148300354548854 0.057136786024889 0.0420009296658993
"NA19098.1.E02" 0.639735707096726 0.167826184644623 0.102569559332949 0.073240559148333 0.0166279897773695
"NA19098.1.E03" 0.690245120770204 0.139773928800566 0.0927382411741183 0.0568676035241781 0.0203751057309331
"NA19098.1.E05" 0.624557763693578 0.253370335758625 0.0738301999592092 0.0480148550602071 0.000226845528380467
"NA19098.1.E06" 0.609967542476507 0.193710251476905 0.10849825443168 0.0594382944601058 0.0283856571548014
"NA19098.1.E07" 0.454783374010487 0.37227260944818 0.107358998886081 0.0653857524182743 0.000199265236977646
"NA19098.1.E08" 0.664880032007047 0.12604517808925 0.0904440446935369 0.0780149514370019 0.0406157937731639
"NA19098.1.E09" 0.607480447717193 0.169618462934076 0.113618936395134 0.0885239060078436 0.0207582469457534
"NA19098.1.E10" 0.662478081494245 0.129657916913567 0.102867112648613 0.0647024843904926 0.0402944045530832
"NA19098.1.E11" 0.540982379152797 0.362169472017588 0.00579501945129174 0.0906691541791294 0.000383975199194068
"NA19098.1.E12" 0.630513667740967 0.177956612465363 0.12041146468815 0.0629118935936003 0.00820636151192004
"NA19098.1.F01" 0.543607445597903 0.135867901253414 0.184101031247766 0.106279676258134 0.0301439456427831
"NA19098.1.F02" 0.697898778706372 0.0767449677022562 0.107496961218709 0.0628574034300127 0.0550018889426495
"NA19098.1.F03" 0.723915399467252 0.150688789975367 0.0655427354999752 0.0567852111675027 0.00306786388990305
"NA19098.1.F04" 0.411579182118965 0.365533794437909 0.149570381914582 0.0497175007177838 0.02359914081076
"NA19098.1.F06" 0.150253764166854 0.652351198363811 0.143092883629981 0.0538006843779182 0.000501469461435966
"NA19098.1.F07" 0.498264196737703 0.321247207822417 0.123233028231829 0.0565659052264494 0.000689661981601064
"NA19098.1.F08" 0.579301398470066 0.270112230643262 0.0788769358463968 0.0605726151080876 0.0111368199321878
"NA19098.1.F09" 0.688066172136962 0.144822163430216 0.0972427823310241 0.0696281900529915 0.000240692048806318
"NA19098.1.F10" 0.707803047025319 0.0960627504935975 0.106733241925122 0.0577946402164629 0.0316063203394982
"NA19098.1.F11" 0.695636232379726 0.158464822436082 0.0876068341836448 0.0570531213716803 0.00123898962886607
"NA19098.1.F12" 0.598491742408586 0.231878900274773 0.0947851183340553 0.0744701478366042 0.000374091145981896
"NA19098.1.G01" 0.524044220285304 0.335248437490787 0.0746031354967436 0.0658086759340083 0.000295530793157877
"NA19098.1.G02" 0.668948566218939 0.0965943913229531 0.152626967181409 0.060391151527828 0.0214389237488704
"NA19098.1.G03" 0.482201018184446 0.302938993455323 0.122820670910764 0.0650990706719946 0.0269402467774724
"NA19098.1.G04" 0.580982067809945 0.228956485302881 0.085262155502537 0.0639675111101735 0.0408317802744637
"NA19098.1.G05" 0.657950552983347 0.164189909139557 0.0967575738069503 0.0685722617469869 0.0125297023231589
"NA19098.1.G06" 0.585567017695468 0.208087223732048 0.0969644063395014 0.0746825467614868 0.0346988054714955
"NA19098.1.G07" 0.52953131630615 0.289307915870113 0.0928308167130989 0.0870784479399201 0.00125150317071771
"NA19098.1.G08" 0.623805729485924 0.159451876770052 0.152757942288607 0.0563854643187275 0.00759898713668968
"NA19098.1.G09" 0.595726522162007 0.154384108379918 0.145221964725285 0.0593141447416266 0.0453532599911628
"NA19098.1.G10" 0.666395005802614 0.140563763345372 0.0858523425098914 0.0755807342365472 0.0316081541055752
"NA19098.1.G11" 0.654258233893952 0.127632146938599 0.0963009126055218 0.0772575553856787 0.0445511511762479
"NA19098.1.G12" 0.593417306782406 0.270810261383844 0.0801471763945321 0.0553459319255922 0.000279323513625282
"NA19098.1.H01" 0.687583170955793 0.156227812753657 0.0938442526236958 0.0592369864779607 0.00310777718889311
"NA19098.1.H02" 0.527290062164836 0.287950503197221 0.12456822132707 0.0598861412796789 0.000305072031194474
"NA19098.1.H03" 0.451683333620682 0.293442670730663 0.155459726035448 0.0554599642656833 0.0439543053475248
"NA19098.1.H04" 0.634032677974555 0.213338139984197 0.0970068603404327 0.0519532586823755 0.00366906301844032
"NA19098.1.H05" 0.70020776990583 0.199457248559352 0.0489003248373108 0.0510241855969374 0.000410471100570459
"NA19098.1.H06" 0.289780065821405 0.430118071718822 0.193747748851166 0.0611824646099303 0.0251716489986766
"NA19098.1.H07" 0.487767573823902 0.260389296601756 0.140259537533718 0.0622953141680724 0.0492882778725519
"NA19098.1.H08" 0.261995308812204 0.301207665805449 0.293375409154705 0.0650970461390234 0.0783245700886186
"NA19098.1.H09" 0.400315299507552 0.184976196568424 0.303603098098149 0.0426326985128605 0.0684727073130144
"NA19098.1.H10" 0.609739927155283 0.149099429181272 0.144327163350804 0.0537153251785809 0.0431181551340605
"NA19098.1.H11" 0.650962589763969 0.163328740717432 0.0986905034018588 0.0610607461751781 0.0259574199415614
"NA19098.1.H12" 0.521446281890474 0.324466007341593 0.0940646463577101 0.0592635661250271 0.000759498285195919
"NA19098.2.A01" 0.0462651642730073 0.720558477557062 0.156196463914792 0.0765418955428271 0.000437998712311096
"NA19098.2.A02" 0.690745863522773 0.161282627995717 0.0817173006640643 0.0660047579393946 0.000249449878051425
"NA19098.2.A03" 0.700313735482882 0.157492579282219 0.0818993419080516 0.0601597926433457 0.000134550683502172
"NA19098.2.A04" 0.728470000685509 0.0918275363478827 0.0977361977955506 0.0603941737839471 0.0215720913871103
"NA19098.2.A05" 0.754876582979151 0.11714846927102 0.0473190944092824 0.0800761825262438 0.000579670814302512
"NA19098.2.A06" 0.189132840569459 0.522118192523709 0.212299202745603 0.0548173608022166 0.0216324033590119
"NA19098.2.A07" 0.735402824503783 0.0957719885468289 0.0830118109616868 0.0851442151720782 0.000669160815623472
"NA19098.2.A08" 0.721795871513643 0.0766334061407689 0.131935411277298 0.0680014816498126 0.00163382941847777
"NA19098.2.A09" 0.259264826907002 0.370187929806986 0.236911549140875 0.054516851040496 0.0791188431046409
"NA19098.2.A10" 0.636666620585337 0.211428602939 0.0894020583439828 0.0620738760097561 0.000428842121923859
"NA19098.2.A11" 0.686152204518704 0.0755868637795088 0.143351622657145 0.0685956766549212 0.0263136323897212
"NA19098.2.B01" 0.203486383741516 0.485935349636954 0.208475421503928 0.0582251110513613 0.0438777340662408
"NA19098.2.B02" 0.704084149741624 0.155834119959536 0.0588384575827691 0.0766936907525509 0.00454958196352002
"NA19098.2.B03" 0.70972717755948 0.15404946230637 0.0606240622594351 0.0744442205628442 0.00115507731187023
"NA19098.2.B04" 0.69908335729539 0.106174042899208 0.120673450338334 0.0598949103512121 0.0141742391158556
"NA19098.2.B05" 0.714485432683546 0.121050059648619 0.078808044428087 0.0785721075876284 0.00708435565211934
"NA19098.2.B06" 0.738025887768609 0.105102356172629 0.0732372682823376 0.0820829895676307 0.00155149820879462
"NA19098.2.B07" 0.712555722613993 0.154636952836343 0.0606933900671773 0.0715817538331968 0.000532180649289503
"NA19098.2.B08" 0.730649148777948 0.125539729041596 0.0622583391898731 0.0811712751002829 0.000381507890299702
"NA19098.2.B09" 0.692692166040542 0.117598795604058 0.0940240663370077 0.088333763578457 0.00735120843993517
"NA19098.2.B10" 0.773843926599582 0.0906292150016435 0.0735241443908275 0.0617782932876574 0.000224420720289437
"NA19098.2.B11" 0.205071978264565 0.507697215983765 0.205039387978612 0.0660459311105072 0.0161454866625509
"NA19098.2.C01" 0.626473971852828 0.231586320873645 0.0704174162006955 0.0671485986767761 0.00437369239605621
"NA19098.2.C02" 0.61445666538034 0.179734547140323 0.118882644370815 0.0862132060631662 0.000712937045355468
"NA19098.2.C03" 0.616108006488484 0.175469380872354 0.119757158535648 0.0848590106007175 0.00380644350279639
"NA19098.2.C04" 0.376491057682523 0.160898620154459 0.318430101684816 0.053014811023127 0.0911654094550749
"NA19098.2.C05" 0.644074334461478 0.175353264204482 0.112788622949624 0.066894559683171 0.000889218701245148
"NA19098.2.C06" 0.531838355937114 0.330397378069203 0.0559588079667927 0.0762974572989647 0.0055080007279253
"NA19098.2.C07" 0.650167211631995 0.23359251766844 0.0398153887936677 0.0760393778671033 0.000385504038793534
"NA19098.2.C08" 0.646849634899731 0.123982912213684 0.132453539497625 0.0719663463095127 0.0247475670794467
"NA19098.2.C09" 0.173937456549203 0.52896882441639 0.195900888829835 0.0739659753752754 0.0272268548292965
"NA19098.2.C10" 0.595438754076533 0.161412380938194 0.145478214818322 0.061397102771039 0.0362735473959121
"NA19098.2.C11" 0.703862829996641 0.122608098359143 0.108223470328772 0.0646298997618047 0.000675701553638943
"NA19098.2.C12" 0.725692132751287 0.137866665020284 0.0845161793748273 0.0512124610288216 0.000712561824780722
"NA19098.2.D01" 0.650836810681136 0.221326026233625 0.0730787917018865 0.0545538060104221 0.00020456537293065
"NA19098.2.D02" 0.408200815909389 0.363764913210817 0.144969900564756 0.0603314412114652 0.0227329291035731
"NA19098.2.D03" 0.444368679366199 0.338478339763264 0.133036759302567 0.0612759632141578 0.0228402583538129
"NA19098.2.D04" 0.540847033580115 0.268750383751262 0.0926281465746241 0.068586603013057 0.0291878330809426
"NA19098.2.D05" 0.72116954984876 0.133388131640438 0.0621949620586488 0.0804981811060459 0.00274917534610753
"NA19098.2.D06" 0.678152685805446 0.156969126977935 0.0820245407794205 0.0823140914760962 0.000539554961102154
"NA19098.2.D08" 0.673063195449772 0.164368732832321 0.0784920037751825 0.0656437445631721 0.0184323233795532
"NA19098.2.D09" 0.163361427003262 0.609255405576112 0.171935399008012 0.0526259027550431 0.00282186565757045
"NA19098.2.D10" 0.58099801586594 0.226762154523819 0.101802681460324 0.0658972693748038 0.0245398787751135
"NA19098.2.D11" 0.677468452709702 0.133326625593445 0.0924650576989547 0.0879743749154669 0.00876548908243219
"NA19098.2.D12" 0.716552076183717 0.134190426254566 0.0781412530689594 0.068823320369601 0.00229292412315741
"NA19098.2.E01" 0.705392188750738 0.159567470239436 0.0855749532383715 0.0490464636799962 0.000418924091458783
"NA19098.2.E02" 0.726858677267696 0.112824598612988 0.0899131694156366 0.063097307007815 0.0073062476958641
"NA19098.2.E03" 0.720360743706254 0.117960357224263 0.0995122959385131 0.0613488554562288 0.000817747674741012
"NA19098.2.E04" 0.198707133666402 0.519460206109868 0.180579077435677 0.0505645088030838 0.0506890739849686
"NA19098.2.E05" 0.611399051177311 0.200040030048342 0.128036262684922 0.0600262226064809 0.000498433482943863
"NA19098.2.E06" 0.697276860270402 0.157373183553744 0.0930827269245083 0.0520633497483914 0.000203879502954037
"NA19098.2.E07" 0.436857889428178 0.475958620626782 0.0374579810944963 0.0495877351010608 0.00013777374948221
"NA19098.2.E08" 0.706595598462569 0.148041515976191 0.0796047057411703 0.064153944176229 0.00160423564384034
"NA19098.2.E09" 0.783573253409322 0.0947770166639538 0.0614149377182058 0.0598936981058719 0.000341094102646879
"NA19098.2.E11" 0.716182643496196 0.119702128192231 0.0714518054809599 0.0816308528313001 0.0110325699993124
"NA19098.2.E12" 0.620288185024631 0.215013981019392 0.0951942092770263 0.068611069751359 0.000892554927592587
"NA19098.2.F01" 0.202691910061213 0.545762859224662 0.164807124989436 0.0689069287422597 0.0178311769824294
"NA19098.2.F02" 0.712096660859332 0.137102293387183 0.0825734412976628 0.0680192763244509 0.000208328131371351
"NA19098.2.F03" 0.711681789588451 0.135178693186966 0.0846275370400019 0.0677853171040394 0.000726663080541802
"NA19098.2.F04" 0.578501782971472 0.268948115566063 0.0802858019239909 0.0670076751815371 0.0052566243569376
"NA19098.2.F05" 0.726734954276908 0.0960123387352389 0.0747723390042827 0.0780215285443904 0.0244588394391796
"NA19098.2.F07" 0.68996754424122 0.171686400432475 0.0581859936071988 0.0709167104387216 0.00924335128038488
"NA19098.2.F08" 0.691993518424081 0.188058446806862 0.0566804624234239 0.0606718779932741 0.00259569435235928
"NA19098.2.F09" 0.778737673262441 0.0999975032859421 0.0694798198665648 0.0514698180060164 0.000315185579035334
"NA19098.2.F10" 0.671615643843646 0.182739279597624 0.0874774214968592 0.0571242799994936 0.00104337506237689
"NA19098.2.F11" 0.231809523037196 0.461606085459386 0.213275086683415 0.0666174182151162 0.0266918866048862
"NA19098.2.F12" 0.755687361252036 0.124437327630445 0.0621344434142091 0.057565181680853 0.000175686022457167
"NA19098.2.G01" 0.247874547220919 0.498976852724032 0.152313355360794 0.0619182467030911 0.038916997991164
"NA19098.2.G02" 0.684940996353777 0.130266222771317 0.122914318456237 0.061677577562382 0.000200884856287289
"NA19098.2.G03" 0.685301286658498 0.134363374592819 0.120941138376789 0.059147170773702 0.000247029598192236
"NA19098.2.G04" 0.808275563265102 0.0665643533962082 0.058052919635599 0.0661852287232044 0.000921934979886797
"NA19098.2.G05" 0.475390794075896 0.365695296757688 0.102454750282489 0.0526089905158267 0.00385016836810026
"NA19098.2.G06" 0.663342364285383 0.155744441970155 0.105836765790751 0.0621018219306975 0.0129746060230138
"NA19098.2.G07" 0.683062653021254 0.144233121977402 0.0826077900864211 0.0825615492079296 0.00753488570699348
"NA19098.2.G08" 0.655178563738435 0.18604148414221 0.084695661667259 0.0675965928754065 0.00648769757668947
"NA19098.2.G09" 0.712988515879568 0.135486627595814 0.0907109132010137 0.0601906899630918 0.00062325336051273
"NA19098.2.G10" 0.373795008239254 0.190644428726275 0.303750892452127 0.0456355189158583 0.0861741516664854
"NA19098.2.G11" 0.509186444504115 0.219528503171211 0.189966656084986 0.0574286142767409 0.0238897819629472
"NA19098.2.G12" 0.637840876354241 0.131365189464838 0.130153142737925 0.08625285809336 0.0143879333496366
"NA19098.2.H01" 0.290886683807563 0.429168779506547 0.191077953000933 0.0563907485383695 0.0324758351465874
"NA19098.2.H02" 0.642522963178834 0.163265966439494 0.129284628592967 0.0578145275896674 0.00711191419903695
"NA19098.2.H03" 0.634231661377045 0.171202560136028 0.133123057444471 0.0596318823481975 0.00181083869425769
"NA19098.2.H04" 0.658356383385613 0.130324895526283 0.120344155978695 0.0567565932103215 0.0342179718990868
"NA19098.2.H05" 0.754407060193964 0.0713085973083716 0.114601730746853 0.0545039216974606 0.0051786900533502
"NA19098.2.H06" 0.586215017878546 0.26552825707734 0.0713826991925674 0.0592906894811142 0.0175833363704329
"NA19098.2.H07" 0.252287503385445 0.451780803232677 0.233488195642402 0.0525282475482657 0.00991525019120974
"NA19098.2.H08" 0.180013153228399 0.599794024918912 0.157328098949377 0.0606603662323928 0.00220435667091947
"NA19098.2.H10" 0.719752443178667 0.100196420637955 0.110545150304617 0.068713115766531 0.00079287011223033
"NA19098.2.H11" 0.686510083458978 0.154995261421211 0.0987840643441615 0.0582947118985995 0.00141587887705063
"NA19098.2.H12" 0.233092857466867 0.544163774028596 0.159412844304217 0.062668630758616 0.000661893441703788
"NA19098.3.A03" 0.729183312204461 0.101436501289837 0.105821351123692 0.0629986179406783 0.000560217441331559
"NA19098.3.A05" 0.287204659177659 0.518590607506677 0.127869152432102 0.0612630226891035 0.0050725581944582
"NA19098.3.A06" 0.60141663253178 0.226500817337216 0.0975206578296356 0.0625926944522018 0.0119691978491669
"NA19098.3.A07" 0.356015056392875 0.43844103842434 0.139402118932389 0.0593874714700299 0.00675431478036677
"NA19098.3.A08" 0.695062831820741 0.158748224474772 0.066974107346898 0.0788560524095078 0.000358783948081916
"NA19098.3.A12" 0.683370799438292 0.14349338983352 0.100822542055486 0.0638615215885432 0.00845174708415929
"NA19098.3.B01" 0.57665174410943 0.221856704762109 0.135302900885436 0.0577656684308 0.008422981812226
"NA19098.3.B02" 0.3734880067705 0.355648154473509 0.19656287809715 0.0582045231767842 0.0160964374820575
"NA19098.3.B03" 0.729144907633326 0.110146220234098 0.0963005146040407 0.0640868547227524 0.00032150280578271
"NA19098.3.B04" 0.773188205173303 0.0886498634926491 0.0597141813578126 0.077947601116093 0.000500148860142507
"NA19098.3.B05" 0.741785532306547 0.100773944126834 0.0744066448016324 0.0730734477820657 0.009960430982921
"NA19098.3.B06" 0.43571666915621 0.257625558096286 0.212240615156254 0.0609562713825623 0.0334608862086881
"NA19098.3.B07" 0.785192881353244 0.0909827909220591 0.0670966472837758 0.0566285281397329 9.91523011885327e-05
"NA19098.3.B08" 0.688087074076221 0.0488324030900379 0.207030060087789 0.0555539234388287 0.0004965393071237
"NA19098.3.B09" 0.745042146834456 0.0442274233678391 0.141784460072129 0.0537772435795378 0.0151687261460375
"NA19098.3.B11" 0.724574883587043 0.160711234986062 0.0418014729748715 0.0727473218100549 0.000165086641968314
"NA19098.3.B12" 0.666749712123829 0.151574477167751 0.092792617696703 0.0811080771899768 0.00777511582173991
"NA19098.3.C01" 0.696714613650552 0.177901512581796 0.0604555165704861 0.064703466674188 0.000224890522977422
"NA19098.3.C02" 0.500057708107837 0.0904280156570982 0.275001087154266 0.0542706946191521 0.0802424944616474
"NA19098.3.C03" 0.588673890331082 0.245691510806898 0.104173344119908 0.0559192351476873 0.00554201959442489
"NA19098.3.C04" 0.721267932636169 0.142294831643768 0.079637362304892 0.0557924523732953 0.00100742104187615
"NA19098.3.C05" 0.713176111682707 0.141215535089706 0.0766502740999143 0.0685322565483596 0.000425822579313282
"NA19098.3.C07" 0.28627848302475 0.462026152361549 0.16644033648365 0.0667896026325884 0.0184654254974632
"NA19098.3.C08" 0.424466857267849 0.145858169469496 0.27281864440238 0.0614608642622393 0.095395464598036
"NA19098.3.C09" 0.774791802386573 0.0781582891460465 0.0627016987384851 0.0785862797159054 0.00576193001299058
"NA19098.3.C10" 0.748161786358783 0.106005055344907 0.0919586237022231 0.0535393288049241 0.000335205789162553
"NA19098.3.C11" 0.717231766631971 0.173350790171559 0.0511558679470515 0.0576569862586273 0.000604588990791137
"NA19098.3.C12" 0.639683943524654 0.233390702581601 0.0613247868212106 0.0654575558933787 0.000143011179155809
"NA19098.3.D01" 0.340843827394593 0.327555362706389 0.21001622820866 0.0508316231698023 0.0707529585205556
"NA19098.3.D02" 0.446087997237117 0.264792175286954 0.192282956135546 0.0677337673736109 0.0291031039667728
"NA19098.3.D03" 0.754007052604158 0.100651900916646 0.0671317935955704 0.0769578278115828 0.00125142507204319
"NA19098.3.D05" 0.749634804281234 0.11025206199038 0.0539542304921908 0.0800443481576384 0.006114555078556
"NA19098.3.D07" 0.745134154678371 0.0369082571520628 0.141269965728931 0.0637011884072564 0.0129864340333782
"NA19098.3.D09" 0.716752885630314 0.135329045055588 0.0710970832029446 0.0764939119417149 0.000327074169438276
"NA19098.3.D10" 0.71146484738412 0.157565594770335 0.069711126270161 0.0609420394673275 0.00031639210805706
"NA19098.3.D11" 0.6581451833751 0.192336307806848 0.07035827703108 0.0718295773051107 0.00733065448186139
"NA19098.3.D12" 0.553681700045919 0.311092448687839 0.0729457110538218 0.0618736357388444 0.000406504473576042
"NA19098.3.E01" 0.719874649574052 0.115537649812844 0.105697280037399 0.0569260742917587 0.00196434628394719
"NA19098.3.E02" 0.747779672882288 0.127545192774085 0.0680077372822189 0.0561311036304678 0.000536293430940506
"NA19098.3.E03" 0.740240897241167 0.111796523714485 0.0815559259640652 0.0643010142698947 0.00210563881038782
"NA19098.3.E04" 0.668663900271522 0.212100806444568 0.0530776511676877 0.066008683534188 0.000148958582033937
"NA19098.3.E05" 0.276209069420818 0.46807656977567 0.181420161055464 0.0624134861485083 0.0118807135995406
"NA19098.3.E06" 0.36639550527573 0.360319336700318 0.186483809610933 0.0648782190186863 0.0219231293943324
"NA19098.3.E07" 0.40006215526635 0.400145947763937 0.115134502836111 0.0845643445753651 9.30495582382107e-05
"NA19098.3.E08" 0.299151657323588 0.514950198662861 0.114273720973804 0.0595748390177809 0.0120495840219668
"NA19098.3.E09" 0.381045569059383 0.4089408191969 0.151824493263241 0.0567157867267296 0.00147333175374704
"NA19098.3.E10" 0.728532736350176 0.0988501300455 0.0912207789904336 0.0809706750731252 0.00042567954076554
"NA19098.3.E11" 0.803268000016993 0.0763948696316905 0.0667473219645465 0.0530218374976281 0.000567970889141365
"NA19098.3.E12" 0.714875907211609 0.124460739055354 0.10530483756857 0.0550024154223314 0.000356100742134764
"NA19098.3.F01" 0.445899520500206 0.179476917360833 0.250546201671327 0.0537991889762866 0.0702781714913475
"NA19098.3.F03" 0.660101934084623 0.172035661711261 0.0936516455985006 0.0608498488174218 0.0133609097881937
"NA19098.3.F04" 0.665559475524688 0.195031294188108 0.0783085450409321 0.0608907521445549 0.000209933101717643
"NA19098.3.F05" 0.657554739643696 0.247342256468073 0.0314236515557349 0.0633248037529355 0.000354548579560983
"NA19098.3.F06" 0.683551599729787 0.186769867430812 0.0753244083200529 0.0528125439116671 0.00154158060768036
"NA19098.3.F07" 0.482392951954178 0.389724079157667 0.0594925556727715 0.0676561927665245 0.00073422044885866
"NA19098.3.F09" 0.739731673267542 0.103129763268799 0.0961789857245602 0.0606978389251712 0.0002617388139276
"NA19098.3.F10" 0.692219414178519 0.16675562928278 0.0477771179122246 0.0824863975095648 0.0107614411169117
"NA19098.3.F11" 0.262574397359527 0.519833184418054 0.137366477079764 0.0674806004432446 0.012745340699411
"NA19098.3.G01" 0.760471351538772 0.0682836876369342 0.114299457014925 0.0531335923209082 0.00381191148846115
"NA19098.3.G02" 0.350727310441215 0.421197966757772 0.159397013174603 0.0642780598569457 0.00439964976946457
"NA19098.3.G03" 0.281916094114752 0.50016364755315 0.137713381948306 0.0615930683634616 0.0186138080203298
"NA19098.3.G04" 0.351880824067713 0.474560258763829 0.102452604420047 0.0658136393928842 0.0052926733555272
"NA19098.3.G05" 0.830539501128671 0.0743580697935815 0.0225330419271427 0.0721235733259344 0.000445813824669941
"NA19098.3.G06" 0.674318239425214 0.188828134217439 0.0804321900981381 0.0552396305167972 0.0011818057424118
"NA19098.3.G07" 0.363601811549654 0.418907922354208 0.1460574899774 0.0579446051863153 0.0134881709324233
"NA19098.3.G08" 0.367253177066093 0.381161830000318 0.160483911219809 0.0592474867127276 0.0318535950010524
"NA19098.3.G09" 0.439128618150663 0.323431711248744 0.133320454209836 0.0605730840930906 0.0435461322976658
"NA19098.3.G10" 0.81565183067484 0.0638085113203539 0.0595826931523996 0.0608573361338268 9.96287185800573e-05
"NA19098.3.G11" 0.304855608453894 0.494083025888007 0.146866942935029 0.0529209108585112 0.00127351186455877
"NA19098.3.G12" 0.324435217508323 0.444969724848284 0.15306955874896 0.0566528107263077 0.0208726881681244
"NA19098.3.H01" 0.369612012249722 0.321035620309014 0.20481456838653 0.0582623225586503 0.0462754764960841
"NA19098.3.H02" 0.64286601736718 0.220224320294079 0.0595389631832627 0.0594379615026957 0.0179327376527822
"NA19098.3.H03" 0.692416172380844 0.151378255187789 0.0719900178979577 0.0820352667287041 0.00218028780470526
"NA19098.3.H04" 0.758861932689034 0.0474577930380013 0.106277961052741 0.0822632199138716 0.00513909330635163
"NA19098.3.H05" 0.66767692268849 0.174002678143536 0.0965936070821989 0.0589246821616261 0.00280210992414875
"NA19098.3.H06" 0.727294083523054 0.153032091231737 0.0615169031042303 0.0579201863090553 0.000236735831924025
"NA19098.3.H07" 0.420536210320791 0.204492487734661 0.289247515493034 0.0569937253948453 0.0287300610566689
"NA19098.3.H08" 0.389558586377123 0.356671597238229 0.185500893138237 0.0627906117199168 0.00547831152649406
"NA19098.3.H09" 0.4702403727194 0.322304700977405 0.135033532522339 0.0475125817024561 0.0249088120783994
"NA19098.3.H10" 0.704932349541282 0.155665458590111 0.0601093888515949 0.0672118709696591 0.012080932047353
"NA19098.3.H11" 0.462302437627133 0.420659617742788 0.0494518140577296 0.0674699079081668 0.000116222664182682
"NA19098.3.H12" 0.743650624421664 0.133487421711901 0.0592616330627956 0.0633257933660642 0.000274527437575551
"NA19239.1.A01" 0.572175787875789 0.245153146068241 0.115274659843087 0.066742608913751 0.000653797299132285
"NA19239.1.A02" 0.479992314901403 0.2645148369869 0.183690942001152 0.0708706425597615 0.000931263550782962
"NA19239.1.A03" 0.563657605812276 0.228306162647771 0.1422550198176 0.0655550368418326 0.0002261748805208
"NA19239.1.A04" 0.481116574162181 0.146976362383106 0.25374626495533 0.0803440654958792 0.0378167330035041
"NA19239.1.A05" 0.72349995645695 0.0956417626007788 0.116296303424119 0.0613314591712444 0.00323051834690858
"NA19239.1.A06" 0.622159650942519 0.137456040095179 0.151719488134804 0.0689620921730222 0.0197027286544762
"NA19239.1.A07" 0.327802588613289 0.422331806606517 0.185113966352192 0.0551302184972946 0.00962141993070704
"NA19239.1.A08" 0.552548192383606 0.236709427008663 0.158720203831807 0.0508357859434237 0.00118639083250044
"NA19239.1.A09" 0.497718411251132 0.290292684337555 0.126339445921739 0.0785813693557186 0.00706808913385598
"NA19239.1.A10" 0.659336032386361 0.11472531953066 0.170403318451783 0.0542698002467444 0.00126552938445136
"NA19239.1.A11" 0.608545284854072 0.113758299276209 0.199735179562037 0.0690091831044129 0.00895205320326889
"NA19239.1.A12" 0.539734855819396 0.162588152876287 0.216593952862361 0.0624047994520598 0.0186782389898962
"NA19239.1.B02" 0.62634432107467 0.1302067644548 0.150704000377776 0.0892205176887409 0.0035243964040135
"NA19239.1.B03" 0.549316624720337 0.275883607266891 0.118615711421946 0.0553301075152266 0.000853949075599437
"NA19239.1.B05" 0.521583857179441 0.171261844909229 0.217813202785971 0.0570371081749187 0.0323039869504404
"NA19239.1.B06" 0.355174511711572 0.421829063661514 0.147227767541798 0.0712244774867467 0.00454417959836918
"NA19239.1.B07" 0.483063341802756 0.298778231768066 0.147165791167504 0.0561259648665148 0.0148666703951596
"NA19239.1.B08" 0.712726694213501 0.152793504960548 0.0826633560138522 0.0514519472121617 0.000364497599937042
"NA19239.1.B09" 0.669842742925883 0.120239486379438 0.12626427910572 0.0550049967561156 0.0286484948328436
"NA19239.1.B10" 0.36234435419926 0.425195431991307 0.144768491467626 0.0624964366746951 0.00519528566711209
"NA19239.1.B11" 0.66395533392511 0.236886780346427 0.0236326058512529 0.0751813730347326 0.000343906842477481
"NA19239.1.B12" 0.732323037432629 0.134359046336432 0.082805713354444 0.0502720330712152 0.000240169805279617
"NA19239.1.C01" 0.490667711111997 0.253007732522926 0.153663833577005 0.0650159747821323 0.03764474800594
"NA19239.1.C02" 0.760242176997332 0.0740537649189572 0.0995445933834202 0.0629418166493391 0.00321764805095163
"NA19239.1.C03" 0.68273436745026 0.170555636496765 0.0878855725376174 0.0579750976794276 0.000849325835929894
"NA19239.1.C05" 0.691455073301108 0.157052620016055 0.0623748997037882 0.0793064153940787 0.00981099158497085
"NA19239.1.C06" 0.563205071958414 0.291186626274175 0.0708901725117764 0.0731375970982324 0.00158053215740195
"NA19239.1.C07" 0.274225381537276 0.443279739333032 0.211436797144879 0.0645612796052023 0.00649680237961051
"NA19239.1.C08" 0.604012992558112 0.214619717271904 0.0877308179823277 0.0741916365791203 0.0194448356085356
"NA19239.1.C09" 0.738102789539073 0.111315330456301 0.0958955413913934 0.0543673224731876 0.000319016140044623
"NA19239.1.C10" 0.667680829144008 0.190249045761063 0.0729803938559689 0.0675180147107566 0.00157171652820327
"NA19239.1.C11" 0.422192525162911 0.405101123110192 0.108877831702773 0.0634962485119913 0.000332271512133049
"NA19239.1.C12" 0.701878688878489 0.168178501382463 0.0435436106182502 0.0765276935716157 0.00987150554918126
"NA19239.1.D01" 0.684582593219844 0.221482538257644 0.0333056961413944 0.0595953874319764 0.00103378494914105
"NA19239.1.D02" 0.634121322266018 0.213613202651067 0.0935965458016972 0.0584090126410646 0.000259916640153044
"NA19239.1.D03" 0.45005011151019 0.302730183861701 0.157619235970178 0.0643518445058984 0.0252486241520331
"NA19239.1.D04" 0.584631306264677 0.261383240764153 0.0884202696658332 0.0653285277700023 0.000236655535334744
"NA19239.1.D05" 0.517625422029038 0.431914377954409 0.000118439576472958 0.0500567018099864 0.000285058630094122
"NA19239.1.D06" 0.662543158564165 0.142951586212414 0.10683954755482 0.0648562847145726 0.0228094229540285
"NA19239.1.D07" 0.277867943223194 0.422193511964574 0.227826405859857 0.0606139275177522 0.0114982114346227
"NA19239.1.D08" 0.704404703862042 0.184042013609901 0.044344897656762 0.0623228027235722 0.00488558214772277
"NA19239.1.D09" 0.647167206616202 0.170065825288167 0.116415987171463 0.0625882907501064 0.00376269017406089
"NA19239.1.D10" 0.546500686986151 0.251153439901012 0.139934588152836 0.0605729414392821 0.00183834352071914
"NA19239.1.D11" 0.643329743944873 0.147378333720036 0.132137136492471 0.0604368151990627 0.0167179706435577
"NA19239.1.D12" 0.503695034042114 0.294294618974575 0.133084824033868 0.0681510887954652 0.000774434153977741
"NA19239.1.E01" 0.677700017130848 0.174092043756402 0.0895392837104691 0.0580059056097322 0.000662749792548467
"NA19239.1.E02" 0.74597478425055 0.12757921021538 0.0537595290597105 0.0716305630459491 0.00105591342841106
"NA19239.1.E03" 0.618446963641323 0.176511965586992 0.123001539235538 0.0577134955089664 0.0243260360271809
"NA19239.1.E04" 0.632300258706217 0.159695076489988 0.135659479073601 0.0566685443325352 0.0156766413976589
"NA19239.1.E05" 0.346930973593626 0.161078872515509 0.344955606633942 0.0585396032535269 0.0884949440033966
"NA19239.1.E06" 0.52032785345256 0.186249475149483 0.151417971162773 0.07619056474301 0.0658141354921743
"NA19239.1.E07" 0.597916407925875 0.191044014309516 0.0961517592163757 0.0712481027176133 0.0436397158306206
"NA19239.1.E08" 0.692280069927156 0.134398873812235 0.071924413488937 0.068416087860994 0.0329805549106778
"NA19239.1.E09" 0.684548138004577 0.169741553212918 0.0825362210117719 0.0616813158669979 0.00149277190373482
"NA19239.1.E10" 0.5810462127774 0.231819565253243 0.111778146064334 0.063100874060314 0.0122552018447085
"NA19239.1.E11" 0.603289370776094 0.163459228381947 0.115934381049324 0.0657948148413016 0.051522204951334
"NA19239.1.E12" 0.705090739732916 0.0973672241241603 0.112242401279696 0.0549848904265516 0.0303147444366759
"NA19239.1.F01" 0.599742781052355 0.183925245766728 0.112133540282897 0.0582639995142921 0.0459344333837273
"NA19239.1.F02" 0.588576618258762 0.23593575209198 0.106384217621457 0.0529382780355837 0.0161651339922161
"NA19239.1.F03" 0.568186962102479 0.260597844786789 0.103170545367958 0.0482149016990924 0.0198297460436822
"NA19239.1.F04" 0.646365535944717 0.175521165915176 0.107702632562289 0.0550672089053996 0.0153434566724185
"NA19239.1.F05" 0.180807514535594 0.592423661442824 0.151617003724962 0.0576250615686566 0.0175267587279634
"NA19239.1.F06" 0.648507990729916 0.241039272856434 0.0602221336412253 0.0499784869585148 0.000252115813909837
"NA19239.1.F07" 0.655918693127865 0.172894598362445 0.110174581870725 0.0563403058677054 0.00467182077125989
"NA19239.1.F08" 0.638205133408154 0.201055375892426 0.0886810523280246 0.0715820886188217 0.000476349752573815
"NA19239.1.F09" 0.634639703713561 0.196539616421937 0.0813691237666998 0.0596953461130318 0.0277562099847705
"NA19239.1.F10" 0.710523896115338 0.17039343389192 0.0643809713479552 0.0542781164139677 0.000423582230819341
"NA19239.1.F11" 0.600417412247942 0.179322712590772 0.156298058927625 0.0529461289061832 0.0110156873274775
"NA19239.1.F12" 0.658165199978695 0.111665280123429 0.152391609669566 0.0593554919929184 0.0184224182353912
"NA19239.1.G01" 0.597470101281234 0.213104394588031 0.133927864379305 0.0547366376366254 0.000761002114805295
"NA19239.1.G02" 0.546901480227911 0.213190624314379 0.150802343239501 0.0585529676674426 0.0305525845507672
"NA19239.1.G03" 0.619687739652686 0.201041159665165 0.107568745641307 0.0707409696220959 0.00096138541874508
"NA19239.1.G04" 0.560052643517614 0.198328268577191 0.173232353692042 0.0540570785798977 0.0143296556332543
"NA19239.1.G05" 0.373192983701858 0.331807044702417 0.242748448313638 0.0503456422914139 0.00190588099067414
"NA19239.1.G06" 0.595601370456067 0.167826592377649 0.162989285000821 0.0670824233142372 0.00650032885122636
"NA19239.1.G07" 0.504124179858155 0.261661496281763 0.156712959592144 0.0578944621323051 0.0196069021356326
"NA19239.1.G08" 0.463637494426185 0.25253438470351 0.215728798965932 0.0605502039706839 0.00754911793368915
"NA19239.1.G09" 0.583780959201181 0.143591310287999 0.190462862621908 0.0585420279245285 0.0236228399643838
"NA19239.1.G10" 0.674843506193443 0.128877418720339 0.143518882113791 0.0516575468644129 0.00110264610801393
"NA19239.1.G11" 0.659601995877052 0.184909064590678 0.0861084743553124 0.0623822662706173 0.00699819890634037
"NA19239.1.G12" 0.629180364318403 0.207555314865368 0.110075243192273 0.0519164310711776 0.00127264655277788
"NA19239.1.H01" 0.563365733123169 0.26465182255027 0.101781393316804 0.0677131564805833 0.00248789452917384
"NA19239.1.H03" 0.655759396023375 0.188700572173308 0.0992055544724988 0.0559881954774415 0.000346281853377433
"NA19239.1.H04" 0.555719739224353 0.224642190488773 0.158624141499472 0.0594947090613071 0.00151921972609424
"NA19239.1.H05" 0.572769210036684 0.166149326501414 0.182798295185527 0.0625792098603068 0.0157039584160683
"NA19239.1.H06" 0.645429465104135 0.170648709177375 0.112807033698108 0.0697397017850706 0.00137509023531226
"NA19239.1.H07" 0.661578022412611 0.160444632067924 0.104153497770481 0.065742069240087 0.00808177850889721
"NA19239.1.H08" 0.548942603677967 0.238796602589781 0.149133263516862 0.0607815605197964 0.00234596969559357
"NA19239.1.H09" 0.480932390093878 0.287035003922132 0.119249363200871 0.0849950916548673 0.0277881511282523
"NA19239.1.H10" 0.716334110636936 0.157312100732345 0.0733155495488086 0.0520515534267159 0.000986685655194546
"NA19239.1.H11" 0.772422003254213 0.0607694078507942 0.123068325048523 0.0428341551416728 0.000906108704796671
"NA19239.1.H12" 0.727483179781492 0.0490023740401278 0.166648453256963 0.0544997438787742 0.00236624904264314
"NA19239.2.A01" 0.614804236086588 0.260102641335628 0.0664037085142689 0.0581763895163698 0.00051302454714517
"NA19239.2.A02" 0.743886396700319 0.056514871549739 0.137771155620777 0.0612676137828917 0.000559962346272998
"NA19239.2.A04" 0.673263948798107 0.202011712799551 0.0408634850031133 0.083549014392777 0.000311839006451811
"NA19239.2.A05" 0.683716156647621 0.182780732191421 0.0741830985678834 0.0513159622076794 0.00800405038539516
"NA19239.2.A06" 0.691023061473329 0.112977711632304 0.0947224277053249 0.0932700127120299 0.00800678647701227
"NA19239.2.A07" 0.758424798589154 0.0291834131229461 0.136572979589314 0.0635194450607362 0.0122993636378496
"NA19239.2.A08" 0.741733402801971 0.0532184103038969 0.14391888792787 0.0606202633905378 0.000509035575723867
"NA19239.2.A09" 0.741813077486376 0.10281478751147 0.0794650771746556 0.0733002307020672 0.00260682712543143
"NA19239.2.A10" 0.331143652219272 0.118114055325445 0.35530943305653 0.0889351590517614 0.106497700346991
"NA19239.2.A11" 0.728562855414899 0.0650400034415906 0.112125763026395 0.0787435150124343 0.0155278631046808
"NA19239.2.A12" 0.718799785295283 0.152058617220392 0.0426884370161502 0.0851609434838597 0.00129221698431512
"NA19239.2.B01" 0.119589678839371 0.491228059880898 0.220767479237866 0.0683119029089044 0.10010287913296
"NA19239.2.B02" 0.677661359645667 0.11652181217234 0.134113627902624 0.0542325783857583 0.0174706218936109
"NA19239.2.B03" 0.240533577896911 0.474694801314883 0.173237536959823 0.0591799139494387 0.0523541698789447
"NA19239.2.B04" 0.752940767231505 0.100858746248054 0.0827042935813076 0.0629360043216159 0.000560188617517786
"NA19239.2.B05" 0.6249734810741 0.118776265378426 0.17398899279973 0.0779702501297539 0.0042910106179897
"NA19239.2.B06" 0.736495862028693 0.114029714009107 0.0826636750485042 0.0661056950411298 0.000705053872565775
"NA19239.2.B07" 0.750448865159006 0.124571816002853 0.0459054668305151 0.0788932508456899 0.000180601161936003
"NA19239.2.B08" 0.601619117307327 0.23413637129173 0.0973215883812973 0.0655923260598544 0.00133059695979202
"NA19239.2.B09" 0.764992471809061 0.0291697567413973 0.139729077995521 0.0629147524313928 0.00319394102262807
"NA19239.2.B11" 0.188388849443371 0.594712245797972 0.140426315595661 0.0759464453619859 0.00052614380101022
"NA19239.2.B12" 0.729505670101827 0.127710000479796 0.0746508066297965 0.0656765912284152 0.00245693156016533
"NA19239.2.C02" 0.518998459978427 0.259556313964928 0.14169876163616 0.051115058987262 0.0286314054332225
"NA19239.2.C03" 0.248354754905383 0.395072656892228 0.255948768512773 0.0553360201290336 0.0452877995605826
"NA19239.2.C04" 0.700032497855858 0.0774486335466873 0.138103188779654 0.0509613385411623 0.0334543412766379
"NA19239.2.C05" 0.529990598044498 0.31355778786607 0.0859217146244064 0.0701324990428347 0.000397400422190787
"NA19239.2.C06" 0.287362848741538 0.563375698028332 0.0955236416613969 0.0534443684442792 0.000293443124454217
"NA19239.2.C07" 0.73085438983334 0.0844565771343703 0.114878753444156 0.0638941145137804 0.00591616507435356
"NA19239.2.C08" 0.235893535582479 0.377956404778309 0.295335080644376 0.0704320801005121 0.0203828988943237
"NA19239.2.C09" 0.716025086787627 0.132403491682099 0.0553075242805447 0.0789269540494339 0.0173369432002951
"NA19239.2.C11" 0.729490592178115 0.0566936477015476 0.152324288481083 0.05918224957314 0.00230922206611405
"NA19239.2.C12" 0.629637275477463 0.214432795813122 0.0837205214665486 0.070573868825987 0.001635538416879
"NA19239.2.D01" 0.541998290571809 0.251337670049504 0.118493033754257 0.0625646078169012 0.0256063978075291
"NA19239.2.D02" 0.736880905148759 0.0876713739170779 0.114660911792612 0.0584101544195075 0.00237665472204359
"NA19239.2.D03" 0.576052701823478 0.178543353524867 0.173494205418939 0.0485242649600087 0.023385474272707
"NA19239.2.D04" 0.77627644799141 0.0734267218983812 0.081168559065305 0.056228600109837 0.0128996709350671
"NA19239.2.D05" 0.691730527087684 0.167484144990102 0.0849060054335964 0.0542177623314189 0.00166156015719813
"NA19239.2.D06" 0.685439791956121 0.148503188562854 0.104319192019032 0.0491002539646559 0.012637573497338
"NA19239.2.D07" 0.127121317258943 0.584159712095991 0.199614579346914 0.0617983863039834 0.0273060049941686
"NA19239.2.D08" 0.449823224025051 0.294616901816742 0.163233657624207 0.073930096097418 0.0183961204365811
"NA19239.2.D09" 0.196501165544787 0.476085798981026 0.221824986065138 0.0651598328242195 0.0404282165848296
"NA19239.2.D11" 0.748375669555198 0.140711535445498 0.0537150815913047 0.0569009746988806 0.000296738709119205
"NA19239.2.D12" 0.044507877884615 0.729668972272382 0.149638037905466 0.0760476556855559 0.000137456251981552
"NA19239.2.E01" 0.651340138052098 0.217707285277605 0.0728775860230965 0.0577087453670799 0.00036624528011961
"NA19239.2.E02" 0.754124507649104 0.138884880872301 0.0410392186464769 0.0654486188804379 0.000502773951680102
"NA19239.2.E04" 0.708821369031106 0.126326388522645 0.0841396858841556 0.0651160094322402 0.0155965471298532
"NA19239.2.E05" 0.732954266094175 0.128257062496561 0.078560049847192 0.0577691885994367 0.00245943296263537
"NA19239.2.E06" 0.740918877426188 0.0773654272283699 0.0998505917359986 0.0601599521146438 0.0217051514948002
"NA19239.2.E07" 0.680378934845207 0.189928592320402 0.0683603422744982 0.0512000241076479 0.0101321064522453
"NA19239.2.E08" 0.659133024451686 0.156347141973078 0.0807494541070634 0.0622257605993827 0.0415446188687904
"NA19239.2.E09" 0.142770917020252 0.660633390041763 0.141428600437797 0.0530795407758274 0.00208755172436114
"NA19239.2.E11" 0.645332905423979 0.142163703049157 0.121943598557254 0.0558224482508912 0.0347373447187186
"NA19239.2.E12" 0.576474718001241 0.244354001145177 0.0773461653413668 0.0811582830618995 0.020666832450316
"NA19239.2.F01" 0.661688226727405 0.170412907249397 0.0867149397012111 0.0667955306201914 0.0143883957017957
"NA19239.2.F02" 0.585703372949593 0.210707186420271 0.132598746594006 0.0691513460609549 0.00183934797517519
"NA19239.2.F03" 0.573144403535581 0.311011350085572 0.0541448063230378 0.0615528380638765 0.000146601991932752
"NA19239.2.F04" 0.154182122225709 0.546262511666656 0.218677635443106 0.0684759716106201 0.0124017590539089
"NA19239.2.F05" 0.640883509684921 0.190935462117905 0.116034124953683 0.0518932214700165 0.000253681773474914
"NA19239.2.F06" 0.200983733724247 0.529651119281945 0.193637986332374 0.0531119308544603 0.0226152298069744
"NA19239.2.F07" 0.227123421270972 0.504182470122726 0.184845909150169 0.0519922217702451 0.0318559776858886
"NA19239.2.F08" 0.71759522594705 0.118019898147169 0.091859685702858 0.0636263454643135 0.00889884473860902
"NA19239.2.F09" 0.535425481847481 0.24667276721118 0.132480871715929 0.0535352727661674 0.0318856064592424
"NA19239.2.F10" 0.710405363922469 0.138986689664074 0.100841543518189 0.0495593046940627 0.000207098201204397
"NA19239.2.F11" 0.724282968097653 0.144468937935557 0.0776560133904 0.0532623856263819 0.000329694950007982
"NA19239.2.F12" 0.28358401320927 0.511945356210851 0.146163611164626 0.0546352420645389 0.00367177735071397
"NA19239.2.G01" 0.700569088694414 0.123689376614241 0.114978345470147 0.0599853851928781 0.000777804028319524
"NA19239.2.G02" 0.657051067108446 0.141804361257125 0.124297439094734 0.0594743392207472 0.0173727933189474
"NA19239.2.G03" 0.285364892814926 0.437502322644094 0.209655600081636 0.0667513789779952 0.000725805481347947
"NA19239.2.G04" 0.706561296850725 0.11351974333371 0.0990441685493764 0.0727640835244317 0.00811070774175676
"NA19239.2.G05" 0.743117686168228 0.129590262802744 0.0779544999230526 0.0472791582618139 0.00205839284416168
"NA19239.2.G06" 0.652585068902264 0.15049806102195 0.133180473578114 0.0526128278233487 0.0111235686743228
"NA19239.2.G07" 0.655540131158232 0.210333658085475 0.070798628552543 0.0616071790954812 0.00172040310826889
"NA19239.2.G08" 0.368916319348414 0.315537487642632 0.203514357977565 0.0459627145541314 0.0660691204772579
"NA19239.2.G09" 0.798633222956904 0.0719373691771221 0.0447721037188418 0.0755855768397383 0.00907172730739369
"NA19239.2.G10" 0.776694718618507 0.0907981137852612 0.0713118431781782 0.0573026352143952 0.0038926892036585
"NA19239.2.G11" 0.816407701985328 0.00270479337507103 0.131813812756221 0.0483904199657026 0.00068327191767772
"NA19239.2.G12" 0.736714886409876 0.0869792933689698 0.124413334345438 0.0498736103906505 0.00201887548506484
"NA19239.2.H01" 0.70481908011058 0.135100900080362 0.0812991623933464 0.0640148000873302 0.014766057328382
"NA19239.2.H02" 0.244584050762546 0.468771446421761 0.194244849432857 0.0541544016950661 0.0382452516877697
"NA19239.2.H03" 0.196974417466304 0.568611242584534 0.17423313309686 0.0592595599661224 0.000921646886180942
"NA19239.2.H04" 0.712048784637544 0.118517942834157 0.106284726760419 0.062337281750968 0.000811264016912434
"NA19239.2.H05" 0.467693786575904 0.376835718347408 0.0846800110866934 0.0704693939850343 0.000321090004960325
"NA19239.2.H06" 0.642791210325795 0.187479065048228 0.110713052360648 0.055815709024613 0.00320096324071651
"NA19239.2.H07" 0.286073177220742 0.431473954492802 0.205209081789257 0.0541374644894836 0.0231063220077147
"NA19239.2.H08" 0.712315054051896 0.118719624698456 0.0800216949230398 0.0862751044575808 0.00266852186902741
"NA19239.2.H09" 0.637353044958841 0.190149052654414 0.0965903285404815 0.0729319658130207 0.00297560803324267
"NA19239.2.H10" 0.793255488936495 0.036176899553089 0.114365311633733 0.0557205213283628 0.000481778548320221
"NA19239.2.H11" 0.659806670337099 0.0434150521826861 0.194927535511238 0.0916482328778797 0.010202509091097
"NA19239.2.H12" 0.73726273213346 0.138322052863991 0.0739708325205115 0.0498851531327707 0.00055922934926628
"NA19239.3.A02" 0.59811433689781 0.175021159000877 0.154495711878342 0.0637685303151979 0.00860026190777314
"NA19239.3.A03" 0.639590919723149 0.203991142214527 0.0947670549991521 0.0613052277467801 0.000345655316391583
"NA19239.3.A04" 0.595797549402577 0.164846089833683 0.122753049167379 0.0780418484309216 0.0385614631654384
"NA19239.3.A05" 0.621392287260838 0.189149060895831 0.105735559756479 0.0508680316047761 0.0328550604820763
"NA19239.3.A06" 0.599793511623493 0.168041797718117 0.142250314444914 0.0618084232219546 0.0281059529915215
"NA19239.3.A07" 0.676130475141129 0.141309459988852 0.111824359903211 0.0620160584524911 0.00871964651431703
"NA19239.3.A08" 0.360952857907028 0.404794457249928 0.165899850931844 0.0666279515288787 0.00172488238232052
"NA19239.3.A09" 0.646075024483369 0.191172807454451 0.0930852779887479 0.0676638753328986 0.00200301474053376
"NA19239.3.A10" 0.466839413336978 0.320074330022115 0.124011762872372 0.0471408717974763 0.041933621971059
"NA19239.3.A11" 0.389435410086224 0.507798433932981 0.0491515953620662 0.0516095613269115 0.00200499929181791
"NA19239.3.A12" 0.659496692215778 0.211646824871172 0.0736269868026206 0.0550378837748767 0.000191612335552321
"NA19239.3.B01" 0.510294062924033 0.321820826916143 0.114843206009189 0.052052094761314 0.00098980938932
"NA19239.3.B02" 0.490222711292232 0.269968940265772 0.143955919187018 0.0534315385189667 0.0424208907360113
"NA19239.3.B03" 0.686578892326683 0.129006084473941 0.110909765164259 0.0586541996496648 0.0148510583854521
"NA19239.3.B04" 0.568363893109502 0.247128211507629 0.119520894345042 0.0614227210659077 0.0035642799719194
"NA19239.3.B05" 0.582610600393051 0.263823228521837 0.102489572520639 0.0507785829200319 0.000298015644440422
"NA19239.3.B06" 0.602922067299931 0.204563960858679 0.138163986791749 0.0533770936901609 0.000972891359480762
"NA19239.3.B07" 0.549042448921826 0.226334642274982 0.126473655926577 0.0793024500164198 0.0188468028601952
"NA19239.3.B10" 0.599477643727887 0.224223245158012 0.112432720899746 0.0592419996357616 0.00462439057859306
"NA19239.3.B11" 0.584811863148852 0.211271892235274 0.107423274088625 0.0799386628211698 0.0165543077060799
"NA19239.3.B12" 0.611435063900832 0.235502152527923 0.0996414212375198 0.0528467630582512 0.00057459927547397
"NA19239.3.C01" 0.851365498784048 0.0125175822102883 0.0823091372727366 0.053681048260324 0.000126733472602575
"NA19239.3.C02" 0.533310745345654 0.314371807744072 0.0986809840782869 0.0530553818678664 0.000581080964119818
"NA19239.3.C03" 0.61784985356578 0.175723274656361 0.121625361772605 0.056622799353758 0.0281787106514961
"NA19239.3.C06" 0.573325205603974 0.172735597849731 0.185361536608907 0.0518654787353132 0.0167121812020754
"NA19239.3.C07" 0.0715797659115264 0.634495827455438 0.240119335289685 0.0526388061128799 0.00116626523047079
"NA19239.3.C08" 0.606134035665129 0.247178570638295 0.0837899729755852 0.0625139553794138 0.000383465341577611
"NA19239.3.C09" 0.668575547790828 0.0982541315411516 0.151092819023417 0.0624971332258444 0.0195803684187591
"NA19239.3.C10" 0.581260784336145 0.231937084438807 0.10767862761964 0.0748651535038797 0.00425835010152807
"NA19239.3.C11" 0.632568475471706 0.176714403960593 0.0964940957519445 0.0726056716633746 0.0216173531523822
"NA19239.3.C12" 0.619987586275272 0.140802618100835 0.155333223986872 0.0655200955075151 0.0183564761295062
"NA19239.3.D01" 0.594276170941795 0.210161132909148 0.136554807592592 0.052993236043327 0.0060146525131379
"NA19239.3.D02" 0.664698907534489 0.15777124560743 0.0969611003602356 0.0752290467933871 0.00533969970445828
"NA19239.3.D03" 0.599723556242091 0.224650312499957 0.084274036305958 0.0775105541747438 0.0138415407772504
"NA19239.3.D04" 0.510823293108906 0.207363167982108 0.169121114653601 0.0877053056195466 0.0249871186358382
"NA19239.3.D05" 0.646458523264383 0.170159153060496 0.130201561660038 0.0515782327452924 0.0016025292697907
"NA19239.3.D06" 0.624301198254022 0.201910251757126 0.0701096966890938 0.0817433530363135 0.0219355002634455
"NA19239.3.D07" 0.522845977848268 0.230131006663731 0.164101666248089 0.0641336391840734 0.0187877100558383
"NA19239.3.D08" 0.562866117853935 0.276729740816672 0.102265396943603 0.0527851035344839 0.00535364085130576
"NA19239.3.D09" 0.583265638555721 0.183605369242393 0.167835666311409 0.0647142073833509 0.000579118507125525
"NA19239.3.D10" 0.649001900547896 0.156188196836656 0.122576134714545 0.0720432583474679 0.00019050955343556
"NA19239.3.D12" 0.565504256726833 0.253584768469885 0.0856990331933327 0.0781306945595127 0.017081247050437
"NA19239.3.E01" 0.249186391395607 0.487602562973242 0.186963459939102 0.0487114422894832 0.0275361434025659
"NA19239.3.E02" 0.539055589382834 0.241135651560084 0.134222336617923 0.0493528341195996 0.0362335883195587
"NA19239.3.E05" 0.640476355477351 0.185459228010677 0.0763887276777159 0.0847538284676561 0.0129218603666001
"NA19239.3.E06" 0.59737351770991 0.210800868342076 0.10452182517361 0.0657065255612347 0.0215972632131687
"NA19239.3.E07" 0.644084090446317 0.215687986556434 0.0741768999735434 0.0652822552914469 0.000768767732259088
"NA19239.3.E08" 0.643346472076717 0.221976147190317 0.0804029841808891 0.0540639955858509 0.000210400966225344
"NA19239.3.E09" 0.566311284951126 0.234969543282549 0.123251479352718 0.0556575400879983 0.0198101523256083
"NA19239.3.E10" 0.611744176885153 0.168353179912258 0.0988969594547338 0.088523608275962 0.0324820754718932
"NA19239.3.E11" 0.662048514242674 0.120270391979569 0.119946756443169 0.0909710419737151 0.00676329536087306
"NA19239.3.E12" 0.151506358022503 0.567285653776566 0.220809988647633 0.044793663273247 0.0156043362800505
"NA19239.3.F01" 0.635034883429663 0.199670870917008 0.082353089510777 0.0742116091458147 0.0087295469967367
"NA19239.3.F02" 0.510683235163313 0.295515775171699 0.12807804325082 0.0629677620052083 0.00275518440895962
"NA19239.3.F03" 0.627955743782406 0.202154492804113 0.0863081567360957 0.066878135845877 0.0167034708315079
"NA19239.3.F04" 0.493974896532292 0.237046752434253 0.188872503435666 0.0765243565228939 0.00358149107489426
"NA19239.3.F05" 0.665236676361371 0.170552895684232 0.0830593541261613 0.070624236474404 0.0105268373538315
"NA19239.3.F06" 0.551704554305611 0.229491579163879 0.133712792532001 0.0514674101638151 0.033623663834694
"NA19239.3.F07" 0.67180396439193 0.182488499039066 0.0645142515918003 0.0809339280010325 0.000259356976171361
"NA19239.3.F08" 0.623683980224585 0.20300870531702 0.0975204766735498 0.0584797264911646 0.0173071112936804
"NA19239.3.F09" 0.656735979609138 0.133030529799147 0.104968519862722 0.0791781639770025 0.0260868067519898
"NA19239.3.F10" 0.521875768473447 0.327904728546514 0.0898707816628597 0.0599281016261702 0.000420619691008404
"NA19239.3.F11" 0.6438842937416 0.156845632632225 0.134344752976758 0.0625862826621931 0.00233903798722421
"NA19239.3.F12" 0.649478189893765 0.131159250056979 0.129490496794327 0.0622431993040717 0.0276288639508575
"NA19239.3.G01" 0.569381370131401 0.180411803422321 0.17420166974033 0.075743025459113 0.000262131246834709
"NA19239.3.G02" 0.627194009787427 0.150647900959945 0.131074118090762 0.0699878726045685 0.0210960985572979
"NA19239.3.G03" 0.590149325667123 0.222595476470857 0.119381803810807 0.0658997350478898 0.00197365900332399
"NA19239.3.G05" 0.620373422266093 0.204570880775597 0.103379131677134 0.0599023919563434 0.0117741733248317
"NA19239.3.G06" 0.621865656403853 0.156913638207733 0.130515270694642 0.0781278391774887 0.0125775955162835
"NA19239.3.G07" 0.647152721760784 0.160868334798679 0.104262261265399 0.066383578597362 0.0213331035777765
"NA19239.3.G08" 0.643210189044205 0.216658696858669 0.0752555652013859 0.0646101045641185 0.000265444331620843
"NA19239.3.G09" 0.725965583842453 0.11678584277401 0.088317815945239 0.0655349298433762 0.00339582759492225
"NA19239.3.G11" 0.662843138931519 0.17004086946466 0.0829419335021117 0.0739655846803981 0.0102084734213111
"NA19239.3.G12" 0.5061060001635 0.163465176423035 0.16775736087805 0.108856746242953 0.0538147162924624
"NA19239.3.H01" 0.629326649661568 0.204686680097245 0.096974234425815 0.0688124665321325 0.000199969283238548
"NA19239.3.H03" 0.636912895393291 0.185796970810886 0.103261229504473 0.0733176953812262 0.00071120891012415
"NA19239.3.H04" 0.635368526002661 0.144342480165362 0.12556437155141 0.070192394261664 0.0245322280189031
"NA19239.3.H05" 0.583064152021058 0.169863295788232 0.142730380453206 0.0728846540092825 0.0314575177282222
"NA19239.3.H06" 0.628179874089435 0.178239894302773 0.119392679152693 0.0583214052480386 0.01586614720706
"NA19239.3.H07" 0.655107576218927 0.201175325780074 0.0734902909002008 0.0699995028060982 0.000227304294700157
"NA19239.3.H08" 0.528740617924748 0.28277783805836 0.123636020248414 0.0511059889724006 0.0137395347960772
"NA19239.3.H09" 0.676452258657443 0.0865105185915072 0.169446228760303 0.0466017850208512 0.0209892089698955
"NA19239.3.H11" 0.575918671879566 0.178734680105985 0.165153241172846 0.0475044986875988 0.0326889081540038
"NA19239.3.H12" 0.679583218610419 0.180543349757789 0.0831114837141044 0.0564079894472852 0.000353958470402496
"NA19101.1.A01" 0.109900683680487 0.612655378342244 0.221719366003341 0.0529595010774482 0.00276507089648074
"NA19101.1.A02" 0.579535533540622 0.192783593604779 0.136066150481992 0.059545576834752 0.0320691455378544
"NA19101.1.A03" 0.674014840210983 0.122565512360527 0.0817490150960263 0.0865122167273963 0.0351584156050679
"NA19101.1.A04" 0.599856751858919 0.30219132972699 0.0570020314904829 0.0408115345529831 0.000138352370625004
"NA19101.1.A05" 0.673619277979716 0.151759397260531 0.0853956606585576 0.0706973763019939 0.0185282877992007
"NA19101.1.A06" 0.729369642567664 0.0828182337412795 0.110396640715167 0.0636403771976201 0.0137751057782693
"NA19101.1.A07" 0.723154175378844 0.0660553164888458 0.116681524666416 0.093373761125663 0.00073522234023178
"NA19101.1.A08" 0.49756783444797 0.307771921880341 0.129759635613817 0.0638080792844666 0.00109252877340554
"NA19101.1.A09" 0.725460845571159 0.017065126349225 0.143420834725334 0.0758057697448296 0.038247423609452
"NA19101.1.A10" 0.709649821342283 0.146821978003379 0.0845321666249479 0.0563696006705357 0.00262643335885437
"NA19101.1.A11" 0.506587615486769 0.297916147012048 0.132339801056588 0.062395066696946 0.000761369747649337
"NA19101.1.A12" 0.0587985017676561 0.621345993001722 0.2455364530828 0.0736407690951654 0.000678283052656625
"NA19101.1.B01" 0.00615830046513708 0.77397622731801 0.144286513714879 0.0749989799590119 0.000579978542962282
"NA19101.1.B02" 0.647696705239899 0.0421919240388839 0.199000967163733 0.055660032411554 0.0554503711459295
"NA19101.1.B03" 0.753855971711378 0.0739968793190034 0.110477491434043 0.0548557930164971 0.0068138645190784
"NA19101.1.B04" 0.685425427359093 0.12370424372987 0.10257905182312 0.0606216077920402 0.0276696692958771
"NA19101.1.B05" 0.618178155872613 0.170311361113144 0.130418543591547 0.0644402059192609 0.0166517335034344
"NA19101.1.B06" 0.000534685250654355 0.724554803913139 0.209948817485391 0.0646588297119704 0.000302863638845741
"NA19101.1.B07" 0.631188960389273 0.146385477482541 0.147413033138923 0.0496595697097213 0.0253529592795423
"NA19101.1.B08" 0.61232019171407 0.100342188033601 0.179742854115101 0.0739942395532699 0.0336005265839589
"NA19101.1.B09" 0.707917850564667 0.126215969410852 0.082102997496104 0.0724201431816568 0.0113430393467198
"NA19101.1.B10" 0.749789725586671 0.101557517651943 0.0522772094644632 0.0844430807836302 0.0119324665132928
"NA19101.1.B11" 0.687034052400422 0.124485335633202 0.108177992196879 0.070336573683623 0.00996604608587375
"NA19101.1.B12" 0.691267403700634 0.151622270759371 0.100191154960489 0.0563392251152904 0.000579945464215856
"NA19101.1.C01" 0.600660073342468 0.198822450831935 0.138876482547829 0.0578862847027309 0.00375470857503608
"NA19101.1.C02" 0.575702794207816 0.221645397349898 0.141235524423587 0.0611056535941196 0.000310630424579734
"NA19101.1.C03" 0.716278957692335 0.126644310234386 0.0926888494146964 0.0641985803613402 0.000189302297241682
"NA19101.1.C04" 0.587433087961267 0.217718610230184 0.113142346824573 0.0540912300133633 0.0276147249706127
"NA19101.1.C05" 0.538386060008147 0.270957814128285 0.127114262931129 0.0627865171289578 0.000755345803481123
"NA19101.1.C06" 0.717301281174239 0.0833070643913106 0.115574963143098 0.070416624780847 0.0134000665105055
"NA19101.1.C07" 0.569963780027168 0.191075947545557 0.132238705473607 0.0696755298264185 0.0370460371272495
"NA19101.1.C08" 0.596872201421357 0.169538831216194 0.121460685530129 0.104109914548872 0.00801836728344816
"NA19101.1.C09" 0.62644311533393 0.158533347563673 0.120816115681736 0.0526352898499511 0.0415721315707106
"NA19101.1.C10" 0.692373179496257 0.127382615645568 0.0854778330167245 0.0786145994629198 0.0161517723785307
"NA19101.1.C11" 0.618985497198598 0.169971782313744 0.119427998687361 0.0886474642472625 0.00296725755303411
"NA19101.1.C12" 0.670513404445977 0.135422370330493 0.123766300453554 0.0523508168100187 0.0179471079599575
"NA19101.1.D01" 0.37990296520687 0.464619236486759 0.0880977801061436 0.0669886009140359 0.000391417286192302
"NA19101.1.D02" 0.585902627809633 0.149847627013672 0.148465697747468 0.0518756745703008 0.0639083728589262
"NA19101.1.D03" 0.659652685067094 0.155398155126311 0.0868620190390319 0.0665782516618199 0.0315088891057432
"NA19101.1.D04" 0.644432355240979 0.120266596420295 0.16890564579246 0.0596995194015556 0.00669588314471032
"NA19101.1.D05" 0.705628471313113 0.165763804858313 0.0700881569126682 0.0513554526032422 0.00716411431266341
"NA19101.1.D06" 0.470949193422431 0.34888002930129 0.106942150671464 0.0728789190838685 0.000349707520946742
"NA19101.1.D07" 0.581379565757275 0.305076210768357 0.031933362218788 0.0802260467192026 0.00138481453637764
"NA19101.1.D08" 0.685818771180163 0.13222517009003 0.0858863045657441 0.0958898989778856 0.000179855186176864
"NA19101.1.D09" 0.687714601565615 0.0976907556413787 0.106094323345732 0.0882214624673614 0.020278856979913
"NA19101.1.D10" 0.596931964830954 0.227328095732638 0.0824897412430882 0.0729020624712362 0.0203481357220832
"NA19101.1.D11" 0.718035285064538 0.117195651392514 0.081674823444289 0.0697095249016396 0.0133847151970189
"NA19101.1.D12" 0.697060210697091 0.138550936926939 0.108498673930496 0.0549713212637464 0.000918857181728086
"NA19101.1.E01" 0.624727617921789 0.181370533367938 0.102499082875586 0.0892419343644259 0.0021608314702609
"NA19101.1.E02" 0.634879658693817 0.141331206665405 0.140797179517273 0.0703199672961296 0.0126719878273756
"NA19101.1.E03" 0.651178813350903 0.177309896843018 0.109793690466802 0.053328087655229 0.00838951168404771
"NA19101.1.E04" 0.70169973868767 0.11454456246792 0.105343532233794 0.0769827223463822 0.00142944426423391
"NA19101.1.E05" 0.299019470235368 0.526681959340814 0.107364380271273 0.06642752528043 0.000506664872115565
"NA19101.1.E06" 0.514627481313991 0.258056628283652 0.157807287912922 0.051215363721992 0.0182932387674428
"NA19101.1.E07" 0.735491569969138 0.0593192885128026 0.125910088525885 0.0652497567608069 0.0140292962313671
"NA19101.1.E08" 0.679381818446236 0.09872312292504 0.160148146900157 0.0611263111877104 0.000620600540856486
"NA19101.1.E09" 0.204490265206405 0.492210391896673 0.228169787381508 0.0596663374021786 0.0154632181132348
"NA19101.1.E10" 0.696669016735326 0.095684676365108 0.134230985349472 0.0558754544399164 0.017539867110178
"NA19101.1.E11" 0.117658093058848 0.729043250772211 0.10848338499619 0.0437318096628504 0.00108346150990059
"NA19101.1.E12" 0.680353594672044 0.194032349959645 0.0520268222177119 0.0732958752868016 0.000291357863797729
"NA19101.1.F01" 0.637091206600534 0.160744025664696 0.13133268312104 0.0695527345966099 0.00127935001712054
"NA19101.1.F02" 0.732180939759327 0.116678080717852 0.0641656103086417 0.0791627421723964 0.00781262704178246
"NA19101.1.F03" 0.676947242172751 0.113852992613818 0.102958936490081 0.056876250416105 0.0493645783072448
"NA19101.1.F04" 0.533795270181434 0.289395281165919 0.09052453253962 0.0716314749210447 0.0146534411919829
"NA19101.1.F07" 0.695634622169774 0.123659386546757 0.10267756079616 0.0633893086131497 0.0146391218741592
"NA19101.1.F08" 0.68152909327344 0.13975126385133 0.0844128328754488 0.054180697694058 0.0401261123057227
"NA19101.1.F09" 0.653812335060822 0.0928801673784495 0.134486217261698 0.0527412762809161 0.0660800040181147
"NA19101.1.F10" 0.163140375394288 0.568436678621929 0.201361884874713 0.0495540531340174 0.0175070079750533
"NA19101.1.F11" 0.631985713123515 0.160246721436837 0.130758419878697 0.0489081156352409 0.0281010299257105
"NA19101.1.F12" 0.601740091599655 0.233987968108162 0.104690169237249 0.0593034740581129 0.000278296996820147
"NA19101.1.G01" 0.0858247579794906 0.656149518578554 0.196483329209997 0.05725288833938 0.00428950589257808
"NA19101.1.G02" 0.571035915144208 0.203519535629569 0.158129457599889 0.066742299669758 0.00057279195657675
"NA19101.1.G03" 0.610163957106614 0.213647769629919 0.110292513549325 0.0641403496757156 0.0017554100384268
"NA19101.1.G04" 0.664467574411959 0.0862464595349917 0.174160466212913 0.0589583584633232 0.0161671413768132
"NA19101.1.G05" 0.582531910880127 0.268262600598972 0.0967648720772809 0.0514779075828107 0.000962708860809755
"NA19101.1.G06" 0.231333648217163 0.537163086477398 0.159750930316098 0.0468647043123681 0.0248876306769732
"NA19101.1.G07" 0.678478348681075 0.109119130465203 0.135158010771969 0.0487039628601387 0.028540547221615
"NA19101.1.G08" 0.550392691557483 0.273388261197538 0.0896755552307097 0.0558153880099279 0.0307281040043412
"NA19101.1.G09" 0.615468714298811 0.216230483164441 0.0900051379120188 0.0464338350610772 0.0318618295636521
"NA19101.1.G10" 0.671271635019955 0.141387486627558 0.126428990414923 0.0599303245152456 0.000981563422318829
"NA19101.1.G11" 0.721903723987779 0.13798817853989 0.0533147072513445 0.0793553109333045 0.00743807928768138
"NA19101.1.G12" 0.698859020084046 0.0935844527489041 0.104898405595878 0.071366546433505 0.0312915751376668
"NA19101.1.H01" 0.668630545696194 0.129368660036447 0.124520461245428 0.0749654038403032 0.00251492918162806
"NA19101.1.H02" 0.619727557301291 0.151689530956385 0.151497063714185 0.056650266258671 0.0204355817694683
"NA19101.1.H03" 0.615056067067002 0.100307725305566 0.180013662222195 0.0683978284279099 0.0362247169773276
"NA19101.1.H04" 0.140369109403158 0.626765809448582 0.179055669318883 0.0517396034924901 0.00206980833688645
"NA19101.1.H05" 0.679977597256111 0.14792811068115 0.0928272527335569 0.0691569212040943 0.0101101181250875
"NA19101.1.H06" 0.72146699779352 0.169383361981932 0.0280764424363855 0.0809166153686357 0.000156582419527234
"NA19101.1.H08" 0.61328710013695 0.156809234014518 0.126752892961809 0.046677097207891 0.0564736756788323
"NA19101.1.H09" 0.171915025604663 0.516916176649915 0.262392411770566 0.0454090448105928 0.00336734116426264
"NA19101.1.H10" 0.701377601028096 0.0680784910624849 0.123910199607751 0.0770753983759746 0.0295583099256927
"NA19101.1.H12" 0.70603456141501 0.0804630878860049 0.139558871540328 0.0463705841309737 0.0275728950276833
"NA19101.2.A01" 0.647948908599626 0.120966756290755 0.148497053611051 0.0687784042437998 0.0138088772547683
"NA19101.2.A02" 0.739851348387943 0.154436755963855 0.0525983300270691 0.0528344763986393 0.00027908922249395
"NA19101.2.A03" 0.299076456578299 0.436435270262201 0.198470180788814 0.0653246166958947 0.000693475674790962
"NA19101.2.A04" 0.358584721266782 0.269993290671272 0.23310663287385 0.0520484717780532 0.0862668834100432
"NA19101.2.A06" 0.728984359727235 0.123592384160038 0.0858122793988966 0.0545680259356964 0.0070429507781334
"NA19101.2.A07" 0.410625159588092 0.25326641447431 0.259846519965901 0.0669286385781784 0.00933326739351832
"NA19101.2.A08" 0.752228921082403 0.0921869792148372 0.0857988569657758 0.0693302215705277 0.000455021166456186
"NA19101.2.A09" 0.774645973958312 0.076530895943545 0.0726706465596225 0.0716707840917157 0.00448169944680513
"NA19101.2.A10" 0.785781906340062 0.0713374981415417 0.0870542284741542 0.0555227297208163 0.000303637323426234
"NA19101.2.A11" 0.375480915923237 0.276409171507404 0.243854755282401 0.0570701046346591 0.0471850526522994
"NA19101.2.A12" 0.332311796750087 0.272676349919489 0.328333855054584 0.06343904006714 0.00323895820869988
"NA19101.2.B01" 0.513144784062344 0.142470353122992 0.257934980758608 0.067939650993579 0.0185102310624771
"NA19101.2.B02" 0.716117738311909 0.140364168836932 0.0536645976827816 0.0872122029789442 0.00264129218943326
"NA19101.2.B03" 0.685244342855197 0.184472211975485 0.0713850105325747 0.0572253235161612 0.00167311112058235
"NA19101.2.B04" 0.269999440735444 0.408805592724419 0.223828144694625 0.0969972573224603 0.000369564523051289
"NA19101.2.B05" 0.349014213318664 0.324922846763364 0.2024202574816 0.0573765417537943 0.0662661406825779
"NA19101.2.B06" 0.672311260387234 0.186115326604585 0.0829205691968317 0.0582942361488369 0.000358607662512039
"NA19101.2.B08" 0.65602425060726 0.211292640294467 0.0745364632353135 0.0518141745595516 0.00633247130340858
"NA19101.2.B09" 0.689482262082001 0.165770519229526 0.0693725664715511 0.0566264128497097 0.0187482393672127
"NA19101.2.B10" 0.659510890720455 0.225955589651645 0.0591064834760068 0.0551848496813649 0.000242186470528719
"NA19101.2.B12" 0.755691713671188 0.0850561939568216 0.103325870473923 0.0555177496458576 0.000408472252209589
"NA19101.2.C01" 0.345189474088574 0.255617027358222 0.248816652605354 0.0718161128823574 0.078560733065492
"NA19101.2.C03" 0.60718710786499 0.215384672765821 0.106436058173145 0.0521645925277931 0.0188275686682502
"NA19101.2.C04" 0.769975181471123 0.0810335965609495 0.0977936787419999 0.0479694848264456 0.00322805839948148
"NA19101.2.C05" 0.602773489536993 0.246005369873289 0.0839170709340715 0.0668924509205252 0.000411618735120752
"NA19101.2.C06" 0.73909590938739 0.17215827979438 0.00818101651256332 0.0623655211746558 0.018199273131011
"NA19101.2.C07" 0.820721026993884 0.108064001758026 0.0101088655570667 0.0517033039519619 0.00940280173906133
"NA19101.2.C08" 0.709722955650232 0.145600404709272 0.0911562394969549 0.0513020236909055 0.00221837645263515
"NA19101.2.C09" 0.230369057193757 0.423026965384949 0.226828257671142 0.0875790285599155 0.0321966911902363
"NA19101.2.C10" 0.345179133679542 0.39995235491419 0.187324335970904 0.0600335904938077 0.00751058494155542
"NA19101.2.C11" 0.736678301459337 0.0943976748597213 0.0745459617214902 0.0623914183663419 0.0319866435931099
"NA19101.2.C12" 0.265614309844528 0.441253565212755 0.173133590934513 0.0660210894851911 0.0539774445230128
"NA19101.2.D01" 0.753223586179021 0.133144262151002 0.0664180270791548 0.0470334337820512 0.000180690808770766
"NA19101.2.D02" 0.633813158823232 0.134074485732866 0.148372908445275 0.0645991213258605 0.0191403256727667
"NA19101.2.D03" 0.783792870203234 0.0557219566710697 0.0918051681592074 0.0499142923498604 0.0187657126166285
"NA19101.2.D04" 0.723729578300395 0.108358960233886 0.0993561799539398 0.0525522809317565 0.0160030005800226
"NA19101.2.D05" 0.345783570726961 0.291196283675518 0.241194846100265 0.0679384412434927 0.0538868582537634
"NA19101.2.D06" 0.612837697900612 0.220807248957435 0.081124485046464 0.0631544899331244 0.0220760781623646
"NA19101.2.D07" 0.572002867404476 0.282589015400681 0.0626617000454372 0.0823693922733345 0.000377024876071635
"NA19101.2.D08" 0.76973053976369 0.118186797624486 0.0336270414537937 0.0636550105559402 0.0148006106020901
"NA19101.2.D09" 0.475588714912671 0.182620224447155 0.22873811942037 0.0832689920688667 0.0297839491509366
"NA19101.2.D10" 0.504106741283164 0.325168552027387 0.0729657712553543 0.0807510716657877 0.0170078637683074
"NA19101.2.D11" 0.770927574592613 0.106123730458983 0.0728980376129326 0.0485560111642317 0.00149464617124002
"NA19101.2.D12" 0.309972629309175 0.470269155084142 0.156866278250152 0.0622171024379792 0.000674834918552038
"NA19101.2.E01" 0.639148725319237 0.186280974788843 0.101114486704626 0.0625437906917525 0.0109120224955414
"NA19101.2.E02" 0.763245905993621 0.151250060807801 0.0332263236706818 0.0519475475216963 0.000330162006199947
"NA19101.2.E03" 0.413130013997779 0.342828120682513 0.162188624555928 0.0561990143987555 0.0256542263650253
"NA19101.2.E04" 0.638222104465993 0.293519502586468 3.80892654326029e-05 0.0677215753253036 0.00049872835680286
"NA19101.2.E05" 0.271018384865292 0.414910243130687 0.233013809500786 0.0616057605007258 0.0194518020025088
"NA19101.2.E06" 0.531052386907857 0.260753737239723 0.140093926227322 0.066418116003207 0.00168183362189166
"NA19101.2.E07" 0.638802096640205 0.189892646876805 0.0921548130553787 0.0701371334388954 0.00901330998871628
"NA19101.2.E09" 0.633604760462227 0.11880566583529 0.168247554967193 0.0704582854436822 0.00888373329160746
"NA19101.2.E10" 0.793838285172794 0.0862025938437017 0.0559692847005671 0.0541204954405533 0.00986934084238401
"NA19101.2.E11" 0.647302577687079 0.2298344565463 0.032411188045405 0.0813265961764444 0.00912518154477169
"NA19101.2.E12" 0.85856741999609 0.0204636300974716 0.0612703112285656 0.0472665630477888 0.0124320756300839
"NA19101.2.F01" 0.763284025515479 0.0952573347604469 0.073765134714885 0.0644282212427884 0.00326528376640117
"NA19101.2.F02" 0.227915843827504 0.4531515845234 0.202718916616209 0.0604112222267544 0.0558024328061324
"NA19101.2.F03" 0.668594978577159 0.17706912144513 0.0477325329242705 0.0698804005148654 0.0367229665385751
"NA19101.2.F04" 0.639918653226155 0.262773454071415 0.0387675971157878 0.0583622325213535 0.000178063065288742
"NA19101.2.F06" 0.798681920511131 0.121479291541949 0.000150973296303135 0.0640594791846024 0.0156283354660148
"NA19101.2.F07" 0.726008848901289 0.135465303987406 0.0512140066362364 0.0870354735987275 0.000276366876340448
"NA19101.2.F08" 0.674078367432011 0.0933409167193923 0.132559349946082 0.0535049606578904 0.0465164052446241
"NA19101.2.F09" 0.648738399752602 0.149903535042749 0.146378961289034 0.0483911974377971 0.00658790647781775
"NA19101.2.F10" 0.246418976690771 0.480578919526639 0.196409804908874 0.0551620856338552 0.0214302132398615
"NA19101.2.F11" 0.304386332403355 0.347871956403295 0.265009534726203 0.0624218717787769 0.0203103046883711
"NA19101.2.F12" 0.376463562245207 0.250972837384267 0.190860625972688 0.0735895367176084 0.10811343768023
"NA19101.2.G01" 0.663426152013286 0.160089039523713 0.0864022224272192 0.0604573039649479 0.0296252820708337
"NA19101.2.G02" 0.655304794177714 0.199667850458543 0.0477208100301442 0.090045607189542 0.00726093814405637
"NA19101.2.G03" 0.573934744168796 0.268254033614003 0.0807575720805398 0.0741270314692404 0.00292661866742118
"NA19101.2.G04" 0.734658162779337 0.146954763643304 0.0516105044579527 0.0650483968932704 0.0017281722261354
"NA19101.2.G05" 0.609718789078605 0.202112682010156 0.128669714316876 0.0549513807218095 0.00454743387255376
"NA19101.2.G06" 0.345860643454145 0.321526581899705 0.223480806006801 0.0621718446369671 0.0469601240023821
"NA19101.2.G07" 0.596951162658515 0.279150502366439 0.0510670179871911 0.0726944356419233 0.000136881345931631
"NA19101.2.G08" 0.344651345907573 0.267972662510742 0.251373608192523 0.0686930344678589 0.0673093489213036
"NA19101.2.G09" 0.748444837555392 0.0688363183689027 0.0828781560904834 0.0786741092115742 0.021166578773647
"NA19101.2.G10" 0.25971149142443 0.443702943174838 0.208564467329754 0.0613598782812752 0.0266612197897027
"NA19101.2.G11" 0.31909216360656 0.301363246526007 0.261569855194355 0.0759799311272019 0.0419948035458771
"NA19101.2.G12" 0.685692713923498 0.143342731341054 0.0698433946925443 0.0680933323793064 0.0330278276635967
"NA19101.2.H01" 0.682723377668197 0.109857002653201 0.114834436622454 0.0636002094835189 0.0289849735726285
"NA19101.2.H02" 0.529928000503165 0.194839175430025 0.148285050486421 0.0726347944921767 0.0543129790882119
"NA19101.2.H03" 0.762611163987677 0.0279547120477863 0.102543132617928 0.0683727062631871 0.038518285083421
"NA19101.2.H05" 0.813601837040932 0.0503349898465941 0.0932106890320825 0.0424613650831415 0.000391118997250175
"NA19101.2.H06" 0.789614261537517 0.0716092282891846 0.055434386876729 0.0830539292357842 0.000288194060785546
"NA19101.2.H07" 0.755830397363381 0.0959277825323431 0.0495899912942891 0.0796872521307104 0.0189645766792763
"NA19101.2.H08" 0.79314367273964 0.0985648400231359 0.0536596612002182 0.0543499621891713 0.000281863847834963
"NA19101.2.H09" 0.308669333545609 0.350270549173026 0.244177097457622 0.0748573578907157 0.0220256619330277
"NA19101.2.H10" 0.339897510938733 0.423095260181014 0.150590868233969 0.0510559928743003 0.0353603677719832
"NA19101.2.H11" 0.554467249792518 0.215774692226014 0.161444677286811 0.0623873482625195 0.00592603243213736
"NA19101.2.H12" 0.303286602964074 0.333253043781832 0.282470809697706 0.0567424302678259 0.0242471132885614
"NA19101.3.A01" 0.0286967869302674 0.535273503304942 0.344574177155666 0.0880411044696438 0.00341442813948155
"NA19101.3.A02" 0.000113879011630806 0.78655041000905 0.158918364450395 0.0542963157807147 0.000121030748208914
"NA19101.3.A05" 0.237898250475262 0.329104809370831 0.352531752488538 0.0516684905296198 0.0287966971357493
"NA19101.3.A06" 0.687656899622937 0.1933662711999 0.0678699320924094 0.0508977186192435 0.000209178465509901
"NA19101.3.A07" 0.480349582746092 0.269306248581208 0.177980710744761 0.0722009626253713 0.000162495302567365
"NA19101.3.A09" 0.000391062813858266 0.760505247653814 0.170218107246616 0.0687863791519117 9.92031337991324e-05
"NA19101.3.A10" 0.797843107140428 0.0419994162300374 0.0452389157568334 0.0708945507566592 0.0440240101160415
"NA19101.3.A11" 0.141593115154531 0.565757015486169 0.20926854250929 0.0670650969606351 0.0163162298893746
"NA19101.3.A12" 0.666232835562987 0.250809566002249 0.0270249777581251 0.0509579665687089 0.00497465410792957
"NA19101.3.B01" 0.80598108486786 0.0383159395650434 0.0781249155903907 0.0607558492976134 0.0168222106790924
"NA19101.3.B02" 0.854342045964847 3.12367500424921e-05 0.0613856312542799 0.0819344359565616 0.00230665007426887
"NA19101.3.B05" 0.213483602219058 0.468297137467972 0.251534982728462 0.0501775066104658 0.0165067709740421
"NA19101.3.B06" 0.736186956110431 0.0980206584080294 0.108388761764922 0.0571665723090964 0.000237051407520986
"NA19101.3.B07" 0.827344452729558 0.0543331863305725 0.0403615177502189 0.0765389119610648 0.001421931228586
"NA19101.3.B08" 0.766353581692938 0.128143596136683 0.050201418896378 0.0544851669736475 0.000816236300353259
"NA19101.3.B09" 0.771274069773036 0.115243815036527 0.0501896656547287 0.0629801507177825 0.000312298817925935
"NA19101.3.B10" 0.783875005328726 0.0655737383862258 0.083879630211439 0.0650473112520801 0.0016243148215287
"NA19101.3.B11" 0.729060883541074 0.124275599965029 0.0526807164918152 0.0923157208002058 0.00166707920187604
"NA19101.3.B12" 0.768516084469275 0.0619079697323692 0.0522645320005928 0.088554325536075 0.0287570882616884
"NA19101.3.C01" 0.0258407342155453 0.649479302669413 0.262962391118857 0.0607636871237401 0.0009538848724447
"NA19101.3.C03" 0.663733212416295 0.217648553546488 0.0517590194848578 0.0581428432994704 0.00871637125288843
"NA19101.3.C04" 0.796239615548554 0.042911350958652 0.0673471604852664 0.0539831831760746 0.0395186898314525
"NA19101.3.C05" 0.71618194813239 0.177114138781882 0.0138803324789519 0.0829986414196111 0.00982493918716521
"NA19101.3.C06" 0.780038818947072 0.0959811700345401 0.0736666308066219 0.0501589890882464 0.000154391123519526
"NA19101.3.C07" 0.873710455270957 0.0654556990780097 0.00467239716579044 0.0528826588102764 0.00327878967496625
"NA19101.3.C08" 0.777671377017395 0.166169816423736 0.00446878047038571 0.0515799279256302 0.000110098162853151
"NA19101.3.C09" 0.160323767059757 0.355859846594096 0.348525915560483 0.0539840111221565 0.0813064596635079
"NA19101.3.C10" 0.592077930600984 0.199083553184121 0.127601195721681 0.0685871612926864 0.0126501592005277
"NA19101.3.C11" 0.762683004312662 0.0397355491959333 0.0950493085381152 0.0670586724871877 0.0354734654661022
"NA19101.3.C12" 0.0389873403972292 0.621993673678026 0.24980659736218 0.0452737367213502 0.0439386518412152
"NA19101.3.D01" 5.05566674560937e-05 0.811195928945244 0.128762301728813 0.0599386454514762 5.25672070105373e-05
"NA19101.3.D03" 0.748761679826856 0.16450854931591 0.0109117248065802 0.0753083566822507 0.000509689368402885
"NA19101.3.D04" 0.0624093124818845 0.608748834981913 0.227571443385448 0.0673577365787364 0.0339126725720185
"NA19101.3.D06" 0.753071269852137 0.0887766435041944 0.0399309945359499 0.071361632438503 0.046859459669216
"NA19101.3.D07" 0.000537304739865327 0.719414705178465 0.2213939869141 0.0583142646395531 0.000339738528016346
"NA19101.3.D08" 0.854087471530256 0.0720915209483618 2.61461837295984e-05 0.0654283337094295 0.00836652762822301
"NA19101.3.D09" 0.268588802188766 0.00664090373922754 0.496681428313502 0.0457071899472818 0.182381675811223
"NA19101.3.D10" 0.845949052335964 0.0679482053572857 0.00840170761273731 0.0775427774774696 0.000158257216543267
"NA19101.3.D12" 0.791239563769408 0.0509261091388431 0.092803525557084 0.0490677798024002 0.0159630217322644
"NA19101.3.E01" 0.595582655826239 0.196951846907165 0.136229495428499 0.0444914370856044 0.026744564752493
"NA19101.3.E02" 0.794017617879906 0.0732501814651461 0.0555784987075824 0.0470122492986251 0.0301414526487408
"NA19101.3.E03" 0.643014837607656 0.190318147001912 0.0926936093726814 0.0565069600880682 0.0174664459296825
"NA19101.3.E04" 0.679650282308868 0.124083478117026 0.0998732248758976 0.0457532497637645 0.0506397649344442
"NA19101.3.E06" 0.720104775310719 0.0864506223715229 0.109528188567038 0.0477241741088852 0.0361922396418345
"NA19101.3.E07" 0.798807983048966 0.0449460687160394 0.0948533288933748 0.0542821730273762 0.00711044631424359
"NA19101.3.E08" 0.0198382088869705 0.753778436131017 0.167764468761559 0.050183571180957 0.00843531503949592
"NA19101.3.E09" 0.746732780065161 0.0563520170554217 0.122829380093408 0.0680788857554515 0.00600693703055806
"NA19101.3.E10" 0.360535544561203 0.344424423300019 0.147803143318793 0.0495387418779251 0.0976981469420595
"NA19101.3.F01" 0.78123320930245 0.101460595576336 0.0498599972200692 0.065962028239699 0.00148416966144541
"NA19101.3.F02" 0.776868863717082 0.0396811825338103 0.111792333986906 0.0484281380603784 0.0232294817018233
"NA19101.3.F03" 0.778177247620705 0.0137557991448164 0.120083210506694 0.062617320665364 0.0253664220624204
"NA19101.3.F05" 0.843674142078176 0.0908928532179457 5.23369297973411e-05 0.064990749721373 0.000389918052708393
"NA19101.3.F07" 0.664808617674258 0.169460090270364 0.102528819210135 0.0629967633288695 0.000205709516374345
"NA19101.3.F08" 0.707478985880888 0.148430179081563 0.0658538723546588 0.0462526261169721 0.0319843365659189
"NA19101.3.F09" 0.259457974339235 0.365647204421597 0.24248185491958 0.0508857761809563 0.0815271901386315
"NA19101.3.F10" 0.82579829674817 0.0985923662092544 3.17861664091263e-05 0.0748135624583047 0.000763988417861886
"NA19101.3.F11" 0.735635182056415 0.155893873719075 0.0385016236917978 0.0440384826776042 0.0259308378551075
"NA19101.3.F12" 0.821530316066545 0.0536187723460996 0.0503822288378051 0.0459693920227157 0.0284992907268343
"NA19101.3.G01" 0.588002131868271 0.166981386643696 0.150857158930003 0.0521684219954031 0.0419909005626272
"NA19101.3.G02" 0.252330619814877 0.418935331105989 0.243597966499825 0.0532515893735906 0.0318844932057181
"NA19101.3.G03" 0.728421331562427 0.096553517647993 0.0984151445627531 0.0480532247996194 0.0285567814272076
"NA19101.3.G05" 0.7802662161089 0.121455246194736 0.0392696584789053 0.0569615787768027 0.00204730044065561
"NA19101.3.G06" 0.763299013819437 0.118319739654469 0.0766949674225636 0.041545170586244 0.000141108517287164
"NA19101.3.G07" 0.622279396438374 0.197581372445062 0.0925536947255845 0.0584225212204336 0.0291630151705452
"NA19101.3.G08" 0.661796097978413 0.176876080441108 0.107517664934934 0.0531633902628249 0.000646766382719595
"NA19101.3.G09" 0.112371100362159 0.597769606034431 0.222079952601955 0.0650879432454093 0.002691397756046
"NA19101.3.G10" 0.838969591180388 0.0693216695329253 0.0516821537285367 0.0398933934121643 0.000133192145985965
"NA19101.3.G11" 0.751539934402988 0.0730224396795196 0.109490818038755 0.0406270426029276 0.0253197652758099
"NA19101.3.G12" 0.835219218856554 0.0664676650494595 0.0564516557621646 0.0407540099688059 0.0011074503630158
"NA19101.3.H01" 0.00772480211198349 0.710893023839537 0.230142047567361 0.0507039777822132 0.000536148698905067
"NA19101.3.H02" 0.232731999706139 0.237057903744753 0.323717340061437 0.0491326060206414 0.157360150467029
"NA19101.3.H03" 0.0364002555421228 0.720506450335116 0.180327723668556 0.0612567834323453 0.00150878702185965
"NA19101.3.H05" 0.895095279450563 0.0160147031945708 0.034347471224922 0.0430912771184892 0.0114512690114555
"NA19101.3.H07" 0.0403284584956572 0.603302579920848 0.278652593869861 0.0699440562787382 0.00777231143489525
"NA19101.3.H08" 0.780987324167402 0.0726096053608285 0.0761353836023303 0.0445894369930667 0.0256782498763725
"NA19101.3.H09" 0.0633802028814913 0.631557202917839 0.21897957160275 0.0639121051756525 0.0221709174222672
"NA19101.3.H10" 0.831241519036699 0.0220908890737834 0.0969227939883624 0.0470960494931876 0.00264874840796813
"NA19101.3.H11" 0.851252822436115 0.000325655087104933 0.100733747577966 0.0470372506696876 0.000650524229126479
"NA19239.1.A01.1" 0.439775411510279 9.28737308139788e-05 0.31619113214843 9.78731825329281e-06 0.243930795292223
"NA19239.1.A02.1" 0.494230651476486 0.00985152460001497 0.400166069336778 0.00854533958309198 0.0872064150036294
"NA19239.1.A04.1" 0.242055916958195 0.415601183558154 0.255179115938089 0.0377451541900146 0.0494186293555473
"NA19239.1.A05.1" 0.499188739182851 0.171886668458102 0.24663275188341 1.77220264008286e-05 0.0822741184492362
"NA19239.1.A06.1" 0.528596655724739 0.245084582896061 0.147246823637426 1.64115206078947e-05 0.0790555262211657
"NA19239.1.A07.1" 0.358356433452743 0.174395308972928 0.120477467913962 1.21865140507091e-05 0.346758603146317
"NA19239.1.A09.1" 0.519299494100447 0.133285381087947 0.267916455227783 0.0338375421178627 0.0456611274659604
"NA19239.1.A10.1" 0.146678315321145 0.0741948090014239 0.200940102211753 6.02225730532504e-05 0.578126550892625
"NA19239.1.A11.1" 0.477476886771877 0.0228092003361432 0.328307461391249 3.29319158163152e-05 0.171373519584915
"NA19239.1.A12.1" 0.420463904443517 3.37812254228365e-05 0.186825017630502 0.0489278068317983 0.34374948986876
"NA19239.1.B01" 0.40103428350023 0.116056075053093 0.276360201520679 0.000118228848592845 0.206431211077405
"NA19239.1.B02.1" 0.570882807806464 0.0466995590037783 0.259301639734277 0.000200182524017241 0.122915810931463
"NA19239.1.B03.1" 0.62068977620992 0.0132546495120308 0.180972062521281 8.17028521270849e-06 0.185075341471555
"NA19239.1.B04" 0.482954057612811 0.220315408987355 0.198965845827368 2.10302899796198e-05 0.0977436572824868
"NA19239.1.B06.1" 0.000120290164202952 0.146504228849811 0.0225993795189887 0.00778318692307283 0.822992914543924
"NA19239.1.B09.1" 0.513822750428291 0.0828794335025746 0.165889005163892 0.0111166515184239 0.226292159386818
"NA19239.1.B10.1" 0.280486755849032 0.0900750903033519 0.138023792027042 8.96731003850981e-06 0.491405394510536
"NA19239.1.B11.1" 0.248165193648427 0.0917805884635929 0.211325862304447 0.0497008471869175 0.399027508396616
"NA19239.1.B12.1" 0.0519513789872053 0.0845610963861702 0.138003191310148 0.0079042396338524 0.717580093682624
"NA19239.1.C01.1" 0.421078734480017 0.0958659696324861 0.400774361062047 0.0476241687882707 0.0346567660371798
"NA19239.1.C02.1" 0.51493349284809 0.145256915960357 0.120950335859444 5.59686779680854e-06 0.218853658464312
"NA19239.1.C03.1" 0.286820432211556 0.119061275609136 0.100165841157971 8.36458344240042e-06 0.493944086437895
"NA19239.1.C04" 0.264917853021128 0.086376528492208 0.537872115499542 0.036959471695608 0.0738740312915134
"NA19239.1.C05.1" 0.298204548308369 0.115213059693758 0.197731390527377 2.25816685709422e-05 0.388828419801926
"NA19239.1.C06.1" 0.45090890790348 0.224864994570463 0.104433104535132 1.42448591305228e-05 0.219778748131795
"NA19239.1.C07.1" 0.467039685099709 0.100885717212044 0.328409856703933 0.00116013984982842 0.102504601134486
"NA19239.1.C08.1" 0.62691861157107 0.0943277921286455 0.238801026700621 0.0161646659153586 0.0237879036843047
"NA19239.1.C09.1" 0.564355558800306 0.209918591262523 0.186551625371343 0.000698847624522787 0.0384753769413052
"NA19239.1.C10.1" 0.517883465315671 0.0925497739419031 0.256729311049357 6.92103280948212e-05 0.132768239364974
"NA19239.1.C11.1" 0.383426735947148 0.113254388208003 0.25867705664856 7.11530086612438e-05 0.244570666187627
"NA19239.1.C12.1" 0.411786829508425 0.0689906535207787 0.259930746684099 0.03302609702369 0.226265673263008
"NA19239.1.D01.1" 0.0964187854610651 0.110128198331692 0.183139009849517 0.0151796443289438 0.595134362028783
"NA19239.1.D02.1" 0.330551878872171 0.0890543359305006 0.271823076814913 5.00212801826455e-06 0.308565706254397
"NA19239.1.D03.1" 0.186777629674118 0.0731171364386372 0.156925438161987 3.00161521131143e-05 0.583149779573145
"NA19239.1.D04.1" 0.300225627849693 0.085195477131818 0.521648518010596 0.0447786011989611 0.0481517758089314
"NA19239.1.D05.1" 0.272542477892352 0.20702884338617 0.230975402769125 7.05180558789008e-06 0.289446224146765
"NA19239.1.D06.1" 0.563420751459639 0.260706099390923 0.0610800778736325 1.16839282900706e-05 0.114781387347516
"NA19239.1.D07.1" 0.0628122585801929 4.21605007256784e-05 0.160508943968215 8.54194019085343e-06 0.776628095010676
"NA19239.1.D08.1" 0.169955995752607 0.0885230268539216 0.271763170873817 4.5619181873373e-05 0.469712187337781
"NA19239.1.D09.1" 0.10991268193973 0.096581637903297 0.09953391488936 0.0620837067793608 0.631888058488252
"NA19239.1.D10.1" 0.289980076036397 0.151914317237292 0.28970939493191 7.60245760996919e-06 0.268388609336791
"NA19239.1.D11.1" 0.270691268507054 0.145757944185215 0.0870151475849116 1.09197314239745e-05 0.496524719991395
"NA19239.1.D12.1" 0.54977920663453 0.104531338854799 0.220215681349925 0.000303856539712007 0.125169916621034
"NA19239.1.E01.1" 0.0553127541197988 0.000217954292351411 0.111008772120854 0.080467235801753 0.752993283665242
"NA19239.1.E02.1" 0.513337655410574 0.0861392042484118 0.277654434016219 0.00787214822195318 0.114996558102842
"NA19239.1.E03.1" 0.0219233387592646 3.39537834887904e-05 0.182900139418234 8.01253775975655e-06 0.795134555501253
"NA19239.1.E04.1" 0.664342660029712 0.243091691137057 4.87335262208629e-05 9.68748821370121e-06 0.0925072278187966
"NA19239.1.E05.1" 0.119740359476248 0.0742996781647648 0.0834566738472183 1.04977328623022e-05 0.722492790778907
"NA19239.1.E06.1" 0.531117477597346 0.242507121439752 0.168244264798252 2.85235650656974e-05 0.058102612599584
"NA19239.1.E07.1" 0.579938168764206 0.101915167307244 0.291025467772967 0.0197581480314796 0.00736304812410343
"NA19239.1.E08.1" 0.527952263859876 0.079102666004036 0.326676253919751 0.0267615112619275 0.03950730495441
"NA19239.1.E09.1" 0.370556681379221 0.131108808102437 0.417036319422123 0.0315804408303599 0.0497177502658589
"NA19239.1.E11.1" 0.411862844326442 0.247320033199201 0.195004324988146 7.405834862813e-05 0.145738739137583
"NA19239.1.E12.1" 0.208931965316297 0.0815291821525387 0.233747054826309 0.00157621433779381 0.474215583367062
"NA19239.1.F01.1" 0.456040615268606 0.132801012014763 0.211580762831386 1.96100030163666e-05 0.199557999882229
"NA19239.1.F02.1" 0.406795342957321 0.0894961359404693 0.220726524716997 6.222787161462e-06 0.282975773598051
"NA19239.1.F03.1" 0.0328390146978478 0.520006158064691 0.322973229402163 0.0384644876201411 0.0857171102151578
"NA19239.1.F04.1" 0.526935223057146 0.379503017248948 0.037802651210784 1.17698636642815e-05 0.0557473386194576
"NA19239.1.F05.1" 5.08795546621686e-05 0.124201215555433 2.77764570770378e-05 0.0184116697156071 0.857308458717221
"NA19239.1.F06.1" 0.551684888260743 0.0641741709947814 0.370977110431134 0.0119012078099981 0.00126262250334338
"NA19239.1.F07.1" 0.414094427054625 0.181163229448405 0.32353413791899 0.000152449444161474 0.0810557561338187
"NA19239.1.F08.1" 0.415938527105572 0.13084065471223 0.304944494754338 0.00445873744913211 0.143817585978728
"NA19239.1.F09.1" 0.433909036750937 0.143739464863271 0.239060572058195 0.0225045581701003 0.160786368157496
"NA19239.1.F10.1" 0.098657155021999 0.197901123874559 0.0144954870735315 3.51441402719929e-05 0.688911089889639
"NA19239.1.F11.1" 0.143827348476506 0.154153118387318 0.137313479519171 0.0234906169423586 0.541215436674646
"NA19239.1.F12.1" 0.482692574660344 0.0936324443291861 0.382147085313608 0.0300277711696446 0.0115001245272176
"NA19239.1.G01.1" 0.207641199016382 0.136995486707202 0.0972495333196269 0.0786519071825783 0.479461873774211
"NA19239.1.G04.1" 0.477764537319609 0.238842067851752 0.0482565079477179 8.21826238845326e-06 0.235128668618532
"NA19239.1.G05.1" 0.305017492747769 0.331984540591271 3.33180641891019e-05 8.09455586375708e-06 0.362956554040907
"NA19239.1.G06.1" 0.521149125014097 0.177050726065719 0.0671390093437873 1.17952247524943e-05 0.234649344351644
"NA19239.1.G07.1" 0.548095957333685 0.142890374548861 0.190523280775157 2.21741265709798e-05 0.118468213215726
"NA19239.1.G08.1" 0.52881739318165 0.145604011881403 0.161558957425578 8.42260976024906e-06 0.164011214901609
"NA19239.1.G09.1" 0.341570533447161 0.022552581522234 0.548151955144248 0.0871085230149334 0.000616406871423467
"NA19239.1.G10.1" 0.000321053625450001 4.8628779930598e-05 0.303671339202663 0.000676887176197272 0.695282091215759
"NA19239.1.G11.1" 0.507368081359953 0.0824683192470596 0.270615932933538 0.00103116413422535 0.138516502325224
"NA19239.1.G12.1" 0.108077614847317 0.153940221572155 0.124856782219088 0.0476755552942545 0.565449826067186
"NA19239.1.H01.1" 0.136917588611369 0.0466012121242505 0.16436409465179 0.0223940547374909 0.6297230498751
"NA19239.1.H02" 0.0742689450954814 0.147355081164963 0.0407992225416509 6.21452296557521e-06 0.737570536674939
"NA19239.1.H03.1" 0.203411409704854 0.130734405825534 0.118089497684724 0.00594132651801368 0.541823360266875
"NA19239.1.H04.1" 0.0591776416974687 0.270303630794049 1.4374214943692e-05 8.538142466006e-06 0.670495815151072
"NA19239.1.H06.1" 0.535584922826758 0.190026763736564 0.0594508847551655 1.14133990053177e-05 0.214926015282507
"NA19239.1.H08.1" 0.209625290218945 0.0727217418668575 0.110702568287966 2.28433106828765e-05 0.606927556315548
"NA19239.1.H09.1" 0.267505427262024 0.0347908125761702 0.150627392823613 0.00692606800970834 0.540150299328484
"NA19239.1.H11.1" 0.218320944616502 0.106196277728076 0.149370979768267 0.000158453100490959 0.525953344786665
