"1" "2" "3" "4"
"NA19098.1.A01" 0.292246045589254 0.36701212066582 0.198824723894777 0.141917109850149
"NA19098.1.A02" 0.607555079736279 0.14192996837683 0.107109190345534 0.143405761541357
"NA19098.1.A03" 0.374367556542956 0.320624714682786 0.123795767338537 0.181211961435721
"NA19098.1.A04" 0.335313274147023 0.30174618322952 0.163668179707882 0.199272362915574
"NA19098.1.A05" 0.436464888611738 0.248809745208078 0.124698831790057 0.190026534390127
"NA19098.1.A06" 0.3982381322727 0.246080142413396 0.226124129270773 0.12955759604313
"NA19098.1.A07" 0.408576499516293 0.309328156837648 0.148169138147446 0.133926205498613
"NA19098.1.A08" 0.443470057086359 0.193571496339958 0.225931359005882 0.137027087567801
"NA19098.1.A09" 0.3257487149077 0.374855916530199 0.163118561594588 0.136276806967513
"NA19098.1.A10" 0.383308126472811 0.178275363184369 0.308945054911603 0.129471455431217
"NA19098.1.A11" 0.386758073354639 0.249249424876225 0.185233712686234 0.178758789082902
"NA19098.1.A12" 0.410578373356046 0.325237130137211 0.0995135473702313 0.164670949136512
"NA19098.1.B01" 0.538348247475192 0.163509757490978 0.117586402091611 0.180555592942219
"NA19098.1.B02" 0.406471893202746 0.297284482110007 0.0880390054617012 0.208204619225546
"NA19098.1.B03" 0.219533357445508 0.30537209489294 0.327364964547147 0.147729583114405
"NA19098.1.B05" 0.390439991039149 0.281612805750604 0.141827168110829 0.186120035099418
"NA19098.1.B06" 0.39126637257978 0.277904217112685 0.156103324782636 0.174726085524899
"NA19098.1.B07" 0.488061626707175 0.226358981052251 0.107401667544227 0.178177724696348
"NA19098.1.B08" 0.304593861203447 0.222819733652114 0.388207179773912 0.0843792253705268
"NA19098.1.B09" 0.321325192462842 0.282255857117673 0.246648506887419 0.149770443532066
"NA19098.1.B10" 0.283362121789952 0.433337669386091 0.169945193280095 0.113355015543861
"NA19098.1.B11" 0.361269011035852 0.290689684312617 0.199103158503984 0.148938146147548
"NA19098.1.B12" 0.496930164216308 0.191412545440729 0.146869325851394 0.164787964491569
"NA19098.1.C01" 0.460395327414742 0.212237053542191 0.199543913408404 0.127823705634663
"NA19098.1.C02" 0.43845184405964 0.221647005321764 0.175171357824422 0.164729792794173
"NA19098.1.C03" 0.423012358767542 0.31127840436192 0.0991691578929923 0.166540078977546
"NA19098.1.C04" 0.367492642394432 0.280902351792443 0.173970059898658 0.177634945914467
"NA19098.1.C05" 0.367919474573114 0.306204413772972 0.223896587733 0.101979523920913
"NA19098.1.C06" 0.404350410202765 0.282375636370452 0.137884690105414 0.175389263321369
"NA19098.1.C07" 0.416810576525952 0.200911220561255 0.293217982770659 0.0890602201421338
"NA19098.1.C08" 0.379519686858379 0.376992690743287 0.115908838797731 0.127578783600604
"NA19098.1.C09" 0.366103662747751 0.299830514910772 0.176219865265599 0.157845957075878
"NA19098.1.C10" 0.480074080770845 0.234922667473399 0.0991584725147482 0.185844779241008
"NA19098.1.C11" 0.419465644141031 0.15940480167249 0.30822535819812 0.112904195988359
"NA19098.1.C12" 0.358831621443182 0.289121238806026 0.229497409134436 0.122549730616356
"NA19098.1.D01" 0.4441335973669 0.250371097634033 0.15072947332173 0.154765831677337
"NA19098.1.D02" 0.413190027045843 0.242215679454751 0.229564955466087 0.115029338033319
"NA19098.1.D03" 0.50978877166571 0.222397555813943 0.113826405642763 0.153987266877583
"NA19098.1.D04" 0.434141042939478 0.16836985895505 0.270894426405619 0.126594671699853
"NA19098.1.D05" 0.321452944320014 0.371650853347806 0.158514518366481 0.148381683965699
"NA19098.1.D06" 0.501210222079367 0.117507825311805 0.249277716590276 0.132004236018551
"NA19098.1.D07" 0.0622566456875977 0.552966555255562 0.20482106958243 0.17995572947441
"NA19098.1.D08" 0.281327509599096 0.291914062230083 0.33165015085202 0.0951082773188013
"NA19098.1.D09" 0.252568544814913 0.421441818371355 0.154580996258998 0.171408640554734
"NA19098.1.D10" 0.424351730329894 0.250469753601192 0.180782800134648 0.144395715934266
"NA19098.1.D11" 0.322836761083461 0.348482448620242 0.110063713690579 0.218617076605717
"NA19098.1.D12" 0.486973005571986 0.231585007481889 0.084594511169061 0.196847475777064
"NA19098.1.E01" 0.344700211142992 0.301050926721318 0.16076659732625 0.19348226480944
"NA19098.1.E02" 0.419326914344539 0.202020433368216 0.193266609630825 0.18538604265642
"NA19098.1.E03" 0.483905353163279 0.25741442091959 0.10720432943518 0.151475896481951
"NA19098.1.E05" 0.42989827274178 0.299695862128254 0.0955827616302439 0.174823103499722
"NA19098.1.E06" 0.409288400579689 0.288310750323643 0.112855731787843 0.189545117308825
"NA19098.1.E07" 0.336059838873456 0.396784701228792 0.138535066463025 0.128620393434727
"NA19098.1.E08" 0.475102825079275 0.194679055187053 0.234462625941861 0.0957554937918107
"NA19098.1.E09" 0.379537534843204 0.214014014218031 0.278170422930229 0.128278028008536
"NA19098.1.E10" 0.424291812454213 0.269116877519766 0.159188946212994 0.147402363813027
"NA19098.1.E11" 0.393354950005183 0.164543293024819 0.323439344776755 0.118662412193242
"NA19098.1.E12" 0.480217513502812 0.145908696183221 0.22944414809289 0.144429642221078
"NA19098.1.F01" 0.339057422996263 0.316295075698628 0.197643755769502 0.147003745535608
"NA19098.1.F02" 0.537079642920408 0.129236585593202 0.162000956883113 0.171682814603277
"NA19098.1.F03" 0.481777374198281 0.275925522261787 0.0806943751308485 0.161602728409084
"NA19098.1.F04" 0.329153479472535 0.304496186102828 0.227030694298381 0.139319640126256
"NA19098.1.F06" 0.252841794814422 0.445309579537153 0.157938432683588 0.143910192964837
"NA19098.1.F07" 0.26656848212751 0.420380305257666 0.163664708030748 0.149386504584076
"NA19098.1.F08" 0.410986042885177 0.250187606918424 0.143551629355185 0.195274720841214
"NA19098.1.F09" 0.357893253010914 0.288533440392564 0.25450724150996 0.0990660650865612
"NA19098.1.F10" 0.542071657352871 0.134883271267165 0.158911804975734 0.16413326640423
"NA19098.1.F11" 0.380822756199442 0.307505693401901 0.122466722714099 0.189204827684558
"NA19098.1.F12" 0.367089450169379 0.312017184640704 0.191423559510427 0.12946980567949
"NA19098.1.G01" 0.385072178457728 0.289695892897059 0.222812579752947 0.102419348892267
"NA19098.1.G02" 0.451969316416982 0.234178177521957 0.143893972312999 0.169958533748062
"NA19098.1.G03" 0.266762483703722 0.339716184314006 0.198435548048734 0.195085783933538
"NA19098.1.G04" 0.37759682518224 0.225220919863406 0.227222348941508 0.169959906012846
"NA19098.1.G05" 0.402858856951113 0.269484180346271 0.170300623360523 0.157356339342093
"NA19098.1.G06" 0.323225498538722 0.214460411722209 0.318306271757269 0.1440078179818
"NA19098.1.G07" 0.348526548808404 0.30305718194214 0.258447418101539 0.0899688511479169
"NA19098.1.G08" 0.383702479414806 0.273592783817243 0.167374990809704 0.175329745958247
"NA19098.1.G09" 0.337479813080344 0.328136823320434 0.141828107414203 0.192555256185018
"NA19098.1.G10" 0.413397964824886 0.164806979948076 0.323395521488882 0.0983995337381558
"NA19098.1.G11" 0.427205236771109 0.162234944532635 0.292037740779652 0.118522077916604
"NA19098.1.G12" 0.386537369241795 0.339191731372169 0.138720691406583 0.135550207979453
"NA19098.1.H01" 0.495590479421512 0.216449386517671 0.166371661376287 0.121588472684529
"NA19098.1.H02" 0.425013592080353 0.335401099107003 0.114518164719331 0.125067144093313
"NA19098.1.H03" 0.336382779904414 0.345838273868582 0.121989380716742 0.195789565510262
"NA19098.1.H04" 0.398023545199535 0.311556087101364 0.111423574821124 0.178996792877976
"NA19098.1.H05" 0.516080103033888 0.231675491610545 0.120561523074885 0.131682882280682
"NA19098.1.H06" 0.186467227115047 0.446737904676476 0.179865931123008 0.186928937085468
"NA19098.1.H07" 0.305412839366997 0.387336599693049 0.121812271430827 0.185438289509127
"NA19098.1.H08" 0.221292793131375 0.439151758622751 0.147282827237382 0.192272621008493
"NA19098.1.H09" 0.141339657853781 0.403942061558836 0.262322834361003 0.19239544622638
"NA19098.1.H10" 0.451737759000851 0.249950082397229 0.136138620343973 0.162173538257947
"NA19098.1.H11" 0.429372472904616 0.253027246608986 0.120672994513168 0.196927285973229
"NA19098.1.H12" 0.40546810353123 0.282645786972475 0.169622729483375 0.14226338001292
"NA19098.2.A01" 0.0127161075933089 0.535410307731796 0.274207141987077 0.177666442687819
"NA19098.2.A02" 0.492828820608533 0.24156278977855 0.130258676397423 0.135349713215494
"NA19098.2.A03" 0.492993695618837 0.2621849954506 0.0963921330280231 0.14842917590254
"NA19098.2.A04" 0.504505345377632 0.210748685600868 0.127649703539587 0.157096265481914
"NA19098.2.A05" 0.450143066858483 0.19185699039449 0.268031552382374 0.0899683903646536
"NA19098.2.A06" 0.21192547819457 0.419297119653105 0.17698112955007 0.191796272602255
"NA19098.2.A07" 0.484168827732172 0.144430567349906 0.26105524676451 0.110345358153413
"NA19098.2.A08" 0.483058965808239 0.192694906922983 0.176320581589166 0.147925545679612
"NA19098.2.A09" 0.147269066540077 0.525456576944942 0.169675528950403 0.157598827564579
"NA19098.2.A10" 0.408397843023755 0.29386777120047 0.154861509567961 0.142872876207813
"NA19098.2.A11" 0.469221517151521 0.225453206513909 0.145650362171544 0.159674914163026
"NA19098.2.B01" 0.285747791413666 0.367940643508421 0.192824636060691 0.153486929017223
"NA19098.2.B02" 0.440693323026242 0.224886363056709 0.230545213450708 0.103875100466341
"NA19098.2.B03" 0.422056322736086 0.210503571559889 0.253987761766335 0.11345234393769
"NA19098.2.B04" 0.404222608625133 0.290480380339383 0.134279521028484 0.171017490007
"NA19098.2.B05" 0.37247505951641 0.226379435208531 0.269176856534081 0.131968648740978
"NA19098.2.B06" 0.374247545104394 0.206594425488695 0.285996978295514 0.133161051111396
"NA19098.2.B07" 0.490686609482112 0.235561210197861 0.125936555258296 0.147815625061731
"NA19098.2.B08" 0.449831893794828 0.212491187639435 0.256813340839586 0.0808635777261507
"NA19098.2.B09" 0.333150199831959 0.202682353008622 0.350000708407143 0.114166738752275
"NA19098.2.B10" 0.501203123496103 0.210677161725708 0.170208371800812 0.117911342977378
"NA19098.2.B11" 0.184281013966747 0.495608567677467 0.196856899364959 0.123253518990827
"NA19098.2.C01" 0.451931400838311 0.207300871766791 0.179596730454252 0.161170996940646
"NA19098.2.C02" 0.351907888786874 0.231149116288418 0.319968159984537 0.0969748349401708
"NA19098.2.C03" 0.334663691929438 0.254714506200713 0.286680381397627 0.123941420472223
"NA19098.2.C04" 0.159463695925071 0.451723063604338 0.180800570241091 0.2080126702295
"NA19098.2.C05" 0.463794654954985 0.239257910303945 0.175222741835265 0.121724692905804
"NA19098.2.C06" 0.310846794361403 0.328429563355377 0.216448464916878 0.144275177366341
"NA19098.2.C07" 0.441046751875454 0.235488810976841 0.21372032735507 0.109744109792635
"NA19098.2.C08" 0.385234562813439 0.23924672421435 0.167051301783147 0.208467411189064
"NA19098.2.C09" 0.124010593934956 0.526523944784631 0.220503225211719 0.128962236068694
"NA19098.2.C10" 0.395296759165733 0.275386631450803 0.1598203650456 0.169496244337863
"NA19098.2.C11" 0.427930255123768 0.307988168830675 0.129288253442983 0.134793322602574
"NA19098.2.C12" 0.447246472535842 0.251195204938269 0.136804558794126 0.164753763731762
"NA19098.2.D01" 0.408204361238626 0.339356130209742 0.126545746688591 0.125893761863042
"NA19098.2.D02" 0.266914388262248 0.396152153138877 0.130869053916858 0.206064404682017
"NA19098.2.D03" 0.304467326783108 0.361381572112128 0.150876734882895 0.183274366221869
"NA19098.2.D04" 0.358555491524409 0.305593512336448 0.153553229301344 0.182297766837799
"NA19098.2.D05" 0.436418186431698 0.118615776138356 0.319182302026315 0.125783735403631
"NA19098.2.D06" 0.381345515636448 0.223056715195701 0.309732128537379 0.0858656406304714
"NA19098.2.D08" 0.521496852554937 0.137783369854873 0.168354343517842 0.172365434072347
"NA19098.2.D09" 0.189462701503493 0.477110901321751 0.183564097574484 0.149862299600272
"NA19098.2.D10" 0.41204858252123 0.296154546213878 0.0982738361653113 0.19352303509958
"NA19098.2.D11" 0.360581746767141 0.222077705115487 0.355133481410767 0.0622070667066049
"NA19098.2.D12" 0.370157626509532 0.240082591421509 0.248575062484002 0.141184719584958
"NA19098.2.E01" 0.527249381784005 0.226699946001497 0.0655817805735356 0.180468891640962
"NA19098.2.E02" 0.528339364497023 0.183927798171768 0.146438410954693 0.141294426376516
"NA19098.2.E03" 0.542951291223189 0.187525956849744 0.135480323240477 0.13404242868659
"NA19098.2.E04" 0.249318087814603 0.405800652004486 0.203171697955846 0.141709562225066
"NA19098.2.E05" 0.480063016547351 0.2621664204204 0.123762419190577 0.134008143841671
"NA19098.2.E06" 0.504219484496737 0.260089159548053 0.0908767302287927 0.144814625726417
"NA19098.2.E07" 0.386316197175938 0.235601994784057 0.184753398548461 0.193328409491544
"NA19098.2.E08" 0.458657467840404 0.240864635956566 0.119009655747913 0.181468240455117
"NA19098.2.E09" 0.514851938518764 0.163340463142234 0.150510179408687 0.171297418930315
"NA19098.2.E11" 0.442765983468102 0.127792919262542 0.296950327031429 0.132490770237928
"NA19098.2.E12" 0.396108123295421 0.30295540841252 0.145130247008341 0.155806221283718
"NA19098.2.F01" 0.151289142201263 0.481085113958071 0.224862752067676 0.14276299177299
"NA19098.2.F02" 0.516303547721337 0.185822384739714 0.169246252355819 0.12862781518313
"NA19098.2.F03" 0.484147753508006 0.197957571533137 0.188420156647905 0.129474518310953
"NA19098.2.F04" 0.375077361308961 0.32677468308044 0.133307917313052 0.164840038297546
"NA19098.2.F05" 0.384326282464703 0.174241568218721 0.345904138206125 0.0955280111104507
"NA19098.2.F07" 0.44949414796922 0.239149170733293 0.202019409976037 0.10933727132145
"NA19098.2.F08" 0.433996874544329 0.240353037388092 0.135775460567227 0.189874627500352
"NA19098.2.F09" 0.532623347042158 0.184027679415278 0.10475057164114 0.178598401901424
"NA19098.2.F10" 0.454720338842297 0.232565016431782 0.130838987778537 0.181875656947384
"NA19098.2.F11" 0.192897413870183 0.402039956395259 0.258156044161129 0.146906585573429
"NA19098.2.F12" 0.488478750613436 0.250906863156231 0.151286645503782 0.109327740726552
"NA19098.2.G01" 0.243266141908264 0.423095895577889 0.187618622613076 0.146019339900771
"NA19098.2.G02" 0.489374984039748 0.208275413567207 0.120519559100017 0.181830043293028
"NA19098.2.G03" 0.518802828692461 0.228844339924373 0.105185399227944 0.147167432155222
"NA19098.2.G04" 0.528820080274967 0.132535991884269 0.186742960294532 0.151900967546232
"NA19098.2.G05" 0.380816391540391 0.272991058753706 0.191761487564283 0.154431062141621
"NA19098.2.G06" 0.450464709980762 0.268731553542112 0.0965491904249347 0.184254546052191
"NA19098.2.G07" 0.332633949201478 0.278724634634079 0.270078838393566 0.118562577770876
"NA19098.2.G08" 0.441425315268481 0.27186263889781 0.122416755471127 0.164295290362582
"NA19098.2.G09" 0.52498688847278 0.247784388541005 0.0928822461867281 0.134346476799488
"NA19098.2.G10" 0.300297939736455 0.326482415040699 0.207776588915313 0.165443056307532
"NA19098.2.G11" 0.332207753578683 0.336823725577589 0.184020184242504 0.146948336601224
"NA19098.2.G12" 0.380343350316491 0.306621085447825 0.10573208704799 0.207303477187694
"NA19098.2.H01" 0.188184847681773 0.434128107316653 0.231823413053042 0.145863631948531
"NA19098.2.H02" 0.435558342972989 0.263710523712799 0.170282595268618 0.130448538045595
"NA19098.2.H03" 0.433578264640268 0.268338763959385 0.172128150580748 0.125954820819599
"NA19098.2.H04" 0.437372895306291 0.213412895116091 0.129137387283097 0.220076822294522
"NA19098.2.H05" 0.419549084177932 0.244821431284223 0.118333428149936 0.217296056387909
"NA19098.2.H06" 0.398182869567576 0.277286275261074 0.130523598218116 0.194007256953234
"NA19098.2.H07" 0.134685794942648 0.436942418747611 0.187054542945765 0.241317243363977
"NA19098.2.H08" 0.219525056262287 0.418642521044777 0.200146716410071 0.161685706282865
"NA19098.2.H10" 0.448714929008138 0.169865189631339 0.264270717312176 0.117149164048347
"NA19098.2.H11" 0.370022380903201 0.323370098827261 0.128501458848504 0.178106061421034
"NA19098.2.H12" 0.183374151039881 0.389780362748029 0.208882516886745 0.217962969325345
"NA19098.3.A03" 0.453296267218568 0.257739590075605 0.139633947231976 0.149330195473851
"NA19098.3.A05" 0.192311250536601 0.406430672058041 0.240024585106879 0.161233492298479
"NA19098.3.A06" 0.376768873038439 0.315733169926282 0.129750274281426 0.177747682753852
"NA19098.3.A07" 0.237094102366513 0.411268549421486 0.183879370241648 0.167757977970353
"NA19098.3.A08" 0.398648335886421 0.204913265023324 0.258124694710843 0.138313704379412
"NA19098.3.A12" 0.48540848395768 0.217137906502526 0.162571778849925 0.134881830689869
"NA19098.3.B01" 0.4001472243766 0.307048275084 0.128942424924953 0.163862075614447
"NA19098.3.B02" 0.229416447816456 0.37728485866106 0.169881544460144 0.223417149062339
"NA19098.3.B03" 0.40093520421014 0.307832621547039 0.153001189539418 0.138230984703403
"NA19098.3.B04" 0.459332874761988 0.151879017158386 0.242882542045954 0.145905566033672
"NA19098.3.B05" 0.495329961111516 0.136036560517382 0.253602911991508 0.115030566379593
"NA19098.3.B06" 0.269015763616249 0.407599965043791 0.179464043546564 0.143920227793395
"NA19098.3.B07" 0.461876539897646 0.266997766885465 0.170846452035312 0.100279241181578
"NA19098.3.B08" 0.397284983847828 0.312635720357558 0.151970839301382 0.138108456493232
"NA19098.3.B09" 0.459862189512276 0.223428502764194 0.125443114876171 0.19126619284736
"NA19098.3.B11" 0.495700605712455 0.180547107601645 0.198645390491761 0.125106896194139
"NA19098.3.B12" 0.418695592729312 0.245098482922547 0.223270789818454 0.112935134529686
"NA19098.3.C01" 0.468050171476905 0.187887289275146 0.22814487446156 0.115917664786389
"NA19098.3.C02" 0.241122405815185 0.384004883130433 0.196626691694233 0.178246019360149
"NA19098.3.C03" 0.393023832505626 0.2967564904171 0.14863692345226 0.161582753625014
"NA19098.3.C04" 0.46472976495259 0.223173955286059 0.123703962406897 0.188392317354454
"NA19098.3.C05" 0.503438306810279 0.185890138042957 0.146425325670013 0.164246229476752
"NA19098.3.C07" 0.232833125017396 0.418906027053586 0.186954718893373 0.161306129035645
"NA19098.3.C08" 0.222959841055517 0.440468662975691 0.165260488354705 0.171311007614087
"NA19098.3.C09" 0.438812424875141 0.161284897361669 0.300378261354593 0.0995244164085968
"NA19098.3.C10" 0.456352217169658 0.227994837196953 0.115787568735262 0.199865376898127
"NA19098.3.C11" 0.46266823297976 0.248105311649301 0.135433905139812 0.153792550231127
"NA19098.3.C12" 0.457209448973872 0.214118171953778 0.195423755031085 0.133248624041265
"NA19098.3.D01" 0.332015590469166 0.314948251087619 0.152429604458346 0.200606553984869
"NA19098.3.D02" 0.289415169734325 0.384362024090662 0.164586399174942 0.161636407000072
"NA19098.3.D03" 0.429148934980398 0.169031843376327 0.268538418785333 0.133280802857941
"NA19098.3.D05" 0.48218148833041 0.108097220594077 0.298102522797409 0.111618768278104
"NA19098.3.D07" 0.493765489590768 0.22836214860149 0.133261695369359 0.144610666438383
"NA19098.3.D09" 0.424033562995597 0.191018072249437 0.278359660953071 0.106588703801896
"NA19098.3.D10" 0.509857133362318 0.217988360831907 0.115130053730385 0.157024452075391
"NA19098.3.D11" 0.502173730114891 0.196091266751006 0.215979377157363 0.08575562597674
"NA19098.3.D12" 0.402112823986563 0.324053674304655 0.157508793950833 0.116324707757949
"NA19098.3.E01" 0.512907895833805 0.215915060883927 0.115179802790068 0.155997240492199
"NA19098.3.E02" 0.517917840969195 0.190588964380324 0.0990650841699914 0.19242811048049
"NA19098.3.E03" 0.525052067500118 0.20999066851202 0.105269244424891 0.159688019562971
"NA19098.3.E04" 0.483943971448731 0.22018332569902 0.16639542428962 0.129477278562629
"NA19098.3.E05" 0.218683669198041 0.465091008555624 0.173944509834442 0.142280812411893
"NA19098.3.E06" 0.228057938942014 0.460304128947855 0.174153838442327 0.137484093667804
"NA19098.3.E07" 0.281329136548119 0.370997336727707 0.220148215611466 0.127525311112709
"NA19098.3.E08" 0.188763524336327 0.393768876340501 0.229283776512091 0.188183822811082
"NA19098.3.E09" 0.288706634452963 0.357303024775357 0.140562585653314 0.213427755118366
"NA19098.3.E10" 0.381017579163025 0.203454594514142 0.315059722216343 0.10046810410649
"NA19098.3.E11" 0.532432670035992 0.181847236710155 0.129925658172456 0.155794435081396
"NA19098.3.E12" 0.465845678610614 0.241225768855563 0.10085884544462 0.192069707089203
"NA19098.3.F01" 0.315801039042917 0.343265589641498 0.159807451348247 0.181125919967337
"NA19098.3.F03" 0.499945887734407 0.194267096591371 0.137851362350923 0.167935653323299
"NA19098.3.F04" 0.452256594377934 0.271589013211816 0.105693183294246 0.170461209116004
"NA19098.3.F05" 0.486103180931395 0.232978756314431 0.135643995927571 0.145274066826603
"NA19098.3.F06" 0.485029531129215 0.208710229449301 0.084318629029155 0.221941610392329
"NA19098.3.F07" 0.342176787863023 0.319568858764737 0.173077662502959 0.165176690869281
"NA19098.3.F09" 0.448587879605331 0.25428194525225 0.116155159946804 0.180975015195616
"NA19098.3.F10" 0.422414489688703 0.144484625008976 0.320117656329856 0.112983228972465
"NA19098.3.F11" 0.214694100969461 0.446041259731297 0.18818526232617 0.151079376973071
"NA19098.3.G01" 0.497587510981105 0.17504614561616 0.148093250920669 0.179273092482066
"NA19098.3.G02" 0.205941361502931 0.403175945433546 0.233901646439183 0.156981046624341
"NA19098.3.G03" 0.208301476125086 0.451239347931714 0.20716832575434 0.13329085018886
"NA19098.3.G04" 0.31482282802362 0.364068241807922 0.166063179984999 0.155045750183458
"NA19098.3.G05" 0.545645665599216 0.0881768236837834 0.264101160291285 0.102076350425715
"NA19098.3.G06" 0.467469245933265 0.225762538876614 0.155536351716475 0.151231863473647
"NA19098.3.G07" 0.261350915298023 0.362523400976335 0.19171942845003 0.184406255275611
"NA19098.3.G08" 0.270302601367164 0.370575665217739 0.218723032463368 0.14039870095173
"NA19098.3.G09" 0.281563686365334 0.338458863745559 0.23308003594212 0.146897413946987
"NA19098.3.G10" 0.555485993265283 0.167019937611939 0.162950261065874 0.114543808056904
"NA19098.3.G11" 0.208549416478987 0.454126208024346 0.130284250235501 0.207040125261166
"NA19098.3.G12" 0.224237165923575 0.504720860006505 0.139143178806981 0.13189879526294
"NA19098.3.H01" 0.274440811686374 0.382230150893018 0.185780408588966 0.157548628831643
"NA19098.3.H02" 0.490004701441754 0.185921496404976 0.177828996796296 0.146244805356974
"NA19098.3.H03" 0.419043257979429 0.165017897532508 0.296919838284359 0.119019006203704
"NA19098.3.H04" 0.454469782577684 0.145000864631607 0.289635249750851 0.110894103039858
"NA19098.3.H05" 0.485738942407812 0.212746482610396 0.136341999885185 0.165172575096607
"NA19098.3.H06" 0.5596353752069 0.173953896323721 0.0845101323144681 0.181900596154911
"NA19098.3.H07" 0.167519802369005 0.493094631286122 0.154239536653767 0.185146029691106
"NA19098.3.H08" 0.372192966133576 0.327432290548662 0.131758278096415 0.168616465221347
"NA19098.3.H09" 0.347438399204172 0.352243072999025 0.0998322071025641 0.200486320694239
"NA19098.3.H10" 0.436338927708838 0.193191863189991 0.214015531182482 0.156453677918689
"NA19098.3.H11" 0.360311219391325 0.304073918322739 0.150405761102313 0.185209101183622
"NA19098.3.H12" 0.449444151625752 0.237121992448159 0.149490257590118 0.163943598335971
"NA19239.1.A01" 0.406550993460213 0.253644824664016 0.194729452584513 0.145074729291259
"NA19239.1.A02" 0.288197004804428 0.325352797587789 0.255658497576128 0.130791700031655
"NA19239.1.A03" 0.360335645217512 0.34164508315518 0.162255677103388 0.13576359452392
"NA19239.1.A04" 0.327128739129566 0.299252703919422 0.167576678273722 0.20604187867729
"NA19239.1.A05" 0.454805969830988 0.244365297388916 0.159090308855179 0.141738423924917
"NA19239.1.A06" 0.365792834963003 0.26246459599903 0.243611741718863 0.128130827319105
"NA19239.1.A07" 0.256683933164463 0.421206943132 0.185488474444022 0.136620649259515
"NA19239.1.A08" 0.40881213184737 0.329629766223197 0.131795305267376 0.129762796662057
"NA19239.1.A09" 0.32618866566043 0.295829650261521 0.279645139329857 0.0983365447481923
"NA19239.1.A10" 0.382184179521504 0.313930539431592 0.134153202318147 0.169732078728756
"NA19239.1.A11" 0.308183632952654 0.262355359111481 0.277336199787095 0.15212480814877
"NA19239.1.A12" 0.336807455169504 0.358362925606412 0.153227684240073 0.15160193498401
"NA19239.1.B02" 0.264390110715308 0.308956949526434 0.301676157941546 0.124976781816713
"NA19239.1.B03" 0.372730608604225 0.290375143214338 0.109979934997231 0.226914313184206
"NA19239.1.B05" 0.295774944454526 0.406213153397485 0.139603131408203 0.158408770739786
"NA19239.1.B06" 0.247795341846928 0.441707998647613 0.138563916667917 0.171932742837543
"NA19239.1.B07" 0.323735932740802 0.418294065467468 0.0637154075987496 0.194254594192981
"NA19239.1.B08" 0.430984493080923 0.239939446419313 0.135067499673171 0.194008560826593
"NA19239.1.B09" 0.380122577236855 0.290666984213604 0.138793726430967 0.190416712118574
"NA19239.1.B10" 0.230602278300731 0.459105935418063 0.156587237880297 0.153704548400909
"NA19239.1.B11" 0.486897247487289 0.136892692196672 0.260173181243292 0.116036879072747
"NA19239.1.B12" 0.457175402620913 0.270575391127039 0.124098894485638 0.148150311766409
"NA19239.1.C01" 0.296732846785839 0.305747241171957 0.231899235143674 0.16562067689853
"NA19239.1.C02" 0.451086852511066 0.28560001067265 0.128771943059011 0.134541193757274
"NA19239.1.C03" 0.478889169224404 0.246267191410325 0.116131258606679 0.158712380758592
"NA19239.1.C05" 0.38304854072348 0.232675692605088 0.257066229702349 0.127209536969082
"NA19239.1.C06" 0.402479441041299 0.194706488177324 0.293401875990903 0.109412194790474
"NA19239.1.C07" 0.231352772211033 0.474727521211807 0.150753932536086 0.143165774041073
"NA19239.1.C08" 0.422812857971992 0.187844672751439 0.265196418331889 0.12414605094468
"NA19239.1.C09" 0.514125321563953 0.212938980289133 0.125677220600262 0.147258477546652
"NA19239.1.C10" 0.442214203644115 0.208656342114014 0.218405850406325 0.130723603835547
"NA19239.1.C11" 0.303933412430306 0.380013217610757 0.121849490626629 0.194203879332307
"NA19239.1.C12" 0.433323763884648 0.156130826898449 0.302155442993923 0.10838996622298
"NA19239.1.D01" 0.454030166134652 0.201458750334462 0.188364648560314 0.156146434970571
"NA19239.1.D02" 0.425683713758213 0.293289131549109 0.12034329061154 0.160683864081138
"NA19239.1.D03" 0.241152612937578 0.340672875119846 0.234821998913335 0.183352513029241
"NA19239.1.D04" 0.374028132470809 0.273547553982768 0.212019929728418 0.140404383818005
"NA19239.1.D05" 0.468092087644049 0.229597407374204 0.120901772715613 0.181408732266133
"NA19239.1.D06" 0.37943561157618 0.265353453492611 0.202112330913882 0.153098604017327
"NA19239.1.D07" 0.146017853785703 0.486921185651377 0.192538629730654 0.174522330832266
"NA19239.1.D08" 0.509268192595525 0.190105474656499 0.163294855576986 0.13733147717099
"NA19239.1.D09" 0.446243381201566 0.295300356057685 0.126710986139966 0.131745276600783
"NA19239.1.D10" 0.383685625026817 0.29125055844615 0.169490378423759 0.155573438103274
"NA19239.1.D11" 0.378553873744184 0.316050321062862 0.0947993039755553 0.210596501217399
"NA19239.1.D12" 0.317251795753743 0.311448697749473 0.236491771009401 0.134807735487384
"NA19239.1.E01" 0.452923771138056 0.261633681728623 0.0981001293954988 0.187342417737822
"NA19239.1.E02" 0.489488882480349 0.158554794957286 0.239175873069477 0.112780449492888
"NA19239.1.E03" 0.455132132472502 0.226449880656971 0.169905671266166 0.14851231560436
"NA19239.1.E04" 0.515960746482861 0.195274510948331 0.127486934165219 0.16127780840359
"NA19239.1.E05" 0.207368313415494 0.423291427067637 0.21501684812121 0.154323411395659
"NA19239.1.E06" 0.374260313853683 0.194063595999051 0.221701713041929 0.209974377105337
"NA19239.1.E07" 0.377992451658859 0.239839656729742 0.276329436608616 0.105838455002784
"NA19239.1.E08" 0.463294736543497 0.172638849284042 0.276205843699512 0.0878605704729493
"NA19239.1.E09" 0.45416487954368 0.209410524421443 0.173182787378236 0.163241808656641
"NA19239.1.E10" 0.409411181394139 0.233735064729981 0.19510608736587 0.16174766651001
"NA19239.1.E11" 0.376830378411009 0.217769380190912 0.286864394665212 0.118535846732867
"NA19239.1.E12" 0.444073762014292 0.280339740121199 0.0999274301572436 0.175659067707266
"NA19239.1.F01" 0.477428881275029 0.218379248519788 0.141055165373418 0.163136704831766
"NA19239.1.F02" 0.34504199034094 0.364177924779313 0.134734396761266 0.156045688118481
"NA19239.1.F03" 0.395253619871939 0.306933520481392 0.103263660091062 0.194549199555608
"NA19239.1.F04" 0.456610218269927 0.217686436138782 0.149348925295686 0.176354420295605
"NA19239.1.F05" 0.166876017119084 0.461105729440423 0.21992755957763 0.152090693862863
"NA19239.1.F06" 0.438616325052474 0.261648794890532 0.117034204915865 0.182700675141129
"NA19239.1.F07" 0.422395691482407 0.295857261901707 0.125488383399106 0.156258663216781
"NA19239.1.F08" 0.448623490681896 0.189996820888236 0.261471361065981 0.0999083273638866
"NA19239.1.F09" 0.401418462620586 0.247189086719917 0.171414340604957 0.17997811005454
"NA19239.1.F10" 0.485454491430068 0.198188531536312 0.168959666129714 0.147397310903906
"NA19239.1.F11" 0.3782467635844 0.312257861297125 0.194780522817964 0.11471485230051
"NA19239.1.F12" 0.335593141776709 0.321692732979063 0.209451927616975 0.133262197627253
"NA19239.1.G01" 0.408252970437913 0.301230571148667 0.114186593480235 0.176329864933186
"NA19239.1.G02" 0.334419114575624 0.362214992638834 0.143497222078099 0.159868670707443
"NA19239.1.G03" 0.325782792008329 0.277914467761137 0.238436444969074 0.15786629526146
"NA19239.1.G04" 0.441239521120101 0.260473160265412 0.176857531182282 0.121429787432205
"NA19239.1.G05" 0.314398986301459 0.341617056653736 0.159527092959094 0.184456864085711
"NA19239.1.G06" 0.343409517421008 0.330631437474962 0.174517819592856 0.151441225511175
"NA19239.1.G07" 0.312807070281245 0.333772618094406 0.180429007590351 0.172991304033998
"NA19239.1.G08" 0.326083240824534 0.382212834676308 0.164010518755936 0.127693405743223
"NA19239.1.G09" 0.340838364337267 0.370656682746092 0.108931084777628 0.179573868139014
"NA19239.1.G10" 0.424843488568428 0.257754876664762 0.154008907350253 0.163392727416557
"NA19239.1.G11" 0.371065901238906 0.254133428580836 0.236853278335495 0.137947391844763
"NA19239.1.G12" 0.444336861675532 0.267649992884338 0.149445238760472 0.138567906679657
"NA19239.1.H01" 0.337905136279033 0.288157325107439 0.24761477408346 0.126322764530067
"NA19239.1.H03" 0.455904190271349 0.254921561206814 0.153583494573837 0.135590753947999
"NA19239.1.H04" 0.285977763295868 0.441487982327752 0.105886133757055 0.166648120619325
"NA19239.1.H05" 0.435003185745946 0.210443463015662 0.177102065461657 0.177451285776734
"NA19239.1.H06" 0.42381200931082 0.190101355585673 0.238367995493883 0.147718639609625
"NA19239.1.H07" 0.424954728303852 0.219975819148574 0.203457297869713 0.151612154677861
"NA19239.1.H08" 0.442218379774069 0.299469115798157 0.101127873737159 0.157184630690616
"NA19239.1.H09" 0.335444610072533 0.272229527178526 0.257629759974222 0.134696102774718
"NA19239.1.H10" 0.514214929857283 0.229467227528342 0.177685644676571 0.0786321979378033
"NA19239.1.H11" 0.537797280019751 0.173403682744704 0.128553487447044 0.160245549788501
"NA19239.1.H12" 0.443289605449487 0.181156302763982 0.23822405455972 0.137330037226811
"NA19239.2.A01" 0.403319384336937 0.295016645854174 0.129742859417128 0.171921110391761
"NA19239.2.A02" 0.503919917582529 0.137284651067373 0.229737069125059 0.129058362225039
"NA19239.2.A04" 0.39431545860138 0.168129216640846 0.347512766879007 0.0900425578787677
"NA19239.2.A05" 0.451981130582033 0.232811842187387 0.102301292214187 0.212905735016393
"NA19239.2.A06" 0.35178129681985 0.22606245902854 0.360138924898822 0.0620173192527882
"NA19239.2.A07" 0.454013858819045 0.24099101494012 0.12956990573465 0.175425220506185
"NA19239.2.A08" 0.487572074020623 0.193372272037989 0.20642516994667 0.112630483994718
"NA19239.2.A09" 0.391417780806277 0.259882231648404 0.169655145954778 0.179044841590542
"NA19239.2.A10" 0.175669029703229 0.440737135234829 0.209559858785211 0.174033976276731
"NA19239.2.A11" 0.483199531937977 0.214104375123305 0.12316778223129 0.179528310707427
"NA19239.2.A12" 0.426005540083799 0.233535675341584 0.221102229735942 0.119356554838675
"NA19239.2.B01" 0.160913477408971 0.448460410313957 0.258955816062211 0.131670296214861
"NA19239.2.B02" 0.416244316320813 0.29313283706823 0.112049304979212 0.178573541631745
"NA19239.2.B03" 0.12185020594007 0.417136060926157 0.285330403041743 0.17568333009203
"NA19239.2.B04" 0.515158745945703 0.148754696431165 0.193793916545505 0.142292641077627
"NA19239.2.B05" 0.394643291738782 0.235467765919956 0.20085564196281 0.169033300378452
"NA19239.2.B06" 0.430297121754896 0.244382538674775 0.190307777286188 0.135012562284142
"NA19239.2.B07" 0.426916557919151 0.212719303238494 0.207473332132717 0.152890806709638
"NA19239.2.B08" 0.338066209789623 0.329522853378111 0.133445682839073 0.198965253993193
"NA19239.2.B09" 0.504544570022131 0.183849815945695 0.195686021821211 0.115919592210964
"NA19239.2.B11" 0.185469123818469 0.404484512380885 0.323050379274731 0.0869959845259145
"NA19239.2.B12" 0.488660119189666 0.199284608633711 0.157329741541699 0.154725530634924
"NA19239.2.C02" 0.327813623823651 0.348680254639655 0.127721439171572 0.195784682365122
"NA19239.2.C03" 0.218854363789859 0.47731582774664 0.140096445786262 0.16373336267724
"NA19239.2.C04" 0.44152263824547 0.250219232919181 0.159429188757476 0.148828940077873
"NA19239.2.C05" 0.432526451973522 0.219857169171779 0.211251776948438 0.136364601906262
"NA19239.2.C06" 0.226205598437407 0.423733620319331 0.179832705134845 0.170228076108417
"NA19239.2.C07" 0.506961113159023 0.142811316584173 0.217579870563357 0.132647699693446
"NA19239.2.C08" 0.0591656641837603 0.564345097856112 0.207498909966724 0.168990327993404
"NA19239.2.C09" 0.395709154168062 0.196934361925058 0.283554148756723 0.123802335150157
"NA19239.2.C11" 0.473502204620166 0.196408685829611 0.196561927863366 0.133527181686856
"NA19239.2.C12" 0.430137355009866 0.213348288683166 0.266797992240558 0.089716364066409
"NA19239.2.D01" 0.281138259924299 0.344461372940899 0.201181980265853 0.173218386868948
"NA19239.2.D02" 0.460918322635541 0.235854894536237 0.173777426026921 0.129449356801301
"NA19239.2.D03" 0.418806228979475 0.295115511589846 0.132949255000324 0.153129004430355
"NA19239.2.D04" 0.551548821273058 0.14548073838743 0.150932731076134 0.152037709263378
"NA19239.2.D05" 0.396315164767719 0.317305495074942 0.119582067821854 0.166797272335485
"NA19239.2.D06" 0.430871274160722 0.309958512637905 0.164683093112089 0.0944871200892844
"NA19239.2.D07" 0.142613339983578 0.514259821926392 0.161919923172279 0.18120691491775
"NA19239.2.D08" 0.315321580900336 0.296955639979089 0.18485888787762 0.202863891242954
"NA19239.2.D09" 0.0730840073689749 0.505595250632196 0.24659939207454 0.174721349924289
"NA19239.2.D11" 0.481810179774942 0.236379497372911 0.0806434620477299 0.201166860804417
"NA19239.2.D12" 0.0422383865768713 0.544287357360548 0.235890142913315 0.177584113149266
"NA19239.2.E01" 0.417289787616585 0.263643835064654 0.166160293341543 0.152906083977218
"NA19239.2.E02" 0.470872480193894 0.246560339590188 0.160701520933575 0.121865659282343
"NA19239.2.E04" 0.53452178636372 0.135504498662262 0.159058149192426 0.170915565781592
"NA19239.2.E05" 0.425310666504844 0.203153470299747 0.143369763376676 0.228166099818733
"NA19239.2.E06" 0.5255920793147 0.180425050163042 0.128095954887787 0.165886915634471
"NA19239.2.E07" 0.514518367001462 0.215507519022697 0.0967795388347604 0.173194575141081
"NA19239.2.E08" 0.451207367880674 0.252380220461791 0.122858166086719 0.173554245570816
"NA19239.2.E09" 0.118784496987363 0.464038497113839 0.233431248469795 0.183745757429004
"NA19239.2.E11" 0.436338793060627 0.272772925850129 0.111844083584007 0.179044197505237
"NA19239.2.E12" 0.367649481028277 0.240180838356825 0.316462019839396 0.0757076607755019
"NA19239.2.F01" 0.457012388892792 0.230465916520317 0.186387589363681 0.126134105223211
"NA19239.2.F02" 0.322279820402765 0.351732014632302 0.158964628048231 0.167023536916702
"NA19239.2.F03" 0.461858421091801 0.26827963353005 0.129073251832151 0.140788693545998
"NA19239.2.F04" 0.223999802912966 0.392686947695398 0.251335233958427 0.131978015433209
"NA19239.2.F05" 0.451274270152251 0.281312756860303 0.113288716637397 0.154124256350049
"NA19239.2.F06" 0.179031845939976 0.477291971760046 0.150564025032032 0.193112157267946
"NA19239.2.F07" 0.184938683736096 0.491838671948627 0.190759616018922 0.132463028296355
"NA19239.2.F08" 0.521975398381454 0.139420075259039 0.185938128800665 0.152666397558842
"NA19239.2.F09" 0.419017058317349 0.308349648977088 0.140911663819559 0.131721628886004
"NA19239.2.F10" 0.509168937230917 0.214503237941443 0.0923856971188342 0.183942127708806
"NA19239.2.F11" 0.446701904097008 0.255478112687963 0.135418873218235 0.162401109996794
"NA19239.2.F12" 0.340184421801236 0.317392245867162 0.184151071755122 0.15827226057648
"NA19239.2.G01" 0.395602802590745 0.301147624360826 0.123330692228745 0.179918880819684
"NA19239.2.G02" 0.425783048218997 0.229093868660334 0.182900005262156 0.162223077858512
"NA19239.2.G03" 0.157126631297128 0.490096401083061 0.230331680474669 0.122445287145143
"NA19239.2.G04" 0.375300546086521 0.225011005343962 0.240213093562772 0.159475355006745
"NA19239.2.G05" 0.437108029061235 0.257832462395345 0.131902579063067 0.173156929480353
"NA19239.2.G06" 0.420146088265404 0.285812824618387 0.162980736828845 0.131060350287364
"NA19239.2.G07" 0.461997277031208 0.205933391022884 0.155646231898442 0.176423100047466
"NA19239.2.G08" 0.227311854493141 0.399583250187586 0.172780890075372 0.200324005243902
"NA19239.2.G09" 0.467934095091545 0.161651969038341 0.289616301187047 0.0807976346830668
"NA19239.2.G10" 0.56083017561777 0.171667893716289 0.151582592931575 0.115919337734366
"NA19239.2.G11" 0.471738749860651 0.213149689263823 0.128051805867395 0.187059755008131
"NA19239.2.G12" 0.508853997323838 0.219398798326418 0.0921259649184052 0.179621239431339
"NA19239.2.H01" 0.454213991006962 0.233588817850046 0.185850467255737 0.126346723887254
"NA19239.2.H02" 0.202677456173678 0.463848023160728 0.194585681003728 0.138888839661866
"NA19239.2.H03" 0.214854172912662 0.469114871794851 0.19853020810183 0.117500747190657
"NA19239.2.H04" 0.576110117030599 0.149287244851035 0.154632185443944 0.119970452674422
"NA19239.2.H05" 0.326364875122619 0.341514233990041 0.146442678526288 0.185678212361053
"NA19239.2.H06" 0.404648668047164 0.252449436988817 0.206431386109407 0.136470508854612
"NA19239.2.H07" 0.277254582658462 0.382765052232179 0.115553443095596 0.224426922013763
"NA19239.2.H08" 0.42246800348641 0.187785504803203 0.273637806716423 0.116108684993964
"NA19239.2.H09" 0.496595755618536 0.193588025758042 0.197634899284091 0.112181319339332
"NA19239.2.H10" 0.522760869215417 0.189067601218378 0.184296408292785 0.10387512127342
"NA19239.2.H11" 0.384195504416265 0.18036265646889 0.292398755104893 0.143043084009951
"NA19239.2.H12" 0.598444214537143 0.157792364399302 0.134607620825555 0.109155800238
"NA19239.3.A02" 0.42253167426558 0.30134705650911 0.168004495639741 0.10811677358557
"NA19239.3.A03" 0.375475682799995 0.320841393811932 0.11941183314926 0.184271090238813
"NA19239.3.A04" 0.240352759817585 0.285299783589232 0.359939073022168 0.114408383571015
"NA19239.3.A05" 0.433509489073987 0.240617345009878 0.117573873748103 0.208299292168032
"NA19239.3.A06" 0.278223343200114 0.349971986473871 0.196949956129422 0.174854714196592
"NA19239.3.A07" 0.406065766268971 0.274989559804121 0.0984413002638316 0.220503373663076
"NA19239.3.A08" 0.183124889979179 0.45812428894783 0.222664187041799 0.136086634031191
"NA19239.3.A09" 0.465713906504513 0.26938096727671 0.162023806613759 0.102881319605019
"NA19239.3.A10" 0.437265635504027 0.277909524633769 0.110078321269042 0.174746518593162
"NA19239.3.A11" 0.356566269332543 0.31558447221924 0.150468164412009 0.177381094036208
"NA19239.3.A12" 0.449353574733041 0.284170010276511 0.108431201354092 0.158045213636356
"NA19239.3.B01" 0.312023481696523 0.383934305133742 0.155186502715576 0.148855710454159
"NA19239.3.B02" 0.300682307144806 0.361077155910733 0.145414421696366 0.192826115248095
"NA19239.3.B03" 0.476428242206553 0.184724833394454 0.225600630502846 0.113246293896147
"NA19239.3.B04" 0.41864910493611 0.311733588217486 0.107523497867947 0.162093808978457
"NA19239.3.B05" 0.454411469449023 0.238579610047503 0.122472255391783 0.184536665111691
"NA19239.3.B06" 0.289885320961102 0.364314996267278 0.140806697096869 0.20499298567475
"NA19239.3.B07" 0.345772530266429 0.243127391054661 0.260771962464535 0.150328116214374
"NA19239.3.B10" 0.360143374549005 0.395202445123596 0.128193744034648 0.116460436292751
"NA19239.3.B11" 0.346658731903448 0.245293875642843 0.290428151465118 0.117619240988591
"NA19239.3.B12" 0.416899858700102 0.269990860365944 0.119953146119384 0.193156134814569
"NA19239.3.C01" 0.559373457631904 0.150748107070163 0.131270830147536 0.158607605150396
"NA19239.3.C02" 0.381697468177084 0.361595025265469 0.10056767652146 0.156139830035986
"NA19239.3.C03" 0.411136139429453 0.278928940797344 0.176660198730198 0.133274721043005
"NA19239.3.C06" 0.344018493810722 0.37036970395039 0.12903052009253 0.156581282146358
"NA19239.3.C07" 0.045608253145317 0.549882469094117 0.193794579778001 0.210714697982566
"NA19239.3.C08" 0.413268126596481 0.286617868547331 0.130466768853054 0.169647236003134
"NA19239.3.C09" 0.417765182468262 0.246269037195685 0.159291345241977 0.176674435094076
"NA19239.3.C10" 0.347374107464873 0.284031783816404 0.190798632800097 0.177795475918626
"NA19239.3.C11" 0.411777458621116 0.29726773853841 0.193710895455253 0.0972439073852216
"NA19239.3.C12" 0.396404044294904 0.319114385475454 0.156773039964624 0.127708530265019
"NA19239.3.D01" 0.42046174256954 0.269458706264836 0.127330082988875 0.182749468176749
"NA19239.3.D02" 0.480761935877983 0.169011822556925 0.242915271033199 0.107310970531893
"NA19239.3.D03" 0.347431238686879 0.21723986323346 0.367131163825728 0.0681977342539328
"NA19239.3.D04" 0.363646908667335 0.214348412012412 0.221341577719682 0.200663101600571
"NA19239.3.D05" 0.405579530239839 0.310401886119415 0.0986511040200545 0.185367479620692
"NA19239.3.D06" 0.322482753339451 0.257549992536834 0.299900630633832 0.120066623489882
"NA19239.3.D07" 0.433624670386601 0.263675072069451 0.191661264142301 0.111038993401647
"NA19239.3.D08" 0.42961534055509 0.243600013192535 0.149663418336141 0.177121227916234
"NA19239.3.D09" 0.416256904650996 0.295005821232968 0.14377851414154 0.144958759974497
"NA19239.3.D10" 0.408536716706278 0.33687412275742 0.101498003940652 0.15309115659565
"NA19239.3.D12" 0.363822880499692 0.161618329124306 0.369256435469909 0.105302354906093
"NA19239.3.E01" 0.191617597486055 0.377282325231996 0.249350174541485 0.181749902740463
"NA19239.3.E02" 0.414592093281665 0.244602925488432 0.166822956114659 0.173982025115243
"NA19239.3.E05" 0.385486920347183 0.169922255364402 0.314551393880429 0.130039430407986
"NA19239.3.E06" 0.39558193494961 0.280799865976561 0.184320889258524 0.139297309815305
"NA19239.3.E07" 0.453900335063279 0.238381262573024 0.159367761429828 0.14835064093387
"NA19239.3.E08" 0.46673349223774 0.30231755835616 0.0882292331171103 0.142719716288989
"NA19239.3.E09" 0.373793054413328 0.314390273131682 0.119710086908763 0.192106585546227
"NA19239.3.E10" 0.37305671270945 0.15335444193665 0.371446049006046 0.102142796347854
"NA19239.3.E11" 0.320777756873485 0.281767989689157 0.322957171402959 0.0744970820343989
"NA19239.3.E12" 0.164462801956577 0.514923843965156 0.158370453122387 0.16224290095588
"NA19239.3.F01" 0.422497599478896 0.247027835508524 0.19259752036927 0.137877044643311
"NA19239.3.F02" 0.39360515809954 0.344072077906131 0.0962060542493536 0.166116709744975
"NA19239.3.F03" 0.469184134062663 0.199352369476639 0.185584198683237 0.145879297777462
"NA19239.3.F04" 0.316776146482434 0.351430901465104 0.202309623834141 0.129483328218321
"NA19239.3.F05" 0.443283645984142 0.214634147852117 0.198049808372612 0.14403239779113
"NA19239.3.F06" 0.395751440801998 0.287179420930329 0.156864141798753 0.16020499646892
"NA19239.3.F07" 0.349203314898241 0.220067413507215 0.298423221078274 0.13230605051627
"NA19239.3.F08" 0.331184278751827 0.337731149168107 0.152545817222144 0.178538754857921
"NA19239.3.F09" 0.408347425056229 0.168515963300865 0.316950822028299 0.106185789614607
"NA19239.3.F10" 0.415227243078761 0.313878281760949 0.140955514512508 0.129938960647782
"NA19239.3.F11" 0.361416423405818 0.342957738430399 0.153794080038806 0.141831758124977
"NA19239.3.F12" 0.414854919100528 0.269568054789677 0.164610294429693 0.150966731680102
"NA19239.3.G01" 0.433604634106827 0.247374769515859 0.166562007422424 0.15245858895489
"NA19239.3.G02" 0.402100314344502 0.280871676664762 0.170786558653801 0.146241450336935
"NA19239.3.G03" 0.398107346571008 0.265748297342381 0.165615339883049 0.170529016203561
"NA19239.3.G05" 0.485355433678187 0.220393939959471 0.1683171699335 0.125933456428841
"NA19239.3.G06" 0.420576474952258 0.240188019554088 0.191351554467036 0.147883951026618
"NA19239.3.G07" 0.469913624706102 0.263066231266786 0.129251459746911 0.137768684280201
"NA19239.3.G08" 0.441167405234875 0.215604686033776 0.197471657518594 0.145756251212755
"NA19239.3.G09" 0.407316467103375 0.274909781627673 0.157644168860859 0.160129582408093
"NA19239.3.G11" 0.403798853532903 0.231672017792003 0.215129685736337 0.149399442938757
"NA19239.3.G12" 0.349286343274696 0.187301592380452 0.370388133623477 0.0930239307213747
"NA19239.3.H01" 0.431109885580731 0.138235574746356 0.337157399838341 0.0934971398345722
"NA19239.3.H03" 0.418722908287293 0.264873169086639 0.169739250340464 0.146664672285604
"NA19239.3.H04" 0.36312658725467 0.275013861285163 0.253802280541173 0.108057270918994
"NA19239.3.H05" 0.371042796503756 0.24242143820291 0.269952811916899 0.116582953376435
"NA19239.3.H06" 0.497740302340244 0.266359946012477 0.13627638258029 0.0996233690669895
"NA19239.3.H07" 0.448887462086933 0.207482883407973 0.221994709422182 0.121634945082912
"NA19239.3.H08" 0.343991176667854 0.371886991449205 0.10222978079586 0.181892051087082
"NA19239.3.H09" 0.444710362386834 0.267152288641545 0.0894817382596893 0.198655610711931
"NA19239.3.H11" 0.376430233821042 0.30441342174337 0.114284769667913 0.204871574767674
"NA19239.3.H12" 0.431817500057666 0.248982268129379 0.117624757352614 0.201575474460341
"NA19101.1.A01" 0.123620663496789 0.511541597472279 0.204520333861195 0.160317405169737
"NA19101.1.A02" 0.392379549609189 0.309057801386697 0.0865977036250608 0.211964945379054
"NA19101.1.A03" 0.463107036437054 0.118115636931211 0.308432222980868 0.110345103650867
"NA19101.1.A04" 0.42131452787876 0.275350653149931 0.108408631848613 0.194926187122695
"NA19101.1.A05" 0.427955160638734 0.192629109929158 0.229328741635301 0.150086987796806
"NA19101.1.A06" 0.491319296746686 0.196016032997985 0.143594916355636 0.169069753899693
"NA19101.1.A07" 0.420040578476435 0.130469916860606 0.314621103393218 0.134868401269741
"NA19101.1.A08" 0.251385117963874 0.43496071450139 0.127111499904234 0.186542667630502
"NA19101.1.A09" 0.426524779230381 0.193688936136908 0.264255419729614 0.115530864903097
"NA19101.1.A10" 0.423149776103602 0.293116452171038 0.124030097860198 0.159703673865162
"NA19101.1.A11" 0.302213013806283 0.360764647394962 0.197102407817446 0.139919930981309
"NA19101.1.A12" 0.0407285200469728 0.572136018667621 0.240733747954519 0.146401713330888
"NA19101.1.B01" 0.0244232221739955 0.622585950209505 0.212123133690665 0.140867693925835
"NA19101.1.B02" 0.520803035648761 0.209308867953333 0.155095553564368 0.114792542833538
"NA19101.1.B03" 0.438519452539216 0.263727041514183 0.116046183668421 0.18170732227818
"NA19101.1.B04" 0.418573534035481 0.25546584979205 0.126569353749574 0.199391262422895
"NA19101.1.B05" 0.305024445571352 0.297682062041792 0.224405295956605 0.17288819643025
"NA19101.1.B06" 0.0328939455699518 0.549777369660815 0.153497487176223 0.26383119759301
"NA19101.1.B07" 0.499601731383645 0.201064251726886 0.093326390350196 0.206007626539273
"NA19101.1.B08" 0.402569656400505 0.213912932622889 0.220079539177812 0.163437871798795
"NA19101.1.B09" 0.495302205570606 0.185843092667036 0.195830707611495 0.123023994150863
"NA19101.1.B10" 0.362474264679746 0.230656262941777 0.277471237831676 0.1293982345468
"NA19101.1.B11" 0.405791128002389 0.230747097158388 0.249287602089835 0.114174172749388
"NA19101.1.B12" 0.487253873715515 0.260944636401584 0.0955681832568075 0.156233306626094
"NA19101.1.C01" 0.445629720445231 0.286017403798463 0.0998193011591584 0.168533574597148
"NA19101.1.C02" 0.302178962438736 0.399793001845027 0.108223350341405 0.189804685374831
"NA19101.1.C03" 0.418819700410839 0.275314634589545 0.10158074047335 0.204284924526266
"NA19101.1.C04" 0.404474791981537 0.272911352624507 0.134736069026872 0.187877786367084
"NA19101.1.C05" 0.396433645214714 0.276133638595341 0.185670287639757 0.141762428550188
"NA19101.1.C06" 0.449656648412499 0.226100102254592 0.189784367506197 0.134458881826712
"NA19101.1.C07" 0.426569684444569 0.299704329450942 0.113548361972603 0.160177624131886
"NA19101.1.C08" 0.322039296270884 0.297989180996358 0.312438478645441 0.0675330440873175
"NA19101.1.C09" 0.392907479622715 0.278226592661671 0.143041528743468 0.185824398972146
"NA19101.1.C10" 0.431820886198422 0.173283007192331 0.277555165220597 0.11734094138865
"NA19101.1.C11" 0.281157959160227 0.286283182855195 0.326090492654405 0.106468365330174
"NA19101.1.C12" 0.48081671877571 0.231831775993049 0.116539690544235 0.170811814687006
"NA19101.1.D01" 0.310781093828224 0.388157165820587 0.0914282600250481 0.209633480326141
"NA19101.1.D02" 0.410127647760221 0.253706274139507 0.133073086600522 0.20309299149975
"NA19101.1.D03" 0.439469987075584 0.233654353862729 0.119076842270498 0.207798816791188
"NA19101.1.D04" 0.47951597034393 0.180806300581639 0.156486230697358 0.183191498377073
"NA19101.1.D05" 0.533936865286149 0.201460787494991 0.097848532181413 0.166753815037447
"NA19101.1.D06" 0.229215315571055 0.462441245447945 0.148069370253375 0.160274068727626
"NA19101.1.D07" 0.381486947321393 0.219025208172104 0.263906348686839 0.135581495819663
"NA19101.1.D08" 0.389974975352472 0.235657367350446 0.295869487969719 0.0784981693273625
"NA19101.1.D09" 0.387497708801698 0.187768377185999 0.29237993986479 0.132353974147513
"NA19101.1.D10" 0.442925145333617 0.211008398958387 0.24566871379958 0.100397741908415
"NA19101.1.D11" 0.475344368318909 0.19768258181102 0.207700778024149 0.119272271845922
"NA19101.1.D12" 0.472717160781912 0.222413982358853 0.12109619278051 0.183772664078725
"NA19101.1.E01" 0.324556667003529 0.25613612400894 0.331920277385026 0.087386931602506
"NA19101.1.E02" 0.327637112522529 0.301841777129105 0.256685412269036 0.11383569807933
"NA19101.1.E03" 0.439438594136839 0.264258892687106 0.122699086867125 0.17360342630893
"NA19101.1.E04" 0.374146723533704 0.250412430043089 0.234821364263594 0.140619482159613
"NA19101.1.E05" 0.160009267015216 0.476542365353579 0.187367275106406 0.1760810925248
"NA19101.1.E06" 0.355018844600285 0.315271925623446 0.138896931107026 0.190812298669243
"NA19101.1.E07" 0.475442172745617 0.21982626022186 0.176690920144417 0.128040646888105
"NA19101.1.E08" 0.497104733065982 0.216060566396069 0.114133552765007 0.172701147772942
"NA19101.1.E09" 0.232238080331863 0.431585981345856 0.130176353970009 0.205999584352272
"NA19101.1.E10" 0.601706560288152 0.131862806629511 0.190634252026832 0.0757963810555051
"NA19101.1.E11" 0.356482568315924 0.369883814294792 0.216803053050929 0.0568305643383546
"NA19101.1.E12" 0.392095436998811 0.221412765201288 0.262565672828974 0.123926124970927
"NA19101.1.F01" 0.378394411434615 0.313374386395659 0.15312585346794 0.155105348701786
"NA19101.1.F02" 0.475766212779512 0.172622572947174 0.238166344426453 0.113444869846861
"NA19101.1.F03" 0.528904713135354 0.207401734242135 0.0897482301406943 0.173945322481817
"NA19101.1.F04" 0.298380296373151 0.324401014972099 0.254928855640905 0.122289833013845
"NA19101.1.F07" 0.480304688194782 0.229810705125491 0.124037395184031 0.165847211495697
"NA19101.1.F08" 0.52307938260998 0.191138883427963 0.103009963407929 0.182771770554128
"NA19101.1.F09" 0.500833291128949 0.194914303735328 0.123975203860292 0.18027720127543
"NA19101.1.F10" 0.167904797591696 0.485113724912511 0.194870704900688 0.152110772595104
"NA19101.1.F11" 0.4028588460895 0.278872238063748 0.13843720178911 0.179831714057642
"NA19101.1.F12" 0.470412784870119 0.272203049097944 0.101320693637046 0.156063472394891
"NA19101.1.G01" 0.0457574405416896 0.572841147154329 0.184122016837066 0.197279395466916
"NA19101.1.G02" 0.410724735815195 0.295842651214229 0.138862722910759 0.154569890059817
"NA19101.1.G03" 0.369113438725289 0.312884743083379 0.152261793883413 0.165740024307919
"NA19101.1.G04" 0.429963750990435 0.240682865032938 0.14922156990584 0.180131814070788
"NA19101.1.G05" 0.444659223131546 0.268745471410629 0.126248908850639 0.160346396607186
"NA19101.1.G06" 0.192220979839484 0.4056591322272 0.245029642198601 0.157090245734714
"NA19101.1.G07" 0.430593492825367 0.282828186304631 0.135647426339992 0.15093089453001
"NA19101.1.G08" 0.386403241440705 0.298743405494428 0.152810932972333 0.162042420092534
"NA19101.1.G09" 0.49139662629659 0.212689660266576 0.121120216572066 0.174793496864768
"NA19101.1.G10" 0.486642181983098 0.199802797275526 0.189905153968868 0.123649866772509
"NA19101.1.G11" 0.468989350722189 0.124467655550594 0.309414789775645 0.0971282039515721
"NA19101.1.G12" 0.514062377823376 0.130741912353051 0.23127310620338 0.123922603620193
"NA19101.1.H01" 0.378160661845451 0.278800072014721 0.221801060668889 0.121238205470939
"NA19101.1.H02" 0.389009265899047 0.324988972296816 0.0993393003089659 0.186662461495171
"NA19101.1.H03" 0.48829112481142 0.154516110534169 0.201095720854991 0.15609704379942
"NA19101.1.H04" 0.161811590189295 0.469453343756838 0.224881587171503 0.143853478882364
"NA19101.1.H05" 0.466026315896236 0.208556665853576 0.207121473770543 0.118295544479645
"NA19101.1.H06" 0.428587073237975 0.176851373188997 0.291703546596461 0.102858006976567
"NA19101.1.H08" 0.410501806092107 0.277717942999549 0.107471044734995 0.20430920617335
"NA19101.1.H09" 0.228935638605311 0.44467068648977 0.171550429877478 0.154843245027441
"NA19101.1.H10" 0.342837163303493 0.208698459004296 0.333555850782872 0.114908526909339
"NA19101.1.H12" 0.52048427117834 0.207866185508184 0.0894444525813719 0.182205090732104
"NA19101.2.A01" 0.359384488165445 0.333062123342694 0.181078716381509 0.126474672110352
"NA19101.2.A02" 0.553617118660213 0.17451331623093 0.0972711808989348 0.174598384209922
"NA19101.2.A03" 0.245138749506042 0.453066208354202 0.198806762067005 0.102988280072751
"NA19101.2.A04" 0.334891528343943 0.341047501653049 0.138378344147356 0.185682625855653
"NA19101.2.A06" 0.547995410947273 0.157893186239889 0.154403529753685 0.139707873059153
"NA19101.2.A07" 0.192414671248936 0.45545922046844 0.151938587190145 0.200187521092479
"NA19101.2.A08" 0.433863186027825 0.186921231719712 0.245145631614238 0.134069950638225
"NA19101.2.A09" 0.491681085956772 0.170074368063888 0.234160313795891 0.104084232183449
"NA19101.2.A10" 0.429956776663556 0.311614307820886 0.102983665554976 0.155445249960582
"NA19101.2.A11" 0.21109830434481 0.446125199292265 0.180443822575829 0.162332673787096
"NA19101.2.A12" 0.163142908123126 0.484224023409128 0.0759853072007776 0.276647761266969
"NA19101.2.B01" 0.334554979321675 0.358724848497289 0.129724847046923 0.176995325134113
"NA19101.2.B02" 0.452682853116777 0.151032048360339 0.297098233092752 0.0991868654301328
"NA19101.2.B03" 0.444742448372582 0.229514931160727 0.138565828888642 0.187176791578048
"NA19101.2.B04" 0.126211246549414 0.446498480590331 0.290446490435758 0.136843782424497
"NA19101.2.B05" 0.24567946871887 0.424582028716612 0.153886738915654 0.175851763648865
"NA19101.2.B06" 0.533566743789475 0.219147089038839 0.0976982306739083 0.149587936497777
"NA19101.2.B08" 0.512784501785243 0.20288610061001 0.140350227425207 0.14397917017954
"NA19101.2.B09" 0.491303342678351 0.215882262839381 0.122925200134006 0.169889194348261
"NA19101.2.B10" 0.451323053951619 0.275330331571173 0.122786029404026 0.150560585073182
"NA19101.2.B12" 0.560366883906604 0.215648180904494 0.0947677430664578 0.129217192122444
"NA19101.2.C01" 0.185327586642276 0.427155570854635 0.210140181697759 0.17737666080533
"NA19101.2.C03" 0.446177986910737 0.298359335996091 0.0878416898472141 0.167620987245958
"NA19101.2.C04" 0.404217860405751 0.227089933176814 0.171510503630634 0.197181702786801
"NA19101.2.C05" 0.45818730069571 0.235716062713511 0.163923133489569 0.14217350310121
"NA19101.2.C06" 0.4970133357593 0.120740699490589 0.278852002315099 0.103393962435013
"NA19101.2.C07" 0.61628605978646 0.128156672615976 0.138924203691766 0.116633063905798
"NA19101.2.C08" 0.428278617164887 0.295324308157627 0.111515056462138 0.164882018215349
"NA19101.2.C09" 0.165282952712814 0.44539994435731 0.280632075439918 0.108685027489958
"NA19101.2.C10" 0.325625435151005 0.338501474572522 0.195081509145828 0.140791581130645
"NA19101.2.C11" 0.545005376978451 0.127377585226124 0.213806685644623 0.113810352150802
"NA19101.2.C12" 0.234577542114295 0.356431797207057 0.259858794792196 0.149131865886452
"NA19101.2.D01" 0.497995104596967 0.240475515618228 0.12149959690711 0.140029782877695
"NA19101.2.D02" 0.405453227441057 0.282173404032305 0.126743617643908 0.18562975088273
"NA19101.2.D03" 0.537300743688994 0.145534435991225 0.163618193271376 0.153546627048405
"NA19101.2.D04" 0.480599277029486 0.226317266662549 0.153532439882128 0.139551016425837
"NA19101.2.D05" 0.259352529993035 0.388927728938173 0.200976095521392 0.1507436455474
"NA19101.2.D06" 0.456542492976189 0.235142700982942 0.15459575865607 0.153719047384799
"NA19101.2.D07" 0.40460598894472 0.288410632207033 0.158244513606018 0.148738865242228
"NA19101.2.D08" 0.487091437259117 0.207538353003368 0.132567602021672 0.172802607715843
"NA19101.2.D09" 0.270077281177182 0.39517802480259 0.153446741409429 0.181297952610799
"NA19101.2.D10" 0.406454450243194 0.248503497467929 0.204481263437677 0.140560788851201
"NA19101.2.D11" 0.566192310456054 0.157206691228133 0.121237126149891 0.155363872165922
"NA19101.2.D12" 0.273251424499498 0.461832217986664 0.148204615316427 0.116711742197412
"NA19101.2.E01" 0.427555064275439 0.263684475314103 0.122384739699291 0.186375720711168
"NA19101.2.E02" 0.441670499328574 0.234907908048939 0.153727011143945 0.169694581478541
"NA19101.2.E03" 0.320161990210873 0.374499007450927 0.185920756797288 0.119418245540912
"NA19101.2.E04" 0.446423876168582 0.156514238403058 0.300294049596398 0.0967678358319615
"NA19101.2.E05" 0.258874314628285 0.396045413044628 0.148315447447602 0.196764824879486
"NA19101.2.E06" 0.311696949385756 0.380562874879313 0.163557705184009 0.144182470550922
"NA19101.2.E07" 0.353106929559575 0.260180996884821 0.169044244832028 0.217667828723575
"NA19101.2.E09" 0.396520424304738 0.28837207849591 0.196623552539155 0.118483944660197
"NA19101.2.E10" 0.491179305703037 0.207273649127102 0.147861370537568 0.153685674632293
"NA19101.2.E11" 0.373208969595244 0.180950955513434 0.312572743360128 0.133267331531194
"NA19101.2.E12" 0.590783855820518 0.11791601012063 0.166032883565092 0.12526725049376
"NA19101.2.F01" 0.482966882750112 0.201116832529763 0.181730860278508 0.134185424441617
"NA19101.2.F02" 0.141775028235461 0.391055664068893 0.29146478951016 0.175704518185485
"NA19101.2.F03" 0.497867116680336 0.140047446602687 0.251822410710716 0.110263026006262
"NA19101.2.F04" 0.480226923514325 0.278792291099358 0.155140249873426 0.0858405355128908
"NA19101.2.F06" 0.53321131741374 0.0862052407799081 0.260484047262468 0.120099394543884
"NA19101.2.F07" 0.440890723130792 0.121420811638848 0.335802710322382 0.101885754907979
"NA19101.2.F08" 0.446237882040256 0.237923802018273 0.156732530118639 0.159105785822833
"NA19101.2.F09" 0.445062909045749 0.290494438940945 0.130879108704709 0.133563543308597
"NA19101.2.F10" 0.193959203686961 0.52020530080058 0.162823536449942 0.123011959062518
"NA19101.2.F11" 0.157091510860852 0.4495617495379 0.21307307830726 0.180273661293988
"NA19101.2.F12" 0.234429348434062 0.298390809955216 0.275652158559058 0.191527683051665
"NA19101.2.G01" 0.487239022692943 0.213268964271646 0.132145284982571 0.167346728052839
"NA19101.2.G02" 0.381963238917297 0.205519955277395 0.314259387274111 0.0982574185311969
"NA19101.2.G03" 0.354353637570353 0.284271927853305 0.145264328833244 0.216110105743097
"NA19101.2.G04" 0.42398156891575 0.238967875316252 0.214617461062132 0.122433094705866
"NA19101.2.G05" 0.39458505067044 0.23737023936228 0.169140456012125 0.198904253955156
"NA19101.2.G06" 0.255689436178089 0.369543831508872 0.190876347812996 0.183890384500044
"NA19101.2.G07" 0.457545280851608 0.23759546916411 0.191713484172495 0.113145765811788
"NA19101.2.G08" 0.142931247370609 0.439266940813584 0.245805737274422 0.171996074541385
"NA19101.2.G09" 0.410166363242916 0.228403988333135 0.255948005787466 0.105481642636484
"NA19101.2.G10" 0.114416053567585 0.499557963105119 0.207838284837656 0.17818769848964
"NA19101.2.G11" 0.320103989627258 0.334518109932839 0.208446403750128 0.136931496689776
"NA19101.2.G12" 0.476289502268843 0.205772380170964 0.167346514684952 0.150591602875241
"NA19101.2.H01" 0.519293248618947 0.220173559541297 0.137727545689255 0.1228056461505
"NA19101.2.H02" 0.290695206469971 0.351468041981303 0.19684838703447 0.160988364514256
"NA19101.2.H03" 0.472572276342296 0.191813940852928 0.170019951386171 0.165593831418605
"NA19101.2.H05" 0.620289112800108 0.141688011969081 0.129329729945338 0.108693145285473
"NA19101.2.H06" 0.466284643033611 0.103196141458149 0.332471522786327 0.0980476927219136
"NA19101.2.H07" 0.414344106723441 0.240430640166715 0.198991113767963 0.146234139341881
"NA19101.2.H08" 0.637113532160908 0.0988550290549436 0.144156682505375 0.119874756278773
"NA19101.2.H09" 0.198563218552402 0.433143203389434 0.120112350572021 0.248181227486143
"NA19101.2.H10" 0.347225717573596 0.273556997765305 0.213663977651494 0.165553307009605
"NA19101.2.H11" 0.380835265561737 0.321230384472983 0.179534975305259 0.118399374660021
"NA19101.2.H12" 0.206797736774323 0.461219558799942 0.130894545967521 0.201088158458214
"NA19101.3.A01" 0.00105045863198298 0.652119672077972 0.149157104990551 0.197672764299493
"NA19101.3.A02" 0.00172943061891554 0.59208899331385 0.196470428476648 0.209711147590586
"NA19101.3.A05" 0.163313613785894 0.464549778853616 0.234396518895641 0.13774008846485
"NA19101.3.A06" 0.55456736422144 0.159431201284244 0.137743535024366 0.14825789946995
"NA19101.3.A07" 0.266449548938653 0.423139511249608 0.120864752947507 0.189546186864231
"NA19101.3.A09" 0.0828300320359152 0.532290655736202 0.190460961581476 0.194418350646407
"NA19101.3.A10" 0.485418987934205 0.0488525658595884 0.358651408069758 0.107077038136449
"NA19101.3.A11" 0.164541502193536 0.452978713080329 0.200311292402596 0.182168492323538
"NA19101.3.A12" 0.481221555637403 0.1985297512028 0.154399838428 0.165848854731797
"NA19101.3.B01" 0.473261654264653 0.200424744412308 0.209921004278674 0.116392597044365
"NA19101.3.B02" 0.428342038249616 0.154800878354087 0.336241332382384 0.080615751013913
"NA19101.3.B05" 0.31663965207155 0.34047057736925 0.162524278110961 0.180365492448239
"NA19101.3.B06" 0.503279366843782 0.189971411486398 0.144293485080593 0.162455736589226
"NA19101.3.B07" 0.574430627774517 0.0350437966994085 0.286647376697002 0.103878198829073
"NA19101.3.B08" 0.541567431549155 0.18580293240245 0.134313708614056 0.138315927434338
"NA19101.3.B09" 0.50219982961497 0.234982854368635 0.18263214501268 0.0801851710037152
"NA19101.3.B10" 0.633061744144339 0.120278141646554 0.149795559842984 0.096864554366123
"NA19101.3.B11" 0.31197116999603 0.219241366688135 0.391354237308662 0.0774332260071723
"NA19101.3.B12" 0.421026517876414 0.115200741289744 0.388580255148978 0.0751924856848641
"NA19101.3.C01" 0.00444379633227596 0.636956068859623 0.199705725810181 0.158894408997921
"NA19101.3.C03" 0.459159308930388 0.237979719577081 0.178487210267208 0.124373761225324
"NA19101.3.C04" 0.536382873150695 0.145754854638166 0.140314090115556 0.177548182095584
"NA19101.3.C05" 0.409815960918472 0.122828636855383 0.356915468583867 0.110439933642277
"NA19101.3.C06" 0.474286265507824 0.257075081551878 0.15298900953131 0.115649643408989
"NA19101.3.C07" 0.539642553581899 0.184487978697925 0.0956063377318728 0.180263129988303
"NA19101.3.C08" 0.562711828907759 0.14678979814225 0.139085436379708 0.151412936570283
"NA19101.3.C09" 0.080325752699576 0.401085890947323 0.340277816080052 0.178310540273049
"NA19101.3.C10" 0.474813025067281 0.164410135557412 0.230363533581545 0.130413305793762
"NA19101.3.C11" 0.475656765222659 0.189794359627578 0.192707097976173 0.14184177717359
"NA19101.3.C12" 0.133003757190702 0.498854370382033 0.165936632552432 0.202205239874833
"NA19101.3.D01" 0.0016644053379218 0.678231710001232 0.213716895596901 0.106386989063945
"NA19101.3.D03" 0.519162186485461 0.147476298317782 0.24153661923957 0.0918248959571867
"NA19101.3.D04" 0.00596726092887852 0.555552315068958 0.233101116370883 0.20537930763128
"NA19101.3.D06" 0.472811776476406 0.0741981307400385 0.355122476715931 0.0978676160676243
"NA19101.3.D07" 0.0504115043921433 0.601177509533224 0.171700258039512 0.176710728035121
"NA19101.3.D08" 0.54836800781168 0.113429073305212 0.204282974609707 0.133919944273401
"NA19101.3.D09" 0.0377615750727477 0.570745117130212 0.177878988841203 0.213614318955837
"NA19101.3.D10" 0.46244288623152 0.148533475117612 0.308128137018981 0.0808955016318868
"NA19101.3.D12" 0.508375196998908 0.220211932347687 0.0496471158534966 0.221765754799909
"NA19101.3.E01" 0.424219515769646 0.23279981399558 0.161851837967174 0.1811288322676
"NA19101.3.E02" 0.492457002063696 0.210873967691205 0.146805704632866 0.149863325612233
"NA19101.3.E03" 0.445472245575664 0.254532943390571 0.116518988220318 0.183475822813447
"NA19101.3.E04" 0.483391845426732 0.2260469187084 0.125134295459738 0.165426940405131
"NA19101.3.E06" 0.480705247694907 0.280114770141535 0.077371545200231 0.161808436963327
"NA19101.3.E07" 0.493039246641049 0.204077151311457 0.143371122149273 0.159512479898221
"NA19101.3.E08" 0.0174428952523277 0.566780168743349 0.207387759193792 0.208389176810531
"NA19101.3.E09" 0.507884678602241 0.222335459400751 0.151211666472022 0.118568195524986
"NA19101.3.E10" 0.37515507969802 0.287937112836511 0.248758326228175 0.0881494812372931
"NA19101.3.F01" 0.521754541977438 0.156287850671403 0.158177036769038 0.163780570582121
"NA19101.3.F02" 0.552224665385292 0.1826480015153 0.105600946957063 0.159526386142345
"NA19101.3.F03" 0.510875762991886 0.103399474956531 0.223153957382126 0.162570804669458
"NA19101.3.F05" 0.504143210632709 0.154813216363054 0.193821266041119 0.147222306963118
"NA19101.3.F07" 0.459589882105475 0.220136415643168 0.206036167469348 0.11423753478201
"NA19101.3.F08" 0.511209388959366 0.244145704581101 0.0972871178384945 0.147357788621038
"NA19101.3.F09" 0.193574190143968 0.349155911340582 0.227144675607543 0.230125222907907
"NA19101.3.F10" 0.499805298860457 0.169669052657545 0.238351433327753 0.0921742151542443
"NA19101.3.F11" 0.581288360349003 0.145411062273923 0.117980192342315 0.155320385034759
"NA19101.3.F12" 0.605907318893073 0.130266939061294 0.132029275680475 0.131796466365158
"NA19101.3.G01" 0.41546495078804 0.304377195125998 0.107326160513406 0.172831693572556
"NA19101.3.G02" 0.161321545596343 0.537705032340609 0.133273965114606 0.167699456948442
"NA19101.3.G03" 0.550440071259248 0.146909853052683 0.100579403954926 0.202070671733142
"NA19101.3.G05" 0.535990355435734 0.160727908371131 0.14236631517812 0.160915421015014
"NA19101.3.G06" 0.69140343423995 0.102693889751954 0.0613842433402274 0.144518432667869
"NA19101.3.G07" 0.491528947827595 0.139328735952842 0.21821890224525 0.150923413974312
"NA19101.3.G08" 0.507039574062399 0.252683910198837 0.108052412592391 0.132224103146373
"NA19101.3.G09" 0.140569529139836 0.561992018292636 0.170624476084223 0.126813976483304
"NA19101.3.G10" 0.59755831657203 0.155371513063757 0.113735250060262 0.133334920303951
"NA19101.3.G11" 0.493627723064513 0.183585044016134 0.123421729539693 0.19936550337966
"NA19101.3.G12" 0.588113505365903 0.157420587964923 0.0952748372349085 0.159191069434265
"NA19101.3.H01" 0.0140716044327901 0.658563044730706 0.121118877150414 0.20624647368609
"NA19101.3.H02" 0.160876237709496 0.436910244159303 0.199685584204603 0.202527933926598
"NA19101.3.H03" 0.0428998347862996 0.649162989113 0.187693514340369 0.120243661760331
"NA19101.3.H05" 0.654818764127727 0.0349649992217072 0.139616381184671 0.170599855465894
"NA19101.3.H07" 0.0301768764689638 0.55857762099356 0.1978210211574 0.213424481380077
"NA19101.3.H08" 0.537996296608356 0.183276685546771 0.0707579771890453 0.207969040655827
"NA19101.3.H09" 0.165609799166547 0.458704268624487 0.222810089928836 0.152875842280129
"NA19101.3.H10" 0.46900396685865 0.222577778594467 0.166018524996864 0.142399729550019
"NA19101.3.H11" 0.494131157308944 0.267924089292637 0.0622793334467126 0.175665419951706
"NA19239.1.A01.1" 0.45113225109633 0.36680335682051 0.0801869959206696 0.101877396162491
"NA19239.1.A02.1" 0.492160628582657 0.334767529430096 0.125216894444024 0.0478549475432236
"NA19239.1.A04.1" 0.346525320586554 0.427782020212993 0.131642013082556 0.0940506461178973
"NA19239.1.A05.1" 0.437814569221661 0.537546495859307 0.000750305264014331 0.023888629655018
"NA19239.1.A06.1" 0.6046275332027 0.388170475464054 0.00228120909803633 0.00492078223520986
"NA19239.1.A07.1" 0.206867730332797 0.442490696505135 0.21291796483096 0.137723608331108
"NA19239.1.A09.1" 0.458944090320057 0.224947396237064 0.220289478000648 0.095819035442231
"NA19239.1.A10.1" 0.149315910827414 0.225068754861134 0.186586937105628 0.439028397205823
"NA19239.1.A11.1" 0.292719442666472 0.401389199596589 0.106317139217953 0.199574218518986
"NA19239.1.A12.1" 0.191020255403169 0.0426850589891157 0.522864860876636 0.243429824731079
"NA19239.1.B01" 0.249800828815356 0.514936046564136 0.122362709851506 0.112900414769003
"NA19239.1.B02.1" 0.35927030085608 0.517334743066224 0.104831173259872 0.0185637828178237
"NA19239.1.B03.1" 0.702677243373705 0.216273437245456 0.0653865249374468 0.015662794443392
"NA19239.1.B04" 0.571152752605978 0.379262069372323 0.0333792589690719 0.0162059190526277
"NA19239.1.B06.1" 0.185978981291063 0.0105555094843074 0.466704858927695 0.336760650296934
"NA19239.1.B09.1" 0.217804834545017 0.365947314692929 0.355453758120892 0.060794092641162
"NA19239.1.B10.1" 0.281422222536055 0.258519215222163 0.061015925086236 0.399042637155546
"NA19239.1.B11.1" 0.107045687326304 0.260765761331953 0.583895941838717 0.0482926095030266
"NA19239.1.B12.1" 0.223711079397985 0.000888745763459458 0.550938061942593 0.224462112895962
"NA19239.1.C01.1" 0.176289798764343 0.483689250852245 0.169042640955147 0.170978309428265
"NA19239.1.C02.1" 0.535260788308131 0.343488555325487 0.0933709140505433 0.0278797423158388
"NA19239.1.C03.1" 0.183959956455517 0.35476328375463 0.0732259545255094 0.388050805264344
"NA19239.1.C04" 0.328247202580298 0.508000727294323 0.0374867861824114 0.126265283942967
"NA19239.1.C05.1" 0.291010469373398 0.208936093234372 0.156626994175236 0.343426443216994
"NA19239.1.C06.1" 0.315058105997779 0.612619977650932 0.000447624655892249 0.0718742916953974
"NA19239.1.C07.1" 0.37492062826952 0.426840640085753 0.0708813144743006 0.127357417170426
"NA19239.1.C08.1" 0.488754953960408 0.220400873194129 0.160827906570457 0.130016266275006
"NA19239.1.C09.1" 0.727812663606928 0.146872709655432 0.0444597799429187 0.0808548467947217
"NA19239.1.C10.1" 0.450362197269951 0.40401672065661 0.0590438991334501 0.0865771829399893
"NA19239.1.C11.1" 0.493370138860229 0.277223217906221 0.058948608260402 0.170458034973148
"NA19239.1.C12.1" 0.154452486807593 0.240275144057789 0.385956404041983 0.219315965092634
"NA19239.1.D01.1" 0.0812283140218488 0.270455217807812 0.456339429487798 0.191977038682542
"NA19239.1.D02.1" 0.528447507513656 0.38233514337344 0.039241249370832 0.0499760997420717
"NA19239.1.D03.1" 0.139432752558766 0.143276026006165 0.0476223124706364 0.669668908964433
"NA19239.1.D04.1" 0.36230023091141 0.412661211971288 0.100405667280943 0.12463288983636
"NA19239.1.D05.1" 0.455520926332475 0.398206484306062 0.00890974242396944 0.137362846937493
"NA19239.1.D06.1" 0.534207051771557 0.460240421383889 0.00114731060399168 0.00440521624056313
"NA19239.1.D07.1" 0.442196361975139 0.0944785403870117 0.263385637860817 0.199939459777033
"NA19239.1.D08.1" 0.35594286065597 0.204488868160246 0.195427391752953 0.244140879430832
"NA19239.1.D09.1" 0.116336937732239 0.12075635422825 0.762355287357719 0.000551420681792476
"NA19239.1.D10.1" 0.268716609076562 0.522436050985658 0.0605513833786607 0.148295956559119
"NA19239.1.D11.1" 0.318670639529438 0.180074192566773 0.0831999316746213 0.418055236229168
"NA19239.1.D12.1" 0.515284721154678 0.226808149704107 0.0463958787139886 0.211511250427227
"NA19239.1.E01.1" 0.00192708649889068 0.0391302540130311 0.956415372775336 0.00252728671274264
"NA19239.1.E02.1" 0.453978047878713 0.289674896872185 0.182759896346663 0.0735871589024391
"NA19239.1.E03.1" 0.224726490599648 0.320997377629294 0.0959160256029043 0.358360106168154
"NA19239.1.E04.1" 0.711623504693064 0.0449649320496934 0.000326060422278319 0.243085502834965
"NA19239.1.E05.1" 0.143227228327642 0.24634123184979 0.341595164870658 0.26883637495191
"NA19239.1.E06.1" 0.448470920646897 0.471945776225821 0.00671243604638642 0.0728708670808963
"NA19239.1.E07.1" 0.672091023256075 0.181193192834252 0.0578631163418777 0.0888526675677955
"NA19239.1.E08.1" 0.556178742749784 0.189851714412355 0.136449610533934 0.117519932303926
"NA19239.1.E09.1" 0.325738476574841 0.499118289578106 0.134973870420181 0.0401693634268716
"NA19239.1.E11.1" 0.317742416047733 0.421637021995074 0.0904650284808256 0.170155533476367
"NA19239.1.E12.1" 0.150437291270076 0.268015894260073 0.429439655139375 0.152107159330475
"NA19239.1.F01.1" 0.477593804691636 0.277388175239696 0.0991113839552651 0.145906636113403
"NA19239.1.F02.1" 0.573670542836364 0.325911308880483 0.0426472997454643 0.0577708485376882
"NA19239.1.F03.1" 0.114244754235986 0.405608616539754 0.150274258428155 0.329872370796104
"NA19239.1.F04.1" 0.699379431952014 0.299249803587881 0.000756980430768604 0.000613784029336088
"NA19239.1.F05.1" 0.0653202601964907 0.00953750920509903 0.787139383531359 0.138002847067051
"NA19239.1.F06.1" 0.519093169435076 0.45179005424273 0.0280827697013254 0.00103400662086848
"NA19239.1.F07.1" 0.324035364514174 0.587293188671764 0.0180494303261349 0.0706220164879274
"NA19239.1.F08.1" 0.218249673345421 0.663061065057384 0.0745481771656597 0.0441410844315351
"NA19239.1.F09.1" 0.24537296142201 0.31142564120687 0.313728527048687 0.129472870322434
"NA19239.1.F10.1" 0.0923344736423912 0.251867542011061 0.205238140811234 0.450559843535314
"NA19239.1.F11.1" 0.218504421235877 0.000414934424741339 0.12948358263151 0.651597061707871
"NA19239.1.F12.1" 0.349050626615749 0.515057141734816 0.0851039553767751 0.0507882762726601
"NA19239.1.G01.1" 0.00177500399412327 0.147838715533527 0.786873411947333 0.0635128685250163
"NA19239.1.G04.1" 0.308624819005523 0.635954077290709 0.0363233464445585 0.0190977572592091
"NA19239.1.G05.1" 0.277384331865874 0.311130965528447 0.174252635781238 0.237232066824441
"NA19239.1.G06.1" 0.664028927979292 0.238848677398274 0.00496716244251224 0.0921552321799221
"NA19239.1.G07.1" 0.616324360516773 0.162548635192291 0.0293731281490119 0.191753876141923
"NA19239.1.G08.1" 0.446619312405958 0.412830925689955 0.0125264758084211 0.128023286095665
"NA19239.1.G09.1" 0.447727144529179 0.147334368410395 0.263463746010719 0.141474741049707
"NA19239.1.G10.1" 0.128213034066951 0.181460903347702 0.381824829084202 0.308501233501144
"NA19239.1.G11.1" 0.489813494791602 0.373843609621129 0.0581242692690497 0.0782186263182187
"NA19239.1.G12.1" 0.0593512565931356 0.0606586104918233 0.65326157219209 0.226728560722951
"NA19239.1.H01.1" 0.224149046703832 0.0448157131761859 0.520358646893265 0.210676593226716
"NA19239.1.H02" 0.262101057956141 0.0585799248468437 0.220394326302291 0.458924690894725
"NA19239.1.H03.1" 0.192028404636202 0.183923871948051 0.54091237461464 0.083135348801107
"NA19239.1.H04.1" 0.105518978812512 0.168751952623404 0.128336870318796 0.597392198245288
"NA19239.1.H06.1" 0.585567998065347 0.199541436158679 0.127242739069621 0.0876478267063525
"NA19239.1.H08.1" 0.422938324320517 0.0356808513113767 0.182689955686414 0.358690868681692
"NA19239.1.H09.1" 0.37289037873053 0.275804768981698 0.25850732725854 0.0927975250292324
"NA19239.1.H11.1" 0.356229476221554 0.115069158338006 0.158936406756477 0.369764958683962
