"1" "2" "3" "4" "5"
"wrd 1" 0.000674452301718848 2.27183651645391e-08 0.00110870362549831 1.23023030074248e-08 0.000397524892957585
"wrd 2" 0.000836043512873063 0.00114676969232023 0.00345650750063205 0.00100817067661738 0.000914580369546412
"wrd 3" 3.70846102052033e-09 7.00970147845885e-09 5.82125888324779e-09 5.26530891394216e-09 7.2656123819143e-09
"wrd 4" 0.00133267841072214 0.00331581061108206 0.000496554173056434 0.000789150213950127 0.00240138918431341
"wrd 5" 0.00124174527530358 0.000818611501851304 0.000933148625768233 0.000199790684189135 0.0011477949859023
"wrd 6" 0.00226550373117713 0.00966283616008221 0.00513423064853401 0.0024392204580129 6.32190054988145e-07
"wrd 7" 0.000557863223646779 0.00244854055655624 0.0113434838013174 0.000465300496353595 0.0057583325861106
"wrd 8" 0.00158949563635955 7.78386635074354e-08 0.000815130554532192 0.00163011215799008 0.00180070449224861
"wrd 9" 0.000483639176006542 0.000402046599529026 0.00054974564104692 0.000247000563613565 4.12543657528071e-08
"wrd 10" 0.000368373409983936 0.000457700603775675 0.000815039728866947 1.12723309577117e-08 2.48315167670206e-08
"wrd 11" 0.000690344261865 0.00194039519701725 0.000212599872117473 0.000844937336547964 0.00174637489678466
"wrd 12" 1.52721077950064e-06 1.61417183417584e-05 4.55167878049317e-08 6.10634119931868e-09 1.04259234762162e-08
"wrd 13" 0.0001196035050197 0.00145300540434027 9.89943605182933e-05 5.51214348952893e-08 0.000270371092554635
"wrd 14" 0.000298168903006303 0.000236261915964699 0.000729088958577303 1.56789694745745e-08 6.37751997049457e-08
"wrd 15" 0.000348328300998394 2.02416660572167e-07 0.000283842440763009 3.21642157004843e-08 0.000445254088804826
"wrd 16" 4.93593346007183e-09 8.25220383485182e-09 0.000300841284486499 5.43113622482572e-09 1.23253343300768e-08
"wrd 17" 0.000554408481828824 7.24193279109144e-08 0.000703509151047987 1.37653944660086e-08 0.00090124160470398
"wrd 18" 0.000852311937063082 2.8498082039472e-08 0.00155197001311054 1.3156021148165e-08 0.00473286041513256
"wrd 19" 0.000259070959985816 0.000309415592904905 0.00117386240637774 0.000285730656998718 5.02921278295209e-08
"wrd 20" 0.000954651453404245 7.56817604051574e-08 0.000280459290012667 0.000414834646583222 0.00117938416249571
"wrd 21" 0.00171827310778005 0.00328199274405665 0.00451177413217316 0.000935094952814982 0.00443240475009967
"wrd 22" 0.000378165474896759 0.000512054425003531 0.00191398971290596 7.88563373472575e-05 0.00107249329821356
"wrd 23" 0.000126415971040356 9.48442788439902e-05 0.000373914867198799 0.00017387717166252 0.000567954590058767
"wrd 24" 9.74113208466318e-05 0.00111300474664114 0.00204987628522205 8.83685723566197e-08 4.94354294963704e-05
"wrd 25" 0.00233842103533227 0.000757273682132637 1.56544151106563e-07 0.000507970433871806 0.00167942587588973
"wrd 26" 0.000706013448865898 1.2714496518844e-06 3.00111530214008e-08 2.12055359975131e-08 0.00122407650886808
"wrd 27" 0.00169624471325837 2.34914143826918e-07 0.000241511762547896 0.000466493268168628 5.46939662707281e-08
"wrd 28" 0.00442978194798143 0.00031574530815871 0.000246456093682987 0.00138970534514302 0.00189095370735381
"wrd 29" 0.000379155421209229 0.000236401982700121 4.78686788055727e-08 1.59983370429953e-08 2.04373200723136e-07
"wrd 30" 0.000398705307323427 0.000185118360094344 0.00127875692658084 4.19446787407672e-08 4.10420647818511e-08
"wrd 31" 0.000898641535766668 0.000258553491782718 0.00209829706136567 1.63341066926467e-08 0.000826686265231424
"wrd 32" 8.13352024065229e-09 9.21836768970225e-05 0.000316275500495102 0.000217543675284182 3.20132049328787e-08
"wrd 33" 0.00675093144616945 0.00136471649876232 0.000411231464294428 0.00216692433623854 0.00250744738567619
"wrd 34" 0.00414886582370896 0.00309716009983869 0.00315164104235834 0.00104624276739854 0.00144572802688285
"wrd 35" 0.00104725131239638 0.00307161396297573 0.000335986383641966 1.93037232464635e-08 0.00023434785728312
"wrd 36" 6.47028753373768e-05 0.000284842520472345 0.000286777628649949 7.85353814334929e-05 1.03670258502722e-06
"wrd 37" 0.00075461156103638 0.00209852549850681 0.000684484821845203 0.000423782665631018 0.00162660602811412
"wrd 38" 0.000331692931658667 0.00196393097570001 0.00627999755885869 1.10195912021288e-05 0.000468869049198222
"wrd 39" 8.32959710512878e-08 2.59370695901787e-08 0.000160031517345679 5.20278795201853e-05 0.00020261396837373
"wrd 40" 0.000234710958854921 0.000599890925702448 0.00800446681618256 3.97768513680099e-07 0.00242510287491038
"wrd 41" 0.00107991331235936 0.00220379577283454 0.0104813765433192 0.00155231807103492 1.15658794175458e-07
"wrd 42" 5.74553081721611e-05 0.001291335913507 5.40290197803831e-07 4.71457941958531e-05 0.00103261695203477
"wrd 43" 0.000430713005954861 7.73021833232808e-07 0.000542459075508839 1.28186964507745e-08 2.24355374507274e-08
"wrd 44" 2.43694749105666e-08 0.000414527860032856 7.37261793812607e-08 7.03656038650314e-05 0.00133080918717268
"wrd 45" 0.00286180460930921 0.000954734809222624 2.50713560552954e-08 0.000649030780008778 0.00173704285730876
"wrd 46" 0.00026819739312808 0.000797345149374002 0.00010345159303756 1.06482130764641e-07 1.04790434753169e-06
"wrd 47" 0.000856414823631667 0.00181294786673911 0.000666533088800203 0.00030642423375633 0.00204584303237103
"wrd 48" 0.00026148978440221 0.000564891086944932 0.00108015957482713 5.95358488357884e-05 0.00340063214380157
"wrd 49" 0.00286784655240232 0.00679798266894978 0.000337990550500681 0.000650620742618435 0.00490846298699939
"wrd 50" 0.00957851940187517 0.00400470080385595 0.00310294522209216 0.00236909733940542 0.00156089097532613
"wrd 51" 0.00137092175851615 2.12884068095685e-07 0.00349017616503971 0.000356464625718836 0.0010823077232082
"wrd 52" 0.00047887594384469 4.72022620899675e-07 0.00374468062945503 1.60221816680117e-08 5.23547012318746e-08
"wrd 53" 0.000751323143243053 0.00300508780077439 0.00616527466760342 5.84314460090464e-07 0.00157094487256745
"wrd 54" 0.000899887894707604 0.000653165962667397 0.00231836360176504 2.00842307016918e-07 0.000673888548620477
"wrd 55" 0.000454353823936558 5.54096596832236e-08 4.42743579577673e-08 1.07054322851616e-08 0.000236199940447311
"wrd 56" 0.0023298819368204 1.84087945574174e-05 0.00083688677879313 0.000830403106864204 0.000715820178631032
"wrd 57" 4.19750934969195e-05 8.10858520776891e-07 0.000291715930099754 1.33307113647025e-08 0.000402630320958067
"wrd 58" 0.00133322622055255 1.54090368818072e-07 0.00197186503076629 0.0011380295796333 0.000648683156012183
"wrd 59" 0.00142260381530724 0.00167379790458901 0.00407904850655249 0.00188201994180302 3.03758224486678e-06
"wrd 60" 0.0023197786251734 0.00381018017247001 0.00197041210001239 0.0038531712468834 0.00754331220700317
"wrd 61" 0.00115863380931992 0.00435630186688331 0.000444891752393296 0.000837441948153606 1.69529146064818e-06
"wrd 62" 0.000168265388753561 6.84565660436341e-05 0.00186730260758309 0.000741783834881238 8.21878879703976e-08
"wrd 63" 8.00003091027718e-08 2.62071274795951e-08 0.000922131060191838 0.000139474764944052 0.000929146933041504
"wrd 64" 3.70846102052033e-09 7.00970147845885e-09 5.82125888324779e-09 5.26530891394216e-09 7.2656123819143e-09
"wrd 65" 0.00022356658288722 0.000197061954033244 0.000752059535631244 1.73926366445493e-08 8.35707793700879e-08
"wrd 66" 2.01556148981411e-05 1.7292108200868e-08 1.32076624825947e-08 1.51247359954503e-08 1.71241159712747e-08
"wrd 67" 0.00216110653847452 1.45486144370641e-07 0.0161315837919925 0.000657814622292928 0.00077095343998278
"wrd 68" 0.000128249506057763 2.84385933414519e-06 0.000607416005174548 0.000106097084382875 0.000876826446609176
"wrd 69" 0.0012322417186357 5.05687965945743e-06 0.00132718301462517 0.00048311233680697 4.52496669237819e-07
"wrd 70" 0.00376957076509122 0.00490284263773924 0.00306832654395296 0.0014356140843877 0.00278901215532157
"wrd 71" 0.000521697811822796 2.56407604311366e-08 0.00237876529203403 1.41536375015723e-06 0.00183689685051668
"wrd 72" 3.70846102052033e-09 7.00970147845885e-09 5.82125888324779e-09 5.26530891394216e-09 7.2656123819143e-09
"wrd 73" 5.9826792762019e-09 3.43752436756649e-05 0.000502174584597795 0.000121477762548231 1.78372194916854e-08
"wrd 74" 9.62973424101794e-07 0.000345665568115309 0.00126748830753169 1.88883588332842e-08 0.000923422219453966
"wrd 75" 0.000766548842812395 3.53342312987532e-08 1.71482580907933e-08 9.58963848176938e-09 7.91407492345363e-05
"wrd 76" 0.00108703714998489 0.000451978121646767 4.28038223256654e-08 0.000227989676869851 0.00277876865272228
"wrd 77" 0.0150160859332515 0.00967699970138588 0.00218380647512252 0.00793238058448099 0.0201183909540826
"wrd 78" 0.000563746353686191 0.000948793924223718 0.000695565578720361 0.000478248667202108 5.60047326417798e-07
"wrd 79" 0.00110151177449965 0.000394632236518666 0.00137173146581224 1.38163279642673e-08 0.000839294404849296
"wrd 80" 0.00819039212065082 0.00812657288019255 0.00254402480204742 0.00211927876231113 0.000240216730593685
"wrd 81" 0.00820507211571435 0.00264742927733954 0.0102609083465901 0.00211499851755961 7.09617857449604e-08
"wrd 82" 0.0129609557544852 1.6529850636728e-07 0.00274282604729488 0.00346100969798427 0.0139560449667133
"wrd 83" 0.000624010076795612 0.000363093574828625 2.58380749278698e-05 0.000593737087536418 1.24675314400817e-07
"wrd 84" 0.00060771889025729 0.000592210506488132 4.75844197130411e-08 0.000467621590908567 0.000850563442862305
"wrd 85" 0.0012782960828022 0.00024752034339919 0.0014116509351 0.00034242430294894 0.000597403425373417
"wrd 86" 0.00374194956613917 0.00397929645947672 0.00368432380286994 0.00140458944580909 0.00277792798746626
"wrd 87" 0.0021649118568213 0.0023140712836618 3.73299117028659e-08 0.000678795624912425 0.000881606989038594
"wrd 88" 0.00111906429609925 1.19412298638902e-07 0.00250962416617908 0.00059273401880926 0.00223650881030403
"wrd 89" 0.00118464034965951 7.4630669353598e-08 0.00119085446209608 0.00018754353099092 4.96344199748332e-06
"wrd 90" 3.82291851249198e-09 7.05000245909549e-09 1.01857855097672e-08 1.06211536770492e-08 1.97566272908621e-05
"wrd 91" 0.00143770498779314 0.000175992218077452 0.00103389811091135 0.000572038209420158 4.00194872858015e-08
"wrd 92" 3.98991060296632e-05 1.13564286403132e-06 0.000653063127405734 1.03267811483125e-05 2.01756664720398e-05
"wrd 93" 0.000543961686065597 0.000295068616525865 0.000528851781069983 2.79759141473068e-06 7.08778765339834e-08
"wrd 94" 5.58216477782199e-08 6.05255215588758e-07 0.00023765070599581 0.000443315362782476 2.5205985195152e-08
"wrd 95" 0.00908443158974939 0.00200530676055201 0.00414055306691253 0.00353301313443855 5.77081602527335e-07
"wrd 96" 1.00183503866756e-05 1.10861912235085e-07 1.40428994566247e-08 1.21768490599148e-08 2.16143677965718e-08
"wrd 97" 0.000622058795954613 0.000276323360607911 0.000523756688456259 0.000512063352372568 0.000810399603418537
"wrd 98" 8.1190115860865e-09 1.81068704342882e-08 5.9760385294921e-07 1.35562187588546e-08 5.85244646143934e-05
"wrd 99" 4.27240838435297e-05 0.000552535492782678 0.00227852465055003 2.22383944848012e-05 0.0027732981437114
"wrd 100" 7.58591712203988e-09 1.34173008476185e-08 9.13022777945649e-09 0.000130507262929359 0.000234920657553612
"wrd 101" 0.000729280711335585 2.88800275530051e-08 0.00167043578342687 0.000246102745815939 3.84179497897257e-07
"wrd 102" 8.95781897312576e-09 0.000475414463783021 2.46849096381747e-08 0.000741280193809199 0.00148821749248435
"wrd 103" 0.000333861444822338 2.07988342123876e-08 0.000302307062890582 0.000309475277766686 0.000438750260661233
"wrd 104" 6.03911561356333e-05 0.000636509960403505 0.00222527873661621 0.000105254320586409 0.00276164760316983
"wrd 105" 7.03373478583307e-05 1.7744512842164e-08 0.000147041062192977 3.01538177669774e-08 0.000152946200481319
"wrd 106" 5.30368173589599e-07 0.000131958154439392 2.06507623384583e-08 0.000225701021706476 0.000637685992351516
"wrd 107" 2.04648417717865e-08 0.00138682410659955 0.000120615953106635 3.71103716143737e-08 5.22324262559957e-05
"wrd 108" 2.81020820065354e-08 9.5447998406661e-05 0.000364044816393094 1.36520233924698e-08 8.31015079704897e-09
"wrd 109" 0.0037993434518383 0.00517604014014583 0.00318132486022588 0.004944727605596 0.000843622472720725
"wrd 110" 0.000444060319586039 0.000744824751216549 0.000617615972158561 0.000560142213042029 0.000628374270927679
"wrd 111" 0.000119228877450864 0.000328200999525016 0.000215938394341615 0.00062688353522621 0.00066320166001531
"wrd 112" 0.00196750256574086 7.30568453561261e-08 0.00028096428392458 0.00057569324544482 5.8957124400282e-08
"wrd 113" 6.09213303653772e-08 1.97000601937634e-08 0.000694133370119417 2.02736732961686e-08 3.05738161465242e-06
"wrd 114" 0.000137138803831461 0.000246450349743522 0.000286675261485605 1.23489403624826e-08 0.000323595452120819
"wrd 115" 1.82604511027937e-07 0.000106887739090167 0.000789890549059994 0.000151635453870513 0.00236958920141884
"wrd 116" 0.00012575380466358 0.00155138234378305 0.000176088948366279 1.71808812980621e-08 0.000732106056872592
"wrd 117" 0.00246190084230365 0.00160353463264526 0.00419091457363233 0.000575816530979197 0.00146134726123888
"wrd 118" 0.000251656170193277 5.52009571410264e-08 0.00093487409278663 3.33449483897859e-07 0.000968050171138087
"wrd 119" 0.00354098056442266 0.001739896011383 0.000569037467425677 0.000304316720379779 0.0031129223631647
"wrd 120" 3.33523731594831e-08 0.000460253074277701 0.000230878749365177 2.26609939638086e-08 0.000183318325559529
"wrd 121" 0.000740571768392412 1.33994409759973e-07 0.000533596190932317 0.000194714132063012 0.000717000239911306
"wrd 122" 0.00110102031422513 0.00242193938091243 4.28525898271182e-05 0.000461123400269192 0.00385207753062034
"wrd 123" 0.00378529961767466 1.81660495357646e-07 2.69470260151834e-08 0.000746228795608166 0.00234424329136556
"wrd 124" 0.000281534834174686 9.8247619813505e-08 5.77966184518969e-05 0.000134081654798786 0.000594330306767036
"wrd 125" 9.54088800391161e-09 8.40383612814947e-09 9.61738401135513e-09 1.51727504539298e-08 0.000237125572531502
"wrd 126" 0.000312197171755709 0.00029923825523247 0.000270578210383698 0.000269093158548264 0.000384953058795568
"wrd 127" 9.20814393829433e-05 0.00064547490963332 0.000563520690215443 0.000345470771072602 0.00133015395583609
"wrd 128" 0.00119148529568861 0.00193491521209116 3.25265197113839e-08 0.000758327315503878 0.00111551740280094
"wrd 129" 4.3090911333452e-07 3.49640381996454e-08 0.000885385058570758 1.45548274091952e-08 9.95819982667915e-05
"wrd 130" 0.0021473315660649 0.00181244003709548 0.000934232050370315 0.000284620173282419 0.000458210047645162
"wrd 131" 0.00289296385949683 0.00159740025741018 0.00128788505657716 0.000236698856550117 0.00329153980275408
"wrd 132" 1.28908387551623e-08 1.49397889853439e-08 0.00115124357933436 1.49802124962243e-08 0.000974109005008218
"wrd 133" 0.00057753736437059 0.000224780749086685 0.00176488703766887 2.03133105082879e-08 0.000325930879288573
"wrd 134" 0.000422928256255056 0.00289856195914427 0.000716127670263458 0.000652283631571881 0.00816735499137822
"wrd 135" 0.00199770306381754 5.16769817240457e-08 0.000312348068904886 9.55094822686669e-05 0.00291608184197807
"wrd 136" 0.000426296727738127 0.000150652206556433 1.67340526274835e-07 2.53680580516523e-05 0.000613754404440931
"wrd 137" 7.71820664141327e-08 2.60108580238821e-06 0.00205499651710085 6.20666372660126e-08 0.00118709573813239
"wrd 138" 0.000752630636567993 0.000407133768769199 0.00373232142761934 0.000691914560898096 7.4278820755076e-08
"wrd 139" 7.65059754317724e-05 0.000212729860731597 0.00013193861675508 0.000449298511280084 0.000346934152850194
"wrd 140" 0.0025084089101021 0.00371752860289292 0.00110992401681906 0.00168740850374676 0.00615454710632231
"wrd 141" 0.000921660883049944 0.00188918816186505 0.000279228743341855 0.00019926651976338 0.000790448102478237
"wrd 142" 7.9878489873026e-05 5.87029195280661e-05 1.59479061440296e-08 6.48997220897771e-09 5.06968682990963e-08
"wrd 143" 0.000292130157303882 0.000279935593758497 0.000739973629393899 0.000128737375917172 9.1617487465183e-05
"wrd 144" 0.000223271705138602 5.8043393621327e-05 0.00126313014550434 5.79543161493174e-08 0.000949483247963623
"wrd 145" 0.00129337768559689 1.45811342670498e-07 0.000888961443213017 0.000175955166497397 0.00121228845162232
"wrd 146" 6.5144721192747e-05 0.000469355387724479 7.44918406366158e-07 0.000427857197440508 9.36954022582227e-08
"wrd 147" 0.000863982057528539 5.15618997091922e-08 8.56264657304887e-08 0.00024829371870534 0.000415088048411138
"wrd 148" 0.00031647012805102 1.3335708562547e-08 0.000467990795340469 3.77756787875258e-08 1.34560572297273e-06
"wrd 149" 3.70846102052033e-09 7.00970147845885e-09 5.82125888324779e-09 5.26530891394216e-09 7.2656123819143e-09
"wrd 150" 0.00066166632509669 0.00453015610106616 5.72735167885445e-05 0.000626165866747554 0.00601704013956696
"wrd 151" 0.00057082340603475 0.00165406355041206 0.00114842676601159 0.000562981157924405 5.57156088289188e-05
"wrd 152" 0.00275948586940655 0.000339659213409276 0.000108207955224733 0.000546715975913058 0.00088162394329293
"wrd 153" 0.0010008820416238 0.000787432589176875 0.00140047928058207 1.04130360392225e-08 5.57396867757646e-07
"wrd 154" 0.000273634815556776 0.000567163344399537 2.56788207665751e-08 0.000190220862560846 0.00128147651614784
"wrd 155" 0.00129641187233353 0.00139462715970767 0.000310227341015819 0.0012963542023313 0.00334426908493948
"wrd 156" 0.00210897483193547 4.47126264815036e-07 0.00311712593512944 6.57341704707884e-08 0.00085039031844261
"wrd 157" 2.00211564467869e-08 0.000962971576281446 0.0012405488056834 2.98133586856675e-07 0.00039771515366983
"wrd 158" 0.00922172994522562 0.013973215894052 0.002422041302571 0.00230256872052376 3.36667729821744e-06
"wrd 159" 0.00154318973194751 0.00129969013411751 2.90297716434731e-05 1.63618511612387e-08 0.000355980599703448
"wrd 160" 0.00444929839199261 0.00600667674489463 0.00270037178562621 0.00121967657284579 0.00688054580906262
"wrd 161" 7.96330393885019e-07 0.000109561346919839 0.000853364190535997 4.94527967984701e-08 0.000400745564985833
"wrd 162" 0.00238225949887565 9.6860991468413e-08 1.01665576028471e-05 0.000848268198494305 0.00420849463683029
"wrd 163" 9.64251191417785e-05 2.41455532651928e-08 0.000205198130348178 1.03101123977859e-08 0.000187368715844205
"wrd 164" 0.0031932641240161 0.00161130496833475 0.000259254250997167 0.00142039487402009 0.00192423442227991
"wrd 165" 0.0012089539405978 0.0012553911281881 0.00145530902762703 0.000396131608864106 0.00112122577150829
"wrd 166" 0.000274097961119544 0.00216782101990342 0.000541993118023969 0.000277321037897567 0.000504655519570825
"wrd 167" 0.00360794123145928 0.00740550630211767 0.00184541757771348 0.00178849885743048 0.00544423808566605
"wrd 168" 0.000159011750499598 0.000236555312112073 0.000226207931629776 0.00012024272849571 0.000378424594821025
"wrd 169" 0.00120271040721893 0.00231300939957393 0.000124751401400008 0.000968622330448683 0.00337824671874642
"wrd 170" 7.46592988475812e-09 8.23361684305924e-09 0.000205833506534998 6.17934210691737e-09 1.23875036481202e-08
"wrd 171" 0.00155953500912438 0.000125858773329508 0.0010631265480351 0.00227191915180714 0.000929120640440091
"wrd 172" 0.000419978811966095 0.000332874038075483 0.00178561898877416 3.92435692767936e-07 0.0010100145499252
"wrd 173" 0.00089334512230952 0.000255538338603658 0.000746395135923866 1.39699339875819e-08 0.000235077290268368
"wrd 174" 3.14813450972713e-08 0.000677429764259457 0.00131019165700066 0.00029737645401235 0.00092800881782649
"wrd 175" 1.61788224824785e-08 0.000313627785259298 0.000515988082486718 0.000156775976990552 0.000514149875990551
"wrd 176" 7.04525690603593e-05 0.00153377021374491 0.00476788427508279 0.00219998979457113 0.00460150261032213
"wrd 177" 0.0017559898440257 0.000312260514097138 0.00325851693997007 7.71576577642581e-08 0.00169443406238426
"wrd 178" 3.70846102052033e-09 7.00970147845885e-09 5.82125888324779e-09 5.26530891394216e-09 7.2656123819143e-09
"wrd 179" 4.14932513228515e-05 0.00229325755147556 0.00372315599293311 1.71167418487401e-07 0.00271653759188329
"wrd 180" 0.000253607666924492 7.40110756928028e-07 2.75983914491509e-08 0.000240787007563707 1.27904523266773e-07
"wrd 181" 0.000365973756049103 0.000374518882127237 0.000748231371331887 0.000111045662659499 0.000357074703681678
"wrd 182" 0.0032068667799672 0.000711360109910213 0.00709411813028493 0.00111295792810996 0.000336447438845677
"wrd 183" 0.00142851624206017 0.00371853671453889 0.0096052644324179 0.00165184881222167 0.00520509090823104
"wrd 184" 0.00325304929858776 7.56035653878528e-06 0.0308206803478927 0.0114066202970101 0.00272993084345205
"wrd 185" 0.00514885048414624 0.00538909995082359 0.00113717769893537 0.00214768646362656 0.00721584295306463
"wrd 186" 0.00115642523607467 0.0016059107717141 0.000288341604188236 0.00124503016804239 0.000553064291547367
"wrd 187" 0.00274655314484635 0.00272337952885057 0.000994998175878808 0.000933813752521662 0.00875153290451786
"wrd 188" 0.0014051682374065 0.00151143864069589 0.000119214364962655 0.000320976916481611 0.00234152861348123
"wrd 189" 0.00913407184550344 0.00430341119206278 0.00297596639175187 0.00340469396548389 1.71250902811076e-06
"wrd 190" 0.00338442871683734 0.00466310509899789 0.0122895787956748 0.00142655819321182 0.00231493621405997
"wrd 191" 0.000732341797472235 0.00270316963951911 0.011182827208629 0.0290693755057093 0.00947825516514209
"wrd 192" 0.000483715500631604 2.96293173724178e-08 9.21890090841674e-07 0.000243104029794435 2.60597963232657e-07
"wrd 193" 0.000116292112904536 2.02533808524665e-08 8.62609703751491e-09 7.83312013645758e-05 3.77049734160654e-08
"wrd 194" 0.00185886185482294 0.00125103443986812 0.0077743287512329 0.00119561978362165 0.00283840509602407
"wrd 195" 1.9387667910794e-05 7.91003893491549e-05 0.00901386730611983 0.00216459536826164 0.00358709099775534
"wrd 196" 0.00197476079669048 0.000501389568229488 4.59593415427338e-08 0.000248136736788855 0.000822184009995208
"wrd 197" 0.000790870661557934 0.000646384618955985 0.00316074689496128 0.000740101884643757 0.00212245150762624
"wrd 198" 0.000711294780290374 0.000684980547219443 0.00511939256468734 0.00324294734840698 0.00523315956403832
"wrd 199" 0.000299693332666693 2.55996743135501e-05 0.000221116883245456 0.000737319513785171 0.000741104929387517
"wrd 200" 0.00326782144072295 0.00607373315596336 0.00216560841010983 0.00257143292048865 3.19624103138044e-06
"wrd 201" 1.57962278736145e-05 8.29801592079593e-05 0.000304566362145066 0.0008368743735731 8.1864692666861e-06
"wrd 202" 8.54361539595418e-05 0.000193676344344357 2.82455205756838e-05 0.000280529374531938 4.45733546967919e-08
"wrd 203" 0.00102671472085789 0.000763829617782276 0.000731273134284481 0.000443452965735791 7.91760707749713e-05
"wrd 204" 0.00158272661238359 0.00189485984059154 0.000481588865476241 0.00126699587059576 0.00329696916337783
"wrd 205" 0.000260380253258343 2.28423602324158e-05 0.000761937088607695 1.2436867031473e-05 2.24253092246574e-08
"wrd 206" 1.15302866463044e-05 0.000903755276152804 0.00602324413443578 0.00340927726774047 0.0028656351860248
"wrd 207" 0.00661158858121828 0.00270055086449293 0.00200153644460272 0.00357382398966866 0.00203470324736175
"wrd 208" 0.000920859617597952 1.44821641295734e-07 6.30109910131158e-08 0.00209185515049222 0.000822832508007303
"wrd 209" 0.000303042278454168 0.000106422107329851 0.000622020717793241 0.00122063623598322 0.00191424904236577
"wrd 210" 0.00946700055803885 0.00642028781386144 0.0100762054604958 0.0133572189910612 0.0193020590390588
"wrd 211" 9.8167347764142e-09 1.69925588849003e-08 0.000237043855274682 0.000100610375839003 8.27545343965113e-08
"wrd 212" 7.38685038209667e-05 0.00125910292082296 0.000581230702753979 0.000744744355241729 0.00155987863122091
"wrd 213" 0.000778768786493314 0.000898313535319789 3.32812504277259e-07 0.000477891844162421 0.00180415866222053
"wrd 214" 0.00168315690166859 0.0017852370701786 0.00802894530406254 0.0049241219149681 0.000130550247496288
"wrd 215" 4.03456490435176e-05 1.1145545275432e-08 6.66464375060224e-09 6.1319657129295e-09 1.2711361063903e-08
"wrd 216" 2.1447922523699e-08 2.28643092112458e-07 0.00241947577910802 0.00273908771575774 0.00331867710718014
"wrd 217" 0.00021908242666692 0.00106326427469426 1.62254510543344e-05 0.0023785307865646 0.00261678623381726
"wrd 218" 0.000808831596953192 0.00119177794626848 4.54096449111318e-08 0.000690470594357135 0.0010295273919179
"wrd 219" 0.00036210465655635 0.000134901629551466 0.000171095221446591 0.000966702602991917 0.0011012290144486
"wrd 220" 4.74104048600331e-08 0.000135471923925603 0.000812920189693877 0.0015193738311511 0.00137273553728805
"wrd 221" 0.000397008844815572 0.000258907629842712 0.00253565443547132 0.00192862858501086 0.00166512969090045
"wrd 222" 0.00112460621772839 0.000300167454270321 0.00208711197668761 0.00727537748076735 0.00393185419720798
"wrd 223" 9.61877800189561e-07 0.00190757322601868 0.00956786282043386 0.0100790561393623 0.00732843686451054
"wrd 224" 0.000315054322772098 2.29506734254741e-08 7.70292393496276e-08 0.000118078098303396 0.00414058005018194
"wrd 225" 0.00188496994824181 2.30871605367552e-07 0.00145048576171566 0.000837892817375599 1.30805562774601e-07
"wrd 226" 0.000910688235288533 4.28106490006946e-08 0.00104733410013188 0.000300981664501026 0.00159196794939679
"wrd 227" 1.12381877947578e-07 2.48271078872385e-05 0.000294987966094731 0.000860580217189607 0.00100726944623348
"wrd 228" 0.00309666407670812 0.0079548816855317 0.00151829499916314 0.00233428689423754 0.00353564364757389
"wrd 229" 4.79863015870931e-09 1.18647688384264e-08 2.6887557375165e-08 4.28440190019786e-05 1.47902438810297e-07
"wrd 230" 0.00644612005268055 0.0259055554116088 8.8444946887328e-06 0.00106457396760654 0.00429548683081928
"wrd 231" 0.000455145916060579 0.000276235305428319 0.00025794800010849 0.000373770595472533 5.0129003812072e-08
"wrd 232" 0.00150159286040391 0.00263031937865032 0.00150920039333749 0.00458943549136684 0.00759693849247933
"wrd 233" 1.28014436904361e-05 0.000462301668918333 0.000332505918862834 0.00307337291777931 0.00248788959430838
"wrd 234" 0.000340459657907563 0.00205564442313988 8.30283278893299e-08 0.000645776253825883 0.000658846694181226
"wrd 235" 0.00214578123421021 0.00431103584843987 0.00264465321412207 0.00221521815992339 0.00491030701420128
"wrd 236" 0.00182231573858315 0.000131100117143961 0.000601804710330241 0.000321627900948101 2.48520366411014e-08
"wrd 237" 0.00134154582171266 8.89954644977016e-05 0.00131357064072423 0.00121692880206251 6.73058752724745e-05
"wrd 238" 3.8463520449702e-08 0.000513268093407752 0.000277324089680768 0.000201140948692102 1.02521099668952e-05
"wrd 239" 0.000429079918645677 0.0012113174534055 0.00228555058668823 0.000781594645617966 2.36195587714019e-07
"wrd 240" 0.000710912894140889 0.00142297427889546 0.00204396550442661 0.000549862469766704 0.000225466442641287
"wrd 241" 0.000618003443274131 9.6539715003554e-05 1.41560935381478e-07 0.000453339451505674 1.61283560131393e-07
"wrd 242" 0.000181559827721335 1.6572584451165e-08 7.16872629982958e-09 5.6011504968738e-09 1.50595795964779e-08
"wrd 243" 0.000289252949494453 0.000904253931766709 0.00209146693352532 0.00071091487912125 0.00229583927889116
"wrd 244" 0.000190243433237055 0.000279463574658086 2.65132415792979e-08 0.000556941006349575 0.00202751953580575
"wrd 245" 0.000433025013644346 8.49080526535135e-08 0.000185934537839109 0.000582180091009351 0.000527167279561509
"wrd 246" 3.70846102052033e-09 7.00970147845885e-09 5.82125888324779e-09 5.26530891394216e-09 7.2656123819143e-09
"wrd 247" 2.65203969586325e-08 0.000434552028622121 2.44562487717407e-08 0.000275750019821511 0.000651213959314023
"wrd 248" 0.000603348787935556 2.81761454693852e-05 0.00013392896447277 0.00195930933545431 0.00162928921762305
"wrd 249" 1.72248590015436e-05 0.000599251122694592 0.001688458477944 0.000725557499478132 0.00337081854868616
"wrd 250" 0.000842140333621064 0.000157630687292945 1.62346520382965e-08 0.000152412950926557 0.00123720209040268
"wrd 251" 0.0056895175269808 0.00525937260847942 0.00115532018455827 0.000563342603300617 0.00695268072371171
"wrd 252" 0.000620681031341104 6.07999703750856e-07 0.00294219250126463 0.00512128262993656 0.00658149065522892
"wrd 253" 0.00415217727734938 0.00400853952205337 0.0257310496674389 0.0352459032390207 0.0197235733158792
"wrd 254" 0.00199027530965737 0.000290516084607153 0.000901676689965193 0.00462488119225528 0.00252126167004112
"wrd 255" 0.00151250594967841 0.0013394182694986 0.00113331164283547 0.00300533165607974 0.00405891191255556
"wrd 256" 0.00277519571687615 0.00130548652517513 0.000465262278902608 0.00110012307005156 0.00196055826947467
"wrd 257" 0.000341648350774814 0.00219030090806999 0.000852897076798733 0.00101482038391783 0.000129036590209994
"wrd 258" 2.22971701300733e-08 3.56209844123964e-05 0.00018262418208808 0.000209050773127912 1.42281273660234e-08
"wrd 259" 0.000719576931640056 0.000929602655374677 9.17891767145252e-05 0.00108322502763722 0.0025982940077929
"wrd 260" 0.000148198490746736 0.00105479470233605 4.84951504083777e-08 0.000295179140973363 0.000343350128887801
"wrd 261" 0.00041541483400533 0.00117036082697677 0.000102837156094934 0.000279628031691668 0.00139158607607371
"wrd 262" 0.000255515936661037 0.000540126451361906 0.00234106516810165 0.000565383208120479 2.41635349821675e-07
"wrd 263" 1.09186737648714e-07 0.00198412182513286 0.00200747495494265 0.00347358004945806 0.0041422629986937
"wrd 264" 0.00104742342792624 0.00582815040024022 0.0047135589861744 0.00878002887252546 0.00499470286117809
"wrd 265" 5.7954235128345e-08 0.00298858069302443 0.00450923698576637 0.00409746289907019 0.000758129020335002
"wrd 266" 2.93901675016461e-06 0.000408727664960155 0.000813002260641266 0.00152239578862913 0.00105980360964823
"wrd 267" 0.00584219332292491 0.000109253358572323 0.000827971621418239 0.00219314450390173 0.00266132610099572
"wrd 268" 0.00989918998616521 0.00776137631692455 0.00010147498606308 0.00596791289594836 0.015522159151105
"wrd 269" 0.000859204607788513 0.00199503103492067 0.00302618505039027 0.0124893351202225 9.07916002273968e-08
"wrd 270" 0.000196101302771429 0.00257329040423591 0.00248225153755098 0.00236479378575145 0.000764943319940393
"wrd 271" 0.00233941805776074 0.000694918388019975 0.000461269588146173 0.0013676651831818 4.88546705897781e-08
"wrd 272" 0.00201736062852516 0.00169038753572552 0.00654068656799192 0.00436621617063298 0.00133191908304521
"wrd 273" 0.000206554681867177 0.000965716825235156 0.00554274826292358 0.00339981937056728 0.000482727962462329
"wrd 274" 0.00037687349350924 7.11348452465761e-06 0.0031810715042073 0.000511930188872485 0.000644606780531788
"wrd 275" 0.00292269901530307 0.000942069594165947 0.000926830960018549 0.00112063175536659 0.00266913573193641
"wrd 276" 3.70846102052033e-09 7.00970147845885e-09 5.82125888324779e-09 5.26530891394216e-09 7.2656123819143e-09
"wrd 277" 0.00256451499707776 0.00473474957361105 0.00239918545175372 0.003292833151676 0.00640284127670017
"wrd 278" 0.000608538678200685 0.000991507656705457 0.00309959296774605 0.000830652710650156 0.00177689225698593
"wrd 279" 5.86930507400539e-08 0.000122800507553793 0.000700888489755884 0.000135188457162724 0.000767783977682432
"wrd 280" 0.000254589326253824 0.000342303638098296 0.00188006677962881 0.00159787573244634 0.00216401315940238
"wrd 281" 0.00053248394352857 1.42720020962575e-07 0.00139174844794389 0.000276476999995285 6.47810103067375e-08
"wrd 282" 4.19838508906095e-05 0.000239888326277616 0.000789724610817875 0.00276440516866062 0.00684491157119714
"wrd 283" 8.17702754052302e-07 3.20261276791985e-08 0.000216939754343398 0.0001539315786981 9.28597515563662e-06
"wrd 284" 0.00135375637738583 0.000826682682923722 0.00130740227131992 0.000542250141888724 6.66135288581751e-08
"wrd 285" 0.00173319398909901 0.00585490582445465 0.000820037861146782 0.00101649257118967 0.00453215263578565
"wrd 286" 1.42855986755051e-08 3.81174615142205e-05 6.51924177923924e-09 5.86307027923637e-09 7.98612566070323e-09
"wrd 287" 0.00802190707722368 0.0118744253270038 0.00151715735310467 0.00296169527409722 0.005223641568928
"wrd 288" 0.00730332309238743 0.00702193540408869 0.00788702644772161 0.00478626631525862 0.00522460649039197
"wrd 289" 0.00129063316626111 0.000659749296755218 0.000650522778551364 4.31157700272561e-05 0.000125574958403137
"wrd 290" 2.08232007000813e-05 0.00420773489242259 0.0228510208807929 0.030050404838282 0.00543111304363626
"wrd 291" 0.000711102768551084 9.67007262897751e-08 1.80852162445694e-07 0.00169146790347487 0.000738775313331449
"wrd 292" 6.98711337701217e-05 1.47719868087614e-07 0.000220603294173916 2.1981781514759e-05 0.000288531561315124
"wrd 293" 1.12925817806489e-05 0.000607389092820024 0.00286187951945379 7.11434570913773e-05 0.00111289465123898
"wrd 294" 0.00327407894440659 0.00232868364343969 4.56890768698732e-08 0.00117486891141225 0.00241586902944233
"wrd 295" 0.00274601425507832 0.00511710262226342 0.0045994637181006 0.0013048602009853 0.00386931805255697
"wrd 296" 0.00011133084663963 3.62702882493677e-06 1.26330271030396e-05 0.000638084365349455 0.000126931319462571
"wrd 297" 0.000812135497533062 9.54676604478655e-08 0.000315664850084336 0.00142355071254266 0.000734159133643488
"wrd 298" 2.97414836789751e-05 1.61620526357446e-08 0.000396485123781753 0.000487093145575119 2.21332078321742e-08
"wrd 299" 0.00364356281479128 0.00237677252390974 0.00175422615526728 0.000311449844442851 0.00179036668388884
"wrd 300" 0.000397665829574445 0.00377507305858957 0.000137586040927634 0.000445528416566413 1.54923452886267e-05
"wrd 301" 5.22331246908965e-05 0.000254122373072316 0.00116963962818663 0.00115859955234445 0.000152706198811417
"wrd 302" 3.67838408903619e-08 0.000534958551044499 0.00126211106552848 3.27298377411913e-08 0.00136812432751189
"wrd 303" 0.00115841617511018 0.00103654435714593 0.00468364632614199 0.00593346135279506 0.00718749065922933
"wrd 304" 0.00809094986979402 0.0205279622824195 0.00561787854340447 0.00426482596942279 0.0107436262843188
"wrd 305" 0.000102150084650651 0.000724343160610412 0.00127569434530899 0.000760238583857373 0.00267254718200394
"wrd 306" 0.00473353246002199 0.000612566844340373 0.00223573348390419 0.00163084017941091 0.00115672692369782
"wrd 307" 0.000529016492670317 0.000513999313215642 0.000576648696560142 5.14200676589898e-05 0.000703325841120007
"wrd 308" 0.000102245012607812 2.2395789133169e-08 2.6785279191904e-08 6.21227997982427e-05 4.98998937566529e-05
"wrd 309" 0.00621303239475958 0.031503419908779 0.00225574056860661 0.00333261894184429 0.000841786428728279
"wrd 310" 0.000785589425588242 0.00168873527506724 0.000191558483220861 0.000253979232300237 0.000251324041241781
"wrd 311" 0.00157513638291888 0.00588182229854276 0.00674858891249181 0.0077786708955575 0.00282604752965368
"wrd 312" 0.000655676102700131 0.000581933506433009 0.000417253116921435 0.00116002815159662 0.00112899242764598
"wrd 313" 1.69800310101295e-05 0.000157397671758185 0.000249002190455164 0.000508448528673859 0.000648903664901658
"wrd 314" 6.68527513268213e-05 2.38143110533239e-08 0.000257340247090543 0.00016118067434854 0.000135690561994328
"wrd 315" 0.000382097543356801 9.04335500150463e-08 1.6749628777956e-08 1.51400806671492e-08 0.000397518756498724
"wrd 316" 4.64576196989133e-06 0.00733194127957505 0.00482223546440446 0.00139541495259263 1.27630019737429e-07
"wrd 317" 0.0015369752148678 0.00101340281705778 0.00431093535540062 0.00410950498915883 5.41470904957154e-06
"wrd 318" 0.011068782821627 0.0133469878558363 0.0341993512222199 0.022444825211342 0.00269868650647867
"wrd 319" 2.83995388290004e-08 0.000590488407215028 0.000145229380287909 4.08619910303541e-05 7.18701818529136e-08
"wrd 320" 0.00222172122762765 0.00517174909510389 0.00616978772559127 0.00527400382060028 1.15373474552753e-05
"wrd 321" 0.000376450795169699 0.0011538985297655 0.000200025558848536 0.000236689135904634 3.91337764720613e-08
"wrd 322" 0.000255836848287847 0.00123311664811388 0.000132258572811084 2.30392412912415e-05 4.61699458770875e-08
"wrd 323" 0.000720908187576617 5.1302740260821e-06 0.00347678292606682 0.0139842804241414 0.0025936317335333
"wrd 324" 0.00320346968174218 3.44998375740887e-07 2.56221219108576e-08 0.00126985455851407 0.00195118261908851
"wrd 325" 0.00264959496952355 0.00193263388668543 0.000448283345836141 0.000862540971338071 0.00597669151353945
"wrd 326" 0.00881932687902541 0.0238444065021951 0.00139740238087216 0.00419562648774989 0.0148389750965115
"wrd 327" 0.000845062646257397 0.000327554407891477 9.4223781422216e-05 0.000112534061346381 0.00043944727792252
"wrd 328" 6.62738343613463e-05 0.000103639842204904 0.000157601817195108 5.61302843139104e-07 6.33639443213288e-08
"wrd 329" 0.000942747203145232 0.00145467437829837 2.34260303198548e-05 0.000982266130848179 0.00316554181577982
"wrd 330" 0.000848156172795446 0.00197464450147467 7.03719902600427e-07 0.000980456972092404 0.000787471337596295
"wrd 331" 0.000115063859638843 1.49050883809881e-08 4.69830547115903e-06 8.63786999330505e-09 0.000361585918917456
"wrd 332" 0.00966841833031621 0.00320142678349047 0.00587603314737826 0.00603759827175683 0.00707323889346287
"wrd 333" 0.00471849767900848 0.00496496572768771 0.00354161567839696 0.0071624937975775 5.41085110762086e-07
"wrd 334" 0.00190924946716201 0.00444882698726017 3.48436556830547e-08 0.00566464894943391 0.00489827411294296
"wrd 335" 0.0015788757051906 1.15085468746363e-06 0.000508757924443725 0.000447916773928588 1.83658156179467e-07
"wrd 336" 0.000222697029121333 0.00090269613530207 5.23273101216059e-05 0.0051046151355962 0.00242777651225561
"wrd 337" 0.0021052790194515 0.00287580232376853 0.000546237303032142 7.05513839211102e-07 0.00138162623917946
"wrd 338" 0.000669868254479536 3.42897794096895e-08 0.000618783101043583 0.00278646572879752 1.87334120618838e-05
"wrd 339" 0.000314652519080941 0.00075207179030833 0.00116577810641472 0.00269889329008026 0.00358271151444649
"wrd 340" 0.000661149858421778 2.6291785178501e-07 2.24060007976532e-08 9.35082485626404e-09 0.000166821393914397
"wrd 341" 0.00379654009573463 0.00511354259498967 0.00240920394414206 0.00185047493051092 0.00300512592048992
"wrd 342" 0.00207596831972775 0.0012246903234111 0.00226768299243518 0.000582494213146312 0.00583136810186067
"wrd 343" 0.000586147212304025 4.21797909250826e-05 0.0011697670442554 0.00723487434246774 0.00204802310715008
"wrd 344" 0.000439305502477933 0.000169832108164284 3.59099530174081e-08 0.00394460872497509 2.18605346759288e-06
"wrd 345" 0.000427387297201278 0.00117959899259657 4.80186397501646e-06 0.00300535345092006 0.00149430963517754
"wrd 346" 0.000965970091148346 0.00128380580176847 1.6453272937845e-06 0.000615380369824245 0.00143934328535699
"wrd 347" 3.70846102052033e-09 7.00970147845885e-09 5.82125888324779e-09 5.26530891394216e-09 7.2656123819143e-09
"wrd 348" 0.000246485294079627 1.54457765435092e-05 0.000502525855615556 0.000674584403063864 0.000749311374603031
"wrd 349" 0.000960046941705184 0.000993651193532433 6.30036222345605e-05 0.0107950514793741 0.000335426066859318
"wrd 350" 0.00162149651859131 0.000437576738775632 0.00447505529531151 0.0212437107090548 0.00783275490048007
"wrd 351" 0.000612157043011608 5.45738531314709e-05 0.000896183157902478 0.00380980750348786 0.00122201340104721
"wrd 352" 1.27677739810399e-08 0.000106337056425668 5.13207155080848e-05 0.000196124778169597 0.000246791081107719
"wrd 353" 0.00111883106067823 0.00297751692792225 0.00141999251518596 0.00507123089460683 0.00640583490431342
"wrd 354" 0.00180746893799908 0.0024277851798152 0.00724015393423243 0.0058455613257838 0.00936858130761933
"wrd 355" 0.00676064834782534 0.00708414708189858 0.00953144760954616 0.030025602469163 0.0136110039326207
"wrd 356" 0.000813585224002243 2.69505300536938e-07 0.00127706484202069 8.06118486462995e-06 2.25119545715121e-06
"wrd 357" 0.000119564811284353 0.000581371404261234 0.000408629111634718 0.000624672999929465 0.00146700281376743
"wrd 358" 0.00137543537046641 0.00330416405302021 0.0011363975333906 0.000789319092149784 0.000582260765602188
"wrd 359" 0.000809377886400922 0.00109462381961557 0.0011082372133093 0.00126645712518243 0.00189580726536987
"wrd 360" 0.000517157127207582 0.00025707884458281 0.000316666152008205 1.23402852736442e-08 4.44394661052676e-05
"wrd 361" 2.26732230974571e-08 0.000463896049735878 0.000523031710590544 0.00136960327015925 9.35198375150823e-08
"wrd 362" 0.000201124836947596 2.36708143727807e-08 0.000408780895971369 0.000948502433905704 3.17229279762019e-07
"wrd 363" 9.86335658039651e-05 0.000419253156852407 0.00204529336265036 0.000830800670616554 1.02492922023045e-06
"wrd 364" 0.000844339407963308 0.000579072547835288 2.06459804333171e-05 0.00630200660674034 0.00368742110744131
"wrd 365" 0.00566587172048283 0.010353487831254 0.00634717398602314 0.00524307382108923 0.00593512256936652
"wrd 366" 0.00143222982684205 0.00666368124247716 0.00162354794230687 0.00306329272980289 1.70321436260466e-06
"wrd 367" 0.000292454713499582 0.000982980461155817 0.000900508620591502 0.000309010940988433 7.91462822118172e-08
"wrd 368" 0.000244210426890265 3.38556942496127e-05 0.000115723033020701 9.5529772814804e-09 5.34875446000557e-05
"wrd 369" 0.000296359909127337 2.10873620377656e-07 1.43312434111709e-06 0.00173691298979735 0.000874311483017467
"wrd 370" 3.40478575265403e-06 1.0397121721758e-08 6.53116533774918e-05 3.63418317059365e-05 2.73911175941223e-08
"wrd 371" 0.000112894306954181 1.17709865212564e-07 0.000973170076089796 0.000166321758724775 0.000567752607878174
"wrd 372" 0.00100194886154777 0.00207029646203862 0.00098233852680226 0.00027260478370822 2.51399172037138e-07
"wrd 373" 0.00160923881635673 0.00115619469480012 0.00147822021639092 0.000393422262252947 0.00148212196571262
"wrd 374" 0.0010263290502821 0.00199270877357309 1.05808032568263e-07 0.00192607632376339 0.00239612464373251
"wrd 375" 0.000945945303748497 0.00034976493526763 0.00020421309909687 0.0010163355465743 0.000889635759993565
"wrd 376" 0.000359764937036743 0.000486563994861421 0.00221820727234222 0.00442382197944003 0.000648851804402483
"wrd 377" 0.000701236898441304 0.00186454775339875 0.00379719156347077 0.0010570292973106 1.36423701029574e-06
"wrd 378" 2.09440369605988e-05 0.000479827731214343 1.46039714447059e-05 1.80926622630656e-08 0.000510578179535477
"wrd 379" 0.000159716614658007 0.000156561624080102 2.83436903809816e-07 0.000743097444111722 2.07964881094568e-05
"wrd 380" 0.000994634641925243 0.00300548458984618 0.00171770645236653 0.013838394977823 4.48957151502708e-07
"wrd 381" 0.00119994346054875 0.0009023109619642 0.000242560590179739 0.000185584819037964 0.000483002958923705
"wrd 382" 0.00224673142214721 0.00416738862303473 0.000135040017227073 0.00139712954957939 0.000150431039240315
"wrd 383" 0.00141596521055983 2.77958012180435e-05 0.0014554343527324 0.000516406903021172 0.00298792293152126
"wrd 384" 0.00921644059710452 0.00300960238285291 0.0145153616531757 0.00605328852957571 1.20696244839526e-06
"wrd 385" 5.57330640655779e-05 0.00207454360261403 0.000216396714929088 2.88675363306649e-08 3.02678265852367e-08
"wrd 386" 0.000332196922982323 8.37305870751803e-05 0.000684626656875271 0.00335752837775974 3.01278994392244e-08
"wrd 387" 0.000662037934309461 1.49716430698467e-06 1.45317617643153e-05 0.00399611050083278 0.00413720923921677
"wrd 388" 0.000147277491070213 0.003033892699508 0.00168870878035584 8.72549233512402e-05 0.00115677726185718
"wrd 389" 0.00207912293861389 0.00529014358207659 4.58292425817811e-08 0.00011231775787181 0.00171100489151814
"wrd 390" 0.000803707118878198 0.00207037327513308 0.00953716979551503 0.0111514961086831 0.00469875082516164
"wrd 391" 6.67366923679752e-05 0.00249908230231775 0.00212724170030313 0.000761796657439879 0.00046981570831866
"wrd 392" 0.00114314712906569 0.00163748046240974 0.00368975782849356 0.00339257617061407 0.00294214541440133
"wrd 393" 0.00113359494052839 0.000121436370294295 0.00293213878923939 0.00379245496815344 4.47265330233696e-05
"wrd 394" 0.00089085192053173 5.46019827107254e-08 5.84145825242125e-08 0.0048627450746913 2.77254521149303e-06
"wrd 395" 4.27099712951631e-07 0.000419727640792134 0.00304407873199632 0.00484133326764523 0.00426178819965381
"wrd 396" 0.000431234120389511 6.74185554757025e-05 7.86038684632479e-08 0.00129390094527351 0.00123245862745335
"wrd 397" 0.000202929171291045 0.000189760143262027 0.000506914738740919 0.000239657003712854 0.00037909925498706
"wrd 398" 0.000426486302480639 0.000798524286060412 0.00149302721719069 0.00118478706172618 0.00139956337941175
"wrd 399" 7.99684144284353e-05 0.000229728093791143 7.1547106513559e-08 1.75525663166799e-08 3.83069349478905e-07
"wrd 400" 3.21737708603676e-08 0.00100953499054632 0.00069365805322064 0.00228929527191669 0.00449384502152849
"wrd 401" 0.000999660962737787 0.00239870786916905 0.000691328898601376 0.000948480650830139 0.00069566382978005
"wrd 402" 2.99317907486692e-05 0.00125196514110501 0.000226467753347894 0.00787633204761444 0.00336175420716443
"wrd 403" 3.50921509720173e-08 0.000488298578455873 0.000367582428462353 0.000675579747012322 1.88453990566315e-08
"wrd 404" 0.000112613868928486 0.000514674812281081 0.000153321786227016 3.74626912372726e-05 0.000267678170569717
"wrd 405" 3.89245864845142e-07 0.000442648379735127 0.000487019757748827 2.09966343665087e-06 1.66457109800822e-05
"wrd 406" 0.00214368971164322 2.89338971065515e-07 0.00139956038465891 0.00702011466971794 0.00644060807193409
"wrd 407" 0.00120284842704793 5.65791715229169e-07 0.000769242594492315 0.000302763389596054 4.79852616235005e-08
"wrd 408" 0.00447133573715485 0.00168704311435512 0.00192652526737875 0.00131364699513421 0.00248704082361145
"wrd 409" 4.47717397032953e-05 0.000890808085007698 0.000301586194932892 5.15323607426928e-05 0.000161987481027871
"wrd 410" 0.00894239440454632 2.00829575073753e-05 0.00171250486240513 0.00170212140362956 0.00149045805507969
"wrd 411" 0.000729614361952326 0.000471611839409128 0.00073286718708414 0.000637007516939611 0.00148556350648045
"wrd 412" 0.00260840299089699 0.00290568047188669 0.00335524011377245 1.38348883651061e-07 0.0045671174007093
"wrd 413" 0.00313961771274352 0.000753455545375981 0.00235779791756569 0.00265042580984902 0.00126988841642143
"wrd 414" 0.000100961042085123 1.41891585289997e-08 0.000237326629998341 1.43786482711112e-08 4.92592579953216e-08
"wrd 415" 0.00182112767242328 0.0024271386600298 0.00189736640855115 0.00109335736331853 0.00199576624265355
"wrd 416" 0.00079163440994461 0.000237898979102016 0.000846598233884055 0.000205492003657312 2.42648447726681e-05
"wrd 417" 0.00126295004047245 0.00052831370881657 0.00149376961039474 0.000587074507534074 0.000923985868982884
"wrd 418" 0.000478873512455453 1.44537922332557e-07 0.000391033589224407 6.62588487022935e-08 9.52408445417187e-05
"wrd 419" 5.74995202458522e-08 4.3063706480564e-05 0.000706316352703542 6.39574399045642e-07 0.000298112643735114
"wrd 420" 0.000442774324638604 0.000665601641578159 0.000752324367500866 0.0012409603622844 6.64061407362862e-07
"wrd 421" 0.00813868247209744 0.00743288635459863 0.00461273766467821 0.00692208104282409 0.000329241556269182
"wrd 422" 9.2643530649775e-08 0.00298813917045609 0.00295460819027652 0.0102713231765561 0.00346791166719805
"wrd 423" 0.00049014795343664 0.000495491966384358 0.0004311493162781 0.00464300679213045 0.00217381821140693
"wrd 424" 0.00120243658172911 1.53962122556765e-07 0.000573917051357551 0.00122556737236242 0.000671263496977911
"wrd 425" 0.0003542677503502 0.000318855097877762 0.000230540582853686 2.32750536549461e-08 0.000308207923465606
"wrd 426" 0.00076265656513069 0.000895184228633604 0.00491115727599537 0.00509780288692025 6.39073902885529e-06
"wrd 427" 0.00780282567778184 0.0171227188579279 0.000290101299471312 0.00402217920224773 0.00672367587537215
"wrd 428" 0.00113344142925297 0.000403581777143601 4.01001181102656e-05 0.00077242733964788 2.79598810130824e-08
"wrd 429" 0.0114682427725824 2.75361505064094e-06 0.00752054522534742 0.00793470082669053 0.00948446559940293
"wrd 430" 0.000577950817466702 0.000797927844821158 0.000987651713725364 0.000259213825291685 0.00342641278006492
"wrd 431" 0.00098135228647458 0.000564920584134667 0.000485630696378572 0.00011272648041832 0.000326920610807797
"wrd 432" 0.000364112760367151 1.49086154803847e-07 0.000717668310735468 0.000794294957164416 0.0012472220929992
"wrd 433" 0.00446151849679361 0.00523487816601081 0.00599851916242785 0.00168837263596426 0.00344669996663625
"wrd 434" 0.00331279448514329 2.68844257559565e-07 0.00199085988625865 0.000765913449415524 6.95530982668457e-06
"wrd 435" 0.000264040893815508 0.00113935044301793 0.000977251111460513 0.000448936441372824 0.000276725404176813
"wrd 436" 0.00055271452237912 0.0033798895440051 0.00184747547469947 0.00142150171718653 6.11860059250852e-08
"wrd 437" 0.00133451320421891 0.000234038321133308 7.44184625668095e-05 0.000697433285492566 5.7243561053647e-07
"wrd 438" 0.000255902730946683 0.00125568820936215 0.00279978950020998 0.00662025887652608 0.00432194487747451
"wrd 439" 0.000286577300676179 2.50755302316727e-08 0.000438451776417289 0.000343900069534156 0.000274432546052187
"wrd 440" 0.00359827266138986 0.000192244669049339 0.00295886289881894 0.00121547232715942 6.8304289572445e-05
"wrd 441" 0.00166572310152254 2.59966164596066e-05 0.00226335473960812 0.000938589437322811 4.39130845269456e-07
"wrd 442" 0.000199270487686471 5.38004776622446e-08 0.00112979561143753 0.00199039161105247 0.00484007795936973
"wrd 443" 0.00220736892366913 0.00547634577248037 0.00271763641345253 0.00330476988647655 3.07405943553986e-05
"wrd 444" 0.00124258608143615 2.99900657950142e-08 0.000805087833592469 0.000413821020760913 1.4361578923228e-06
"wrd 445" 0.00788448987458194 0.0104666911262749 0.00359652815258762 0.00407170633657654 0.0106114035284301
"wrd 446" 8.88358305479554e-05 0.000333775025802854 2.77672167120258e-05 0.00011360974830169 5.04210421075462e-08
"wrd 447" 0.00301843451838714 0.00355619851850142 0.00115880135572795 0.00359009481442322 0.00356483533633214
"wrd 448" 0.000236203158081549 0.000835323258509865 6.8498783703132e-06 0.000267753759355459 0.000724207832837233
"wrd 449" 0.000981441087702262 6.04752497656989e-08 1.0881754376113e-05 0.000512901420340761 0.000814231335838691
"wrd 450" 0.000599189881184872 0.000411955417903622 0.00223632491305865 0.00150141263349609 0.00140157233248693
"wrd 451" 0.00120056304492502 0.00304844655215621 0.0010429365426722 0.000394159540783786 0.000843969794209025
"wrd 452" 0.000912810023889468 0.000752508129810006 0.000155664132840941 0.000120694047634204 0.000410702888596947
"wrd 453" 1.79091261797722e-08 0.000236196941608533 7.2039456896275e-09 8.03452308428294e-05 2.80110131228712e-08
"wrd 454" 0.00765890949703443 0.00898945865052487 0.00118726639278381 0.00404225656293004 9.18719107210956e-08
"wrd 455" 0.00338855681804611 0.000255540574516754 0.00141861952611014 0.00121245759455875 0.00115438868807321
"wrd 456" 0.00227642804329153 0.00162783957724404 0.000734651456986334 0.000828259253604632 0.00163465230608501
"wrd 457" 0.002836641829327 0.00897797926877758 0.000163557510270258 0.00135919294023446 0.00546768637007956
"wrd 458" 5.69285948435547e-09 5.72009443564739e-05 6.2916822106427e-09 5.55689569394284e-09 7.80860166684431e-09
"wrd 459" 3.70846102052033e-09 7.00970147845885e-09 5.82125888324779e-09 5.26530891394216e-09 7.2656123819143e-09
"wrd 460" 4.41466920343681e-05 1.22628677941335e-08 8.90137203800239e-05 1.93698323194538e-08 2.98589193373861e-08
"wrd 461" 0.00937500345596367 0.00843196510879126 0.014388417803261 0.00677424427486 0.00432056336458405
"wrd 462" 0.00904697803808304 0.00427377886712343 0.00536365173806133 0.00351491039828541 0.000766443142430266
"wrd 463" 0.00136726369393363 0.00431266597562462 0.000447257640511787 0.00071477733320864 0.000239263362353891
"wrd 464" 0.00154088600933408 3.76319795818963e-08 0.00226988820265956 0.0107508049260545 0.000636648165879008
"wrd 465" 0.00101706162901952 0.000396071387321402 0.000267403887279767 0.000757466580933158 0.000565640355320378
"wrd 466" 0.00331293686308685 0.000967025868451364 0.00137693656563959 0.00346210862097416 0.00322416189526663
"wrd 467" 0.001035619387263 0.00110548411909214 0.000149880433074579 0.000668826719177471 0.00217755118327509
"wrd 468" 0.00362723637471587 0.00324847831066633 0.00243364444615566 0.000777592047788943 0.0029453179189395
"wrd 469" 0.00137235519247625 0.00357084716653865 0.000672998620809528 8.23727285342092e-05 0.000936933409232607
"wrd 470" 0.000838123978394371 0.00044738995460096 0.000570355333493043 0.00120907361549253 6.74449434848681e-08
"wrd 471" 7.45746873512417e-09 0.000133451353750988 7.58191057740532e-09 8.02211505004195e-09 1.50347852855174e-08
"wrd 472" 0.00509541672560584 1.10901640042507e-07 0.00184834057936305 0.000867811131120299 0.00139368367506394
"wrd 473" 0.000927471176214307 0.00420353056312195 0.00105664025542973 0.000857166482899782 4.806925013573e-08
"wrd 474" 3.70846102052033e-09 7.00970147845885e-09 5.82125888324779e-09 5.26530891394216e-09 7.2656123819143e-09
"wrd 475" 0.00564591185324406 0.00404873432606549 0.00708772281932458 0.00428616084662144 4.20815297006346e-07
"wrd 476" 0.000349203633605101 0.000598722871251991 0.000352627216971531 1.50367917867791e-05 0.0013371336503757
"wrd 477" 0.000500684329574474 2.72014580395341e-08 2.73933554575635e-05 1.83119003638078e-08 0.000249650416953949
"wrd 478" 0.00439203375441092 0.00780463324357065 8.14800904906051e-05 0.00217142487213767 0.00732165530850709
"wrd 479" 0.00128357772660544 4.85038276974108e-08 0.000478046146125145 0.000177099704964954 0.000794282058153686
"wrd 480" 0.0021543630545399 0.00111006091869274 0.00174081474401924 0.000308816029849238 0.00169359287893169
"wrd 481" 0.00576150062849487 0.0103160303609409 0.00196310281728019 0.0022854321368238 0.00367982750465915
"wrd 482" 0.00626235431540452 2.12861421386062e-05 0.00340218180334397 0.00442789604705097 1.76247423732885e-07
"wrd 483" 3.70846102052033e-09 7.00970147845885e-09 5.82125888324779e-09 5.26530891394216e-09 7.2656123819143e-09
"wrd 484" 0.00417226535408425 0.00203602562199713 0.000217224791722311 0.00196785866136136 0.00572053667115555
"wrd 485" 0.00359207739621112 0.00221737987615092 0.00236588869123655 0.00117773117886201 0.000196450833955049
"wrd 486" 0.00366448631641152 0.00392587341438998 0.000746570178838235 0.00164142712289728 0.00318268273678894
"wrd 487" 0.000382541962927821 0.000321388398534493 5.72012623246489e-08 0.000507413366424714 0.000430582736450884
"wrd 488" 0.000875384514660891 0.0039587766781421 0.00120174193464992 0.000485523599312088 0.00193254794432635
"wrd 489" 0.00201968305710208 0.00233573284389292 0.000478034533298192 0.000244427221106762 2.5323533928048e-07
"wrd 490" 0.000871880026862645 0.000217684462418645 0.000132417813876409 0.000474258261831936 0.0010804336172356
"wrd 491" 0.00906494214672376 0.00278973236812833 0.00753330124057747 0.00352798624771335 0.000235140500780583
"wrd 492" 0.00321333923407109 0.00311971366687231 0.00114232369346519 0.00167929967459116 0.0019251702629478
"wrd 493" 2.06717379624573e-06 0.00100616167253016 5.49859171541598e-05 7.7101301664881e-05 0.00079384196562006
"wrd 494" 0.000391240440308532 0.00075601579053156 0.000287418536837253 0.00147051950395272 0.000350451728312167
"wrd 495" 0.00588268843472477 0.00772939182286044 0.00639284888019654 0.00310041986624929 0.00484541392369202
"wrd 496" 7.55915016343153e-06 0.00119324026223686 0.00111933549862274 0.00100665904757274 0.00179219768925791
"wrd 497" 0.00363124625944556 0.00336603393556805 0.00187960274593598 0.0021879133282969 0.00219341647312878
"wrd 498" 0.0088103452648906 7.04765308254572e-08 0.00277008214884028 0.00324249339774409 0.0043914454010761
"wrd 499" 0.000703559492193236 0.00668426852814687 0.00463593358832029 0.000560734099345264 0.00173385007822985
"wrd 500" 0.00283034181836595 0.000207048708788844 0.000603270832466562 0.000994586445754747 6.53529503881467e-08
"wrd 501" 0.00760244669771003 0.00579519973266656 0.00275829937470738 0.00253434102794507 0.00581421575503964
"wrd 502" 0.00171787690344888 0.001374099569903 0.000480168285381768 0.000646216445775217 0.000635949770657088
"wrd 503" 0.00542097792392836 0.00539021839646172 0.00333726415782178 0.00266506141341768 3.57693949864582e-07
"wrd 504" 0.000751796949833838 0.000392535786400967 0.000231557071018434 0.000274387698030737 0.000950567980976176
"wrd 505" 0.00184896864286043 0.000706271133517827 5.66982841282393e-08 0.000490295411366042 0.00107545474475517
"wrd 506" 0.000563727482774454 0.00388702632815677 0.0014617901518241 0.000385156757898956 6.58402809112655e-07
"wrd 507" 0.00441616404403121 0.00977192679874545 0.00196580478494379 0.00196481797801596 0.00759529547116697
"wrd 508" 3.70846102052033e-09 7.00970147845885e-09 5.82125888324779e-09 5.26530891394216e-09 7.2656123819143e-09
"wrd 509" 0.00178487662780642 0.00231300598085379 0.000176222954315077 0.000971900761533538 0.000963394058032207
"wrd 510" 0.00156561679943379 7.64543787423408e-08 0.000903236974700073 0.00205715714298782 0.000278693304219826
"wrd 511" 1.4194293894651e-05 1.18961911104035e-08 0.000278553443443847 6.71644310030853e-09 2.48357173507637e-08
"wrd 512" 0.000943000045071257 0.000136548770225578 0.000709938702382609 0.000227357332638457 0.000546266361005492
"wrd 513" 0.0024780207122407 0.0011193956237261 0.00113693684286735 0.00423119206726667 0.0012525884508595
"wrd 514" 0.000463503557431887 0.000923311684943112 0.000594120777421023 0.000650781272449295 0.00194981429855994
"wrd 515" 0.00144988920955925 0.00456205038332249 0.00126991580305604 0.00117307622389766 0.00260626796538173
"wrd 516" 0.000392778152564785 0.00223159796832747 8.14473316787782e-08 0.000635071625733446 0.00179187546529438
"wrd 517" 7.11251183872841e-07 0.00276665982692944 0.00335460462600805 0.00551211211650986 0.0063453626390185
"wrd 518" 0.0011109472674507 0.00146027309519736 0.000212535415300399 0.000752615270167356 0.000697670307839881
"wrd 519" 0.00031911861399786 0.000699050841567192 2.88471237930674e-08 0.000310752235898801 2.58125907422033e-08
"wrd 520" 0.00433968908057887 0.00393779935176271 0.00650821083744842 0.0157436755759729 0.0142669313291668
"wrd 521" 0.00217119279027412 0.0037865809433971 0.0063828935956567 0.00465445662743273 0.00434860035950538
"wrd 522" 0.0350787367230291 0.0168246461344322 0.0216967992703943 0.020861824454548 0.00241137070183199
"wrd 523" 0.00028365866097344 0.00115577594103803 1.48502310008295e-08 0.000275835349949724 2.33901069363307e-08
"wrd 524" 0.1102489595872 0.0659639799446006 0.0329827344995732 0.027491884553842 0.0560433985352456
"wrd 525" 0.000337716911853077 0.000174542495072782 3.16474559199089e-06 0.000316528584585017 0.000238448381458207
"wrd 526" 0.00101252344828978 5.24704102233807e-06 4.20740482743355e-05 0.00125833608585008 0.00100448538148411
"wrd 527" 0.000512056359042848 0.00130798114044802 6.78777294893516e-08 0.000545055769639917 0.00133542936950503
"wrd 528" 0.00499727674130678 0.00395012370367442 0.00622050367641354 0.00333732929357591 0.000128828891341889
"wrd 529" 0.00904396114314358 3.5560888581916e-06 0.00116881979447567 0.00223450688756641 0.00973063922308413
"wrd 530" 0.00232679369684431 0.0024196754459884 0.000396211158857502 0.00129312569592402 0.00334196952611484
"wrd 531" 0.00317463087593699 0.00237044038331147 0.000119426159782895 0.00275449476608626 0.000238696066994465
"wrd 532" 0.00652627723362298 0.000117800482209676 0.00526251405197957 0.00344136546279304 3.46168590300126e-06
"wrd 533" 0.000340444408547111 0.00019967125516302 0.000142702269073203 0.000999934067296617 0.000176802099402898
"wrd 534" 0.000220622191182759 4.0502602998116e-08 2.0869491574764e-08 1.99747130443427e-05 0.000231848711344156
"wrd 535" 0.000219078075376955 0.000655189914358541 0.000179503459012811 0.000652641208751188 2.45299766805685e-07
"wrd 536" 0.000331071120898394 0.00166997428354389 6.59777260441874e-05 0.000220656626582014 2.01354378695075e-05
"wrd 537" 0.000134505516585435 0.00142424956432785 0.000700777005257046 0.000370313011356442 0.00147927404051527
"wrd 538" 6.86559884546205e-05 2.39218077082855e-08 3.40281778255145e-08 6.66116845231801e-09 3.78639954988613e-06
"wrd 539" 0.00510745756257246 0.00593226963267073 0.000969073174032757 0.00276708661614698 0.00415232086955793
"wrd 540" 0.000756168636910799 0.00148730559782593 0.00105860446295526 0.000102609534601985 1.73640278593299e-07
"wrd 541" 0.00281177077844679 0.000971388517793749 0.00194905066297712 0.000424697320411463 0.00113741360351376
"wrd 542" 0.00307391084691875 0.00657384887168127 1.92364463899756e-06 0.000812187934738193 0.00386638929376442
"wrd 543" 0.00122300591315305 0.00333832493662525 9.88445524987496e-08 8.75330936224682e-05 0.000485139545047813
"wrd 544" 0.00160518056318252 2.94831263044835e-08 0.000661199791516353 1.48278206601431e-06 9.27181692439744e-08
