"1" "2" "3" "4" "5"
"NA19098.1.A01" 0.730842409470072 0.190504463252319 0.0770589824953024 0.000101572330321366 0.00149257245198506
"NA19098.1.A02" 0.825084151791117 0.0936941666446115 0.0797586955548403 0.000996511198781964 0.000466474810649475
"NA19098.1.A03" 0.720980397284692 0.150353901088009 0.128173433414512 0.000176672926880172 0.000315595285906825
"NA19098.1.A04" 0.719707117642242 0.168737042078895 0.109700894786186 0.000171575552063164 0.00168336994061347
"NA19098.1.A05" 0.79482411072139 0.132577524810461 0.070255213618935 0.000773519864272035 0.00156963098494234
"NA19098.1.A06" 0.831230108804482 0.0922622784980806 0.0747838428509759 0.000206149595540247 0.00151762025092087
"NA19098.1.A07" 0.799774971408868 0.11267621666623 0.0871732214094311 0.000226642203598424 0.000148948311873098
"NA19098.1.A08" 0.866260887740324 0.0894721195278512 0.043129333787188 0.000125684686962203 0.00101197425767502
"NA19098.1.A09" 0.833674269874179 0.0717858687755325 0.0918319421031139 0.000181765237369851 0.00252615400980432
"NA19098.1.A10" 0.861379129247343 0.0858041912132112 0.0511961402312777 0.000118990749129511 0.00150154855903843
"NA19098.1.A11" 0.780391300705672 0.138778824781004 0.0749485642683013 6.36828740265133e-05 0.00581762737099592
"NA19098.1.A12" 0.862909671369045 0.079982691253272 0.0551455234972724 9.04729999409976e-05 0.00187164088046977
"NA19098.1.B01" 0.886167759393145 0.0700679967370324 0.0432944007888032 0.000108949485056014 0.000360893595963923
"NA19098.1.B02" 0.834248423840524 0.0812306700205413 0.081335632527392 0.000231044666061738 0.00295422894548085
"NA19098.1.B03" 0.730309932582081 0.194023499065066 0.0722456560537953 0.000117454224794719 0.00330345807426286
"NA19098.1.B05" 0.835613434603246 0.111849026318335 0.0516401224134201 0.00043743953025874 0.000459977134741033
"NA19098.1.B06" 0.781504996635627 0.159923200910396 0.0556311620924858 0.000137633296511962 0.00280300706497889
"NA19098.1.B07" 0.878506156077947 0.0700501028833724 0.0506715025616097 0.00042897030993019 0.000343268167140098
"NA19098.1.B08" 0.872315769421498 0.0821309465135235 0.0339938671729376 7.58895038418211e-05 0.0114835273881993
"NA19098.1.B09" 0.741491447515233 0.166785371350315 0.0838794699114102 7.60475628720791e-05 0.00776766366016954
"NA19098.1.B10" 0.551091788668153 0.241319465442492 0.207003254163747 0.000189101558634943 0.000396390166972645
"NA19098.1.B11" 0.750006226494326 0.164734266915471 0.0851137987691006 5.64803607726585e-05 8.92274603297561e-05
"NA19098.1.B12" 0.868765334667157 0.0832919550966612 0.0465122073829897 8.70537323171261e-05 0.00134344912087456
"NA19098.1.C01" 0.851831648426202 0.0882604493338814 0.0558531958328193 7.22604552953206e-05 0.00398244595180242
"NA19098.1.C02" 0.866650486676004 0.0914352990896651 0.0402766211673181 0.000161898140645055 0.0014756949263681
"NA19098.1.C03" 0.795260854630021 0.132438666319398 0.0685942248677672 0.000134662727085453 0.00357159145572791
"NA19098.1.C04" 0.789883952599424 0.132707163152706 0.0771736348834335 9.58878539214922e-05 0.000139361510514719
"NA19098.1.C05" 0.780071429088018 0.164967937153847 0.054121428474104 0.000701395004327602 0.000137810279703466
"NA19098.1.C06" 0.811879692937542 0.153627538368386 0.0329568032907468 0.000422661671751946 0.00111330373157416
"NA19098.1.C07" 0.852454348140203 0.0958439566663369 0.0439927735037845 0.000172281212586958 0.00753664047708896
"NA19098.1.C08" 0.748475206250187 0.159397722488216 0.0915972080498428 0.00017751783544273 0.000352345376311577
"NA19098.1.C09" 0.807746606782635 0.119855040393532 0.071564553705107 8.2161082596133e-05 0.000751638036129416
"NA19098.1.C10" 0.879119922933709 0.069774115415086 0.0498907911608626 0.000115746407236224 0.00109942408310625
"NA19098.1.C11" 0.852412297024024 0.110382667384487 0.0355388798303387 8.96966892100599e-05 0.00157645907194038
"NA19098.1.C12" 0.717510837939358 0.197658015454845 0.0793022055223777 9.84779743517675e-05 0.00543046310906766
"NA19098.1.D01" 0.744986760719618 0.1857305455942 0.0685578549619053 0.000133288506720802 0.000591550217556208
"NA19098.1.D02" 0.821535998843173 0.130843242983759 0.0458045160011708 0.000163939410647277 0.00165230276125005
"NA19098.1.D03" 0.870699087966267 0.0712821169406432 0.0549804706253073 7.23126628020215e-05 0.00296601180498077
"NA19098.1.D04" 0.829090231840598 0.119832758465066 0.0506761434095449 0.000173607348334538 0.000227258936456106
"NA19098.1.D05" 0.670613028532546 0.222691253749464 0.106484913141622 7.23884858227132e-05 0.000138416090544952
"NA19098.1.D06" 0.864341883957569 0.095853173125347 0.0397202472034914 3.17748758192664e-05 5.29208377733131e-05
"NA19098.1.D07" 0.470112152536176 0.401616731166746 0.127119131803299 0.00010780882114941 0.00104417567262903
"NA19098.1.D08" 0.792253361742101 0.151725018774803 0.0521700611639364 0.000190670159884092 0.00366088815927547
"NA19098.1.D09" 0.748695788596499 0.163797458057952 0.080127169156382 6.40217843654792e-05 0.00731556240480201
"NA19098.1.D10" 0.831744757731766 0.102434889873339 0.0603243989481399 0.000105721215588833 0.00539023223116573
"NA19098.1.D11" 0.717405403450296 0.172081984333193 0.109099680569191 0.00114804076717373 0.000264890880146784
"NA19098.1.D12" 0.889243936272517 0.0647980944968384 0.0452895220652431 0.000402540804834432 0.000265906360567222
"NA19098.1.E01" 0.799154043227995 0.109488390907728 0.0882088591428367 0.00013712054791222 0.00301158617352766
"NA19098.1.E02" 0.830118797308048 0.120951033273335 0.0457518766507835 0.000151330658758009 0.00302696210907539
"NA19098.1.E03" 0.857905323529057 0.0916263867475553 0.049381211936053 9.67506475096033e-05 0.000990327139825356
"NA19098.1.E05" 0.790425497091386 0.110849740874991 0.0967542912024438 0.000400651188946316 0.00156981964223262
"NA19098.1.E06" 0.818127655899551 0.122300120140294 0.056494854720429 0.000122615285878878 0.00295475395384759
"NA19098.1.E07" 0.708633897829281 0.222523134471236 0.0679698238307748 0.000608829108403279 0.000264314760305711
"NA19098.1.E08" 0.867148804064967 0.0936131058052573 0.0382851846178913 8.71395047633007e-05 0.000865766007120843
"NA19098.1.E09" 0.810832969126282 0.118846542611933 0.0588898067156781 8.42857151638911e-05 0.0113463958309423
"NA19098.1.E10" 0.853103707896731 0.0915316162477799 0.0522094778306092 6.98906900047408e-05 0.0030853073348758
"NA19098.1.E11" 0.762534877497999 0.193438513308898 0.0389961315855656 0.000520636693596363 0.0045098409139402
"NA19098.1.E12" 0.803976782459052 0.109757996285078 0.0858107666120775 0.000304745020286012 0.000149709623505859
"NA19098.1.F01" 0.773656898022657 0.164618828479686 0.049393536254414 0.000131247143343477 0.0121994900998992
"NA19098.1.F02" 0.884552064275951 0.067923802755836 0.0470751642294383 7.6183033906616e-05 0.000372785704868403
"NA19098.1.F03" 0.867998194398682 0.082738647097443 0.0491227317987305 4.81035684351754e-05 9.23231367096721e-05
"NA19098.1.F04" 0.658634984070657 0.185390519060364 0.155853104399447 4.78824691253531e-05 7.35100004063258e-05
"NA19098.1.F06" 0.508228235653713 0.336282069173437 0.154724151417287 0.000214311610569027 0.000551232144994434
"NA19098.1.F07" 0.723451530946266 0.17859502062086 0.096482283791227 0.00019191067499479 0.00127925396665251
"NA19098.1.F08" 0.781926271387572 0.140159635705003 0.0755248427057895 0.000202114922400809 0.00218713527923401
"NA19098.1.F09" 0.835610796628862 0.0758654872173553 0.0770679147523908 8.20210110881338e-05 0.011373780390304
"NA19098.1.F10" 0.87735433503277 0.0636311037827608 0.0589483020661957 2.64103088512169e-05 3.98488094227311e-05
"NA19098.1.F11" 0.851041307199503 0.0954358335275296 0.0530602107404058 0.000226648610165952 0.000235999922395993
"NA19098.1.F12" 0.789082195936658 0.137701915849934 0.0646976814558199 0.000129538496562941 0.00838866826102445
"NA19098.1.G01" 0.739529356667847 0.173960221794093 0.0859778568974211 0.000114220933035099 0.000418343707604314
"NA19098.1.G02" 0.844180193199128 0.0737432152029065 0.0819075771561901 8.45013261799122e-05 8.45131155957294e-05
"NA19098.1.G03" 0.732944302471641 0.183358118866533 0.0819713182168889 0.000939717930906607 0.000786542514030052
"NA19098.1.G04" 0.798829957047123 0.127747367671966 0.0712918401019347 0.00028310281016911 0.00184773236880803
"NA19098.1.G05" 0.836997486111936 0.108351539474073 0.0535500710734617 0.00015343165401152 0.000947471686517956
"NA19098.1.G06" 0.803685416958207 0.123664811970917 0.070619377416652 0.00084798231660153 0.00118241133762231
"NA19098.1.G07" 0.757326357312483 0.176941291795843 0.063496476183035 5.47530444390418e-05 0.00218112166419996
"NA19098.1.G08" 0.803412430266872 0.0930636460271505 0.100291958396425 0.000569380054493108 0.00266258525505898
"NA19098.1.G09" 0.815932628754374 0.106689042557415 0.0765769942879173 0.000360275035463637 0.000441059364829442
"NA19098.1.G10" 0.849940494221927 0.0813254305291247 0.0685891950267233 4.93113233192807e-05 9.55688989053839e-05
"NA19098.1.G11" 0.861499151396589 0.0908993164099035 0.0473131519980501 4.98457475230425e-05 0.00023853444793435
"NA19098.1.G12" 0.783744599750269 0.136840712308651 0.0791355054295277 0.00017136027637563 0.00010782223517681
"NA19098.1.H01" 0.851838416019245 0.0870991358787689 0.0602034026919819 0.000482276630234702 0.000376768779769487
"NA19098.1.H02" 0.745113555316395 0.175840735132773 0.0782780480042042 0.000412943041051558 0.000354718505575844
"NA19098.1.H03" 0.724046043253872 0.190468536338848 0.0843647141399993 0.000108705306011299 0.00101200096126952
"NA19098.1.H04" 0.814118858623109 0.116951593797652 0.0684224149010721 5.96560270159521e-05 0.000447476651150755
"NA19098.1.H05" 0.844054623221837 0.0902662129361328 0.0649929805550473 0.000342278617243185 0.000343904669740004
"NA19098.1.H06" 0.603259289229242 0.268613043180531 0.126850638017923 0.000143795437734109 0.00113323413457048
"NA19098.1.H07" 0.74981139535854 0.176154941454465 0.0738592270391022 5.18959534220448e-05 0.000122540194471043
"NA19098.1.H08" 0.58391424200294 0.220429534175998 0.194240102767932 0.000208247366022861 0.00120787368710766
"NA19098.1.H09" 0.634866040688779 0.100567222232397 0.256643576844326 0.000425892269789389 0.00749726796470858
"NA19098.1.H10" 0.818088792708463 0.0928837436804702 0.0874693761018942 8.18022384547077e-05 0.00147628527071791
"NA19098.1.H11" 0.844330168045307 0.109315621764191 0.0456086561958715 0.000182488643616798 0.000563065351013605
"NA19098.1.H12" 0.740644670526143 0.168179271627847 0.0884551101215425 0.000453162112619309 0.00226778561184829
"NA19098.2.A01" 0.034591375313318 0.262584809002761 0.702718919533814 3.88965925543409e-05 6.59995575527749e-05
"NA19098.2.A02" 0.546045134759462 0.0508995443836247 0.402676865048174 0.000172836314812349 0.00020561949392674
"NA19098.2.A03" 0.543561342525619 0.0496455293831621 0.406682995438626 4.90410604505876e-05 6.10915921417915e-05
"NA19098.2.A04" 0.581346231628355 0.0132969063177702 0.405302502497335 1.98772861598868e-05 3.44822703798496e-05
"NA19098.2.A05" 0.673490237091314 0.0561882734646341 0.270154257325341 8.44068388943134e-05 8.28252798170439e-05
"NA19098.2.A06" 0.0236786276506637 0.117982468869223 0.858156296064957 5.71300403166117e-05 0.000125477374839631
"NA19098.2.A07" 0.636114175764065 0.051284773552547 0.312476839669858 6.20639051486776e-05 6.2147108380512e-05
"NA19098.2.A08" 0.55135326662587 0.0116602645127569 0.436908169112481 2.82797440059888e-05 5.00200048864539e-05
"NA19098.2.A09" 0.0950550753666764 0.0852607775692108 0.819006827562636 0.000109008647788637 0.000568310853688481
"NA19098.2.A10" 0.492230825467207 0.0703309366835871 0.436874756742413 0.000471838393658868 9.16427131339544e-05
"NA19098.2.A11" 0.540413087674964 0.018519934941913 0.441002452893723 2.31381054513943e-05 4.13863839487113e-05
"NA19098.2.B01" 0.0278450981887954 0.0922042153517075 0.879719567491347 8.1941834647454e-05 0.000149177133502119
"NA19098.2.B02" 0.584533813532328 0.0593561739288182 0.35590422316762 4.8200878363329e-05 0.000157588492870333
"NA19098.2.B03" 0.589953446473812 0.0587278551418615 0.350732454817784 5.43828282377858e-05 0.00053186073830395
"NA19098.2.B04" 0.512367295152115 0.0105406132828382 0.476726972358358 0.000295724657539996 6.93945491485135e-05
"NA19098.2.B05" 0.574775282726481 0.0276905782380439 0.397424844843397 3.50630026676678e-05 7.42311894102639e-05
"NA19098.2.B06" 0.612512330687001 0.0421598141004824 0.345015497678057 0.000233019053280597 7.93384811791205e-05
"NA19098.2.B07" 0.552130354170983 0.0391254545179103 0.408131010499152 7.55404633363028e-05 0.000537640348618832
"NA19098.2.B08" 0.611890677983167 0.0422462414656361 0.345791600601462 2.76266888255881e-05 4.38532609097274e-05
"NA19098.2.B09" 0.569849864513118 0.0459809070670027 0.383863680188875 4.50655683565628e-05 0.000260482662647884
"NA19098.2.B10" 0.636747503250488 0.0278883701804836 0.335301208581243 2.6720072862747e-05 3.6197914922691e-05
"NA19098.2.B11" 0.0395696487133238 0.13145102008605 0.827595830878226 0.000125773336991938 0.00125772698540797
"NA19098.2.C01" 0.534709436648772 0.1055819117593 0.359312013972115 6.3968075129449e-05 0.000332669544683799
"NA19098.2.C02" 0.421206152728399 0.044254707732025 0.534452289529036 3.07893360478203e-05 5.60606744925827e-05
"NA19098.2.C03" 0.428684114256735 0.0427279895822872 0.528503160887879 3.1107732843856e-05 5.36275402556118e-05
"NA19098.2.C04" 0.0354617464737612 6.43883313327696e-05 0.964323081229562 5.704714451283e-05 9.37368208309232e-05
"NA19098.2.C05" 0.471893002699075 0.0533235427795431 0.474579230528799 0.000111379007092474 9.28449854908253e-05
"NA19098.2.C06" 0.490159364974655 0.159721657775076 0.349991603621717 4.06488803764582e-05 8.67247481760056e-05
"NA19098.2.C07" 0.560148024703487 0.0901211558821661 0.349654190106196 3.39388518165813e-05 4.26904563342667e-05
"NA19098.2.C08" 0.485840760359952 0.0285124187749595 0.485401587766012 8.82802062871607e-05 0.000156952892788951
"NA19098.2.C09" 0.0759148768753977 0.171045561498727 0.752596393478311 8.63757236030234e-05 0.000356792423961591
"NA19098.2.C10" 0.456269901078457 0.0546241546056075 0.489001793138719 3.7818212010331e-05 6.63329652063638e-05
"NA19098.2.C11" 0.507762936683476 0.0143317725889812 0.477835341065935 2.79159784706739e-05 4.20336831370503e-05
"NA19098.2.C12" 0.500802073846059 0.00116594537065284 0.497912947762179 5.43484201732376e-05 6.46846009357241e-05
"NA19098.2.D01" 0.4793324281341 0.0537508599540546 0.465892734539609 0.000881741796734579 0.000142235575502088
"NA19098.2.D02" 0.217984975949363 0.0820756145460978 0.699840146435242 3.91044573044991e-05 6.01586119930031e-05
"NA19098.2.D03" 0.252788157235637 0.0723240577654355 0.674826906008984 2.31498523057635e-05 3.77291376383089e-05
"NA19098.2.D04" 0.465067790305957 0.115182387834731 0.419677972350733 3.00067482093753e-05 4.18427603698733e-05
"NA19098.2.D05" 0.594346686541573 0.046488490459035 0.359091219133099 2.91858087628914e-05 4.4418057530083e-05
"NA19098.2.D06" 0.560408661458854 0.0653352529639187 0.374135201663014 4.40076131851041e-05 7.68763010285799e-05
"NA19098.2.D08" 0.55755476070569 0.0591850389926048 0.382502540269141 9.79397367199673e-05 0.000659720295843787
"NA19098.2.D09" 0.0132230032974845 0.153043200508323 0.832720071784046 9.5700742486819e-05 0.000918023667660484
"NA19098.2.D10" 0.469059772308078 0.0827016897820822 0.448046300689863 5.80859332581434e-05 0.000134151286718638
"NA19098.2.D11" 0.558879056181144 0.0558515198004627 0.38519340840153 3.14870386407844e-05 4.45285782232003e-05
"NA19098.2.D12" 0.559867409528651 0.0283634565393124 0.411265753186014 0.000349562143486675 0.000153818602536214
"NA19098.2.E01" 0.53796343887308 0.0356603673393058 0.426297864767137 3.60894432797641e-05 4.22395771969238e-05
"NA19098.2.E02" 0.559726966017443 0.0217206336558423 0.418273256752311 8.47080388825733e-05 0.000194435535521198
"NA19098.2.E03" 0.535956528081198 0.0192295196356457 0.444395398946344 0.000124958679522454 0.000293594657289609
"NA19098.2.E04" 0.0359599337005118 0.116704958269209 0.847203318947373 4.7652100002749e-05 8.41369829032708e-05
"NA19098.2.E05" 0.425912079029734 0.0474817426653142 0.526542987953187 2.39872579333982e-05 3.92030938314536e-05
"NA19098.2.E06" 0.478386462324756 0.0141126049381271 0.506694734836705 0.000552889388776119 0.000253308511636251
"NA19098.2.E07" 0.244119917413603 0.118475886375642 0.637196211245401 7.53305690157329e-05 0.000132654396338401
"NA19098.2.E08" 0.619428785533496 0.0803599013812733 0.300122785980757 3.38801961270475e-05 5.46469083473217e-05
"NA19098.2.E09" 0.614671004175381 0.00638712056329662 0.378781510273434 5.19876478527078e-05 0.00010837734003497
"NA19098.2.E11" 0.61084682329991 0.0446202102741523 0.344474084649368 2.50498273221703e-05 3.38319492480938e-05
"NA19098.2.E12" 0.451862796318041 0.0646237389764223 0.483075119963946 0.000324771761624828 0.000113572979965114
"NA19098.2.F01" 0.0503366468377988 0.139166162630949 0.810256131858556 6.96273124623586e-05 0.000171431360233881
"NA19098.2.F02" 0.556971962337249 0.0364700995764764 0.406389541274532 0.000101062438332513 6.73343734095865e-05
"NA19098.2.F03" 0.551048805288177 0.0347225573289003 0.414167959175419 2.64364573419386e-05 3.42417501619033e-05
"NA19098.2.F04" 0.49163578710582 0.121441748641788 0.38683152014461 2.88034117829866e-05 6.21406959985648e-05
"NA19098.2.F05" 0.607607487766513 0.0284587874005476 0.363867138609014 2.36354775342488e-05 4.29507463913222e-05
"NA19098.2.F07" 0.575443575242524 0.0594256206663319 0.362537949826756 8.14747267674151e-05 0.00251137953762065
"NA19098.2.F08" 0.527808099568169 0.0441658469813474 0.427516180779384 0.000369471019062157 0.000140401652037154
"NA19098.2.F09" 0.561665184075418 7.35872484674536e-05 0.438164818367973 4.59176576738743e-05 5.04926504675542e-05
"NA19098.2.F10" 0.490905263303362 0.0447029297066583 0.464314569948766 3.45384321163495e-05 4.26986090974155e-05
"NA19098.2.F11" 0.0604607108311434 0.120171576451664 0.818647606762443 8.64907315923755e-05 0.000633615223156589
"NA19098.2.F12" 0.57423160867913 0.0104458999676071 0.414960368772853 0.00013766267071672 0.000224459909693243
"NA19098.2.G01" 0.0860693676575038 0.116229628117774 0.797604319567104 3.30088174732284e-05 6.36758401450015e-05
"NA19098.2.G02" 0.510892836511288 0.0343259599285125 0.454678765471922 4.93728259857055e-05 5.30652622921493e-05
"NA19098.2.G03" 0.505341371045537 0.0320385890428274 0.462504590115049 5.35394360890871e-05 6.19103604969179e-05
"NA19098.2.G04" 0.621643715247532 4.18156913273292e-05 0.378259003440429 2.22872567950665e-05 3.31783639166714e-05
"NA19098.2.G05" 0.22588540388774 0.0554343840755282 0.718522537597291 6.19522228552811e-05 9.57222165852299e-05
"NA19098.2.G06" 0.488688204357414 0.0302838547836623 0.480361691861819 8.04588904792025e-05 0.000585790106625761
"NA19098.2.G07" 0.572720773378775 0.0510090556077007 0.37604001878261 2.77290933515555e-05 0.000202423137562562
"NA19098.2.G08" 0.533315106292204 0.0671378737063477 0.39909069047027 0.000209588830701014 0.000246740700477808
"NA19098.2.G09" 0.550987433647779 0.0274944688581837 0.421456583447146 2.32951155646023e-05 3.82189313268002e-05
"NA19098.2.G10" 0.00779908755815886 7.71865247217843e-05 0.991530343177401 0.000248713728639475 0.000344669011078647
"NA19098.2.G11" 0.335088051385872 0.0675375693361609 0.597220670134316 5.64292743242662e-05 9.7279869326107e-05
"NA19098.2.G12" 0.66446237268932 0.151933066469515 0.183052768767489 0.0004570335397724 9.47585339026064e-05
"NA19098.2.H01" 0.0680852436196877 0.0737102402920673 0.857979656697091 8.90835979950203e-05 0.000135775793159249
"NA19098.2.H02" 0.420191140931741 0.0207818610954466 0.558910052768652 5.82367218349759e-05 5.87084823250581e-05
"NA19098.2.H03" 0.413483908006527 0.0223803021121862 0.564036069868412 4.4358735951176e-05 5.53612769238276e-05
"NA19098.2.H04" 0.491309671189862 0.0143824104724898 0.494212830434306 3.4606007552511e-05 6.04818957893188e-05
"NA19098.2.H05" 0.534967857357822 6.24278577413303e-05 0.464876730113412 4.45984012690101e-05 4.8386269755985e-05
"NA19098.2.H06" 0.460671041106568 0.0933924443197773 0.445553286869289 0.000297747093093672 8.54806112711399e-05
"NA19098.2.H07" 0.000174384636248762 0.0522529927567396 0.947439461187191 4.81406763551311e-05 8.502074346496e-05
"NA19098.2.H08" 0.0260712512230443 0.151032190342048 0.821773427485709 0.000211584099190145 0.000911546850008048
"NA19098.2.H10" 0.479721169427775 0.000163705508995149 0.52002025336255 3.67920015390062e-05 5.80796991407836e-05
"NA19098.2.H11" 0.513375751391018 0.0390079763105703 0.447501431418883 4.87157647645763e-05 6.61251147643672e-05
"NA19098.2.H12" 0.0679652758502374 0.140928825457009 0.790504757736218 0.000153150197105201 0.000447990759430369
"NA19098.3.A03" 0.807113538742209 0.12544470622393 0.0673443259357283 6.20173809439766e-05 3.54117171887091e-05
"NA19098.3.A05" 0.514678737323166 0.353253813996839 0.131975774727789 3.3498121656466e-05 5.81758305490864e-05
"NA19098.3.A06" 0.730382724602916 0.209194776731505 0.0603720431847068 1.80879548978204e-05 3.23675259741943e-05
"NA19098.3.A07" 0.547018696019461 0.307232546358016 0.145484263860164 5.26052867758804e-05 0.000211888475583423
"NA19098.3.A08" 0.791781033460682 0.156018314394903 0.0519425334670682 0.000178637154658535 7.94815226890288e-05
"NA19098.3.A12" 0.776739360818145 0.14215274862345 0.0810278147120951 3.31772393430306e-05 4.68986069661911e-05
"NA19098.3.B01" 0.698048178207536 0.187750012241599 0.11410480175108 3.43288465708268e-05 6.2678953214025e-05
"NA19098.3.B02" 0.564214150302765 0.280189298526903 0.155373610588978 0.000102664210853543 0.000120276370500327
"NA19098.3.B03" 0.809383431280464 0.124895415992511 0.0653540333342884 5.15257734684753e-05 0.000315593619267503
"NA19098.3.B04" 0.840458446616849 0.126667655878193 0.0327991902607809 2.4639236693812e-05 5.0068007482384e-05
"NA19098.3.B05" 0.826531507629291 0.121570760358566 0.0517396339686421 2.82550573600002e-05 0.00012984298614139
"NA19098.3.B06" 0.601304054495261 0.242506339831355 0.156062127001104 4.80461806008249e-05 7.94324916792132e-05
"NA19098.3.B07" 0.839977940811175 0.0978550919786459 0.0616888466926629 0.00038676176307779 9.13587544381464e-05
"NA19098.3.B08" 0.749496543827581 0.106087267280324 0.143585091421967 0.000313789231013943 0.00051730823911293
"NA19098.3.B09" 0.813617919379368 0.0808311916764611 0.10529827331315 3.30482444353245e-05 0.000219567386585434
"NA19098.3.B11" 0.811441043111212 0.158292972957114 0.0300897307343223 2.07019751133267e-05 0.000155551222238335
"NA19098.3.B12" 0.777015250080449 0.170422474335675 0.0521614522847417 0.000252800398179381 0.000148022900954364
"NA19098.3.C01" 0.783742695445103 0.152090477155612 0.0640872037181347 2.73610501090176e-05 5.22626310408953e-05
"NA19098.3.C02" 0.634372307467208 0.150079431691029 0.214954847677836 0.000117002686909978 0.000476410477016256
"NA19098.3.C03" 0.711385023365015 0.200526688098539 0.0875671292326746 0.000111296906155531 0.000409862397616648
"NA19098.3.C04" 0.797931976432002 0.138174437935291 0.06383570671754 1.89760212225811e-05 3.89028939444838e-05
"NA19098.3.C05" 0.798319555382049 0.143121573424368 0.0584313451639995 4.4158190775545e-05 8.33678388078161e-05
"NA19098.3.C07" 0.518412259708897 0.341103863037614 0.140286456338277 5.89003943089077e-05 0.000138520520903566
"NA19098.3.C08" 0.627302855229859 0.190726302558678 0.181822363496488 4.78403779762219e-05 0.000100638336998921
"NA19098.3.C09" 0.842215091051084 0.112259851536593 0.0454651903787962 2.04778183567901e-05 3.93892151699807e-05
"NA19098.3.C10" 0.815326091004716 0.119222994981133 0.0653705044283155 4.11346397268166e-05 3.92749461093761e-05
"NA19098.3.C11" 0.797592760639364 0.151491146857119 0.050715238212794 9.59112584978977e-05 0.000104943032224631
"NA19098.3.C12" 0.7384778232744 0.187133338840499 0.0741970916309862 8.02357905585949e-05 0.000111510463556216
"NA19098.3.D01" 0.569295918444807 0.257458865662657 0.173112591423688 4.36635889017283e-05 8.89608799450124e-05
"NA19098.3.D02" 0.631169794517797 0.276876673128666 0.0918808138259263 2.71008422965982e-05 4.56176853135318e-05
"NA19098.3.D03" 0.82294372767636 0.122249387114779 0.0542935858320738 0.000344034316527581 0.000169265060259802
"NA19098.3.D05" 0.829170715840533 0.121380521654443 0.0490025027378594 4.78111969764787e-05 0.00039844857018851
"NA19098.3.D07" 0.828307870339126 0.106239851760458 0.0653860567028367 2.29567924212712e-05 4.32644051588285e-05
"NA19098.3.D09" 0.802923767527315 0.139521337894695 0.0574993171493954 2.10357069940074e-05 3.45417216003788e-05
"NA19098.3.D10" 0.793174456942806 0.142833306310862 0.0637941701312366 0.000129565338590353 6.85012765056848e-05
"NA19098.3.D11" 0.76570497701506 0.179025602456843 0.0551432919127477 3.68462205613202e-05 8.92823947880644e-05
"NA19098.3.D12" 0.685275901262186 0.229515930758382 0.0851278896935523 2.78882277138388e-05 5.23900581664549e-05
"NA19098.3.E01" 0.802580138246799 0.129569850938781 0.0678112614383359 1.49200458829487e-05 2.38293302005597e-05
"NA19098.3.E02" 0.818434996932955 0.124666041293611 0.0568559054444537 1.62838656830675e-05 2.67724632977667e-05
"NA19098.3.E03" 0.818554094362317 0.125549954685145 0.0556927433023567 2.25271168107945e-05 0.000180680533370894
"NA19098.3.E04" 0.762866720022799 0.185112500599187 0.0519640406604294 1.93612655657836e-05 3.7377452018484e-05
"NA19098.3.E05" 0.499175069398187 0.344477347573228 0.156224181372984 3.77113937983016e-05 8.56902618033364e-05
"NA19098.3.E06" 0.571298860787076 0.308105774263497 0.120497065945576 3.21245301014859e-05 6.61744737501491e-05
"NA19098.3.E07" 0.599491901683978 0.344112521218611 0.0563342191386904 2.63805858924284e-05 3.49773728280197e-05
"NA19098.3.E08" 0.529690237178851 0.336623860351348 0.133597471834626 3.14550922687546e-05 5.69755429058667e-05
"NA19098.3.E09" 0.570610451724976 0.286969530680563 0.142330844357376 3.35445099811776e-05 5.56287271042965e-05
"NA19098.3.E10" 0.810304190738444 0.120767104388734 0.0687642592105344 4.34146016438372e-05 0.00012103106064369
"NA19098.3.E11" 0.850149560952577 0.0891457120669886 0.0600302793052925 3.66873405945063e-05 0.000637760334547514
"NA19098.3.E12" 0.783337676694696 0.127661032532202 0.0887411312593399 6.10309731411294e-05 0.000199128540621675
"NA19098.3.F01" 0.613052960488728 0.196395896631906 0.190433788913096 3.96798325560062e-05 7.76741337134964e-05
"NA19098.3.F03" 0.768215426358834 0.160795627650513 0.0708673810719964 2.89138428274694e-05 9.26510758289489e-05
"NA19098.3.F04" 0.757884919382581 0.17256724257209 0.0694782001985294 2.6871836177102e-05 4.27660106230545e-05
"NA19098.3.F05" 0.764354748493725 0.181940926536848 0.0536184711503559 2.2342889667311e-05 6.35109294036593e-05
"NA19098.3.F06" 0.771899188142215 0.159535150965685 0.0685232596825937 1.62729558846546e-05 2.61282536218499e-05
"NA19098.3.F07" 0.654605833927753 0.294139120105172 0.0510319974375933 8.284062710495e-05 0.000140207902376272
"NA19098.3.F09" 0.808254158521262 0.123529067416446 0.0680684574796397 3.09734363285188e-05 0.000117343146324154
"NA19098.3.F10" 0.789726073963148 0.155344291713224 0.0548714883154506 2.07168563914278e-05 3.74291517858583e-05
"NA19098.3.F11" 0.518456383642428 0.357890059495114 0.123560314213478 3.31062869359355e-05 6.01363620443734e-05
"NA19098.3.G01" 0.8064027400494 0.0786612250973346 0.114668706110888 5.3864433651351e-05 0.000213464308725956
"NA19098.3.G02" 0.538517349546886 0.31589548693177 0.145382127691767 7.2624478994999e-05 0.000132411350581855
"NA19098.3.G03" 0.520810594928115 0.33910907242004 0.140002997054578 2.68744564005889e-05 5.0461140866236e-05
"NA19098.3.G04" 0.561611911970573 0.323192559438848 0.115121525372493 2.350003030154e-05 5.05031877848703e-05
"NA19098.3.G05" 0.879858866000715 0.0845406124168817 0.0355411231849338 2.41569305543867e-05 3.52414669148716e-05
"NA19098.3.G06" 0.762246061744318 0.160028908767047 0.0775862481001142 2.51660335475909e-05 0.000113615354972456
"NA19098.3.G07" 0.554667940266007 0.30468603932681 0.140570838475675 2.81484929925093e-05 4.70334385151963e-05
"NA19098.3.G08" 0.577660833764991 0.300192867207052 0.122055594441699 3.75381019192296e-05 5.3166484339457e-05
"NA19098.3.G09" 0.632769236037567 0.250056488103808 0.115995586361314 6.3015092124177e-05 0.001115674405187
"NA19098.3.G10" 0.858972631080166 0.0862854507254401 0.0546707095879426 2.40867857991006e-05 4.71218206520624e-05
"NA19098.3.G11" 0.509667473892828 0.320593179595856 0.169561878585679 6.15485490987124e-05 0.000115919376538387
"NA19098.3.G12" 0.543418085118019 0.312484588450027 0.143739047513505 0.000144702573082124 0.000213576345367169
"NA19098.3.H01" 0.579288180534655 0.283161747137314 0.137226402886422 0.000119063443360254 0.000204605998248503
"NA19098.3.H02" 0.761041631700275 0.175091073784525 0.0637944004397219 2.86610473856916e-05 4.42330280920348e-05
"NA19098.3.H03" 0.789301843967688 0.148753082240181 0.0619075201847387 1.33088962274682e-05 2.42447111646019e-05
"NA19098.3.H04" 0.83436546928863 0.101857210385729 0.0627697846213373 0.000118653854606539 0.000888881849696461
"NA19098.3.H05" 0.76190381865857 0.160784527553521 0.0768596147106132 0.000135265284878209 0.000316773792417072
"NA19098.3.H06" 0.805888912863195 0.133946085255825 0.0600685964201711 3.18774596627867e-05 6.45280011460821e-05
"NA19098.3.H07" 0.56676046181301 0.225092568862091 0.207905201462345 9.39926617546288e-05 0.00014777520079885
"NA19098.3.H08" 0.560730237878783 0.273469927262765 0.165635531291257 5.52751346111437e-05 0.000109028432583699
"NA19098.3.H09" 0.637140498678429 0.234851049956561 0.127901425126297 4.25572412416131e-05 6.44689974711185e-05
"NA19098.3.H10" 0.793106592597002 0.14433043271836 0.0624583622408786 2.8034258603561e-05 7.65781851557436e-05
"NA19098.3.H11" 0.637520845317815 0.306028475760479 0.0563902330327977 2.19660941779432e-05 3.84797947298165e-05
"NA19098.3.H12" 0.818346010107832 0.123409277418849 0.0577703497236882 9.24890784349156e-05 0.000381873671196303
"NA19239.1.A01" 0.825799812322562 0.131878081940502 0.0421988111466408 3.853723114394e-05 8.47573591516012e-05
"NA19239.1.A02" 0.75774936130232 0.143541127240936 0.0985110864289945 6.52366151974452e-05 0.000133188412551942
"NA19239.1.A03" 0.819075482782599 0.124441576182966 0.0562692483095451 7.0035025756314e-05 0.000143657699133636
"NA19239.1.A04" 0.787222211981297 0.122231122793397 0.0902006055468348 8.53233184944826e-05 0.000260736359976829
"NA19239.1.A05" 0.908485361587491 0.0450395229253611 0.0463899563991475 3.06265413517695e-05 5.45325466482244e-05
"NA19239.1.A06" 0.857685288218299 0.0861805391754288 0.0546741525248953 0.00115693001600174 0.000303090065374909
"NA19239.1.A07" 0.684218470709181 0.237761260889723 0.0779095893143386 4.15927783611747e-05 6.90863083963704e-05
"NA19239.1.A08" 0.808223907505923 0.12707442139286 0.0645793906810967 5.35987912578119e-05 6.86816288625459e-05
"NA19239.1.A09" 0.78569154410596 0.173755252965958 0.0401341833745983 8.70438648804875e-05 0.000331975688603464
"NA19239.1.A10" 0.867903901812495 0.0777022167578749 0.0542986846035889 3.5513739014911e-05 5.96830870260508e-05
"NA19239.1.A11" 0.846574540563437 0.074774324714732 0.0783877105876434 0.000126303384934549 0.000137120749253427
"NA19239.1.A12" 0.802792935456782 0.112825155793342 0.0842625901603354 4.00095584475057e-05 7.9309031093284e-05
"NA19239.1.B02" 0.859820229199127 0.105959791545189 0.0339957784265805 6.57542020685522e-05 0.000158446627035533
"NA19239.1.B03" 0.809543505064091 0.144710961213729 0.0453460171083525 6.29674261676746e-05 0.000336549187659299
"NA19239.1.B05" 0.80627220691162 0.120884810387366 0.0726549029618757 7.9155802728483e-05 0.00010892393640988
"NA19239.1.B06" 0.704124726324094 0.255447829721797 0.0392251336563565 5.31789040937991e-05 0.00114913139365879
"NA19239.1.B07" 0.775417204981617 0.162700526787942 0.0608873764861512 7.86563637431455e-05 0.000916235380546548
"NA19239.1.B08" 0.900350235013292 0.0667830567624398 0.0328139991181103 2.0460411879107e-05 3.22486942786699e-05
"NA19239.1.B09" 0.897642838491655 0.0854377101530108 0.0168337005613562 3.11328943639625e-05 5.46178996135174e-05
"NA19239.1.B10" 0.701928071530493 0.238313103922575 0.0595766912746587 5.64718632627048e-05 0.000125661409010561
"NA19239.1.B11" 0.870374329275949 0.119113448285809 0.0104426627717507 2.53539092791596e-05 4.4205757211492e-05
"NA19239.1.B12" 0.909105891807387 0.0571499196562324 0.0336614708510901 3.22067901573615e-05 5.05108951328083e-05
"NA19239.1.C01" 0.793454699326662 0.150788513421103 0.0556216724242704 4.75141094347287e-05 8.7600718529009e-05
"NA19239.1.C02" 0.934520028582566 0.0460437226531038 0.0193052236925459 4.73531452613566e-05 8.36719265227638e-05
"NA19239.1.C03" 0.882647593009995 0.085210686387812 0.0320672776091545 3.40159032407909e-05 4.04270897981374e-05
"NA19239.1.C05" 0.901128104339911 0.0802983751187499 0.018508259656651 1.99243530941513e-05 4.53365315943354e-05
"NA19239.1.C06" 0.821827830094436 0.146679614429132 0.0313570100152553 5.19517561986633e-05 8.35937049782977e-05
"NA19239.1.C07" 0.637064174756295 0.267836336480299 0.0948540889877876 5.88798682922349e-05 0.000186519907326545
"NA19239.1.C08" 0.847742820364022 0.113765948221555 0.0383952751835841 3.98948961381908e-05 5.60613347011713e-05
"NA19239.1.C09" 0.914916363132448 0.0524979931539326 0.0325169533901588 2.5052661520622e-05 4.36376619402948e-05
"NA19239.1.C10" 0.879003730936406 0.0961719116506032 0.0246771880122774 4.83896479341107e-05 9.87797527788325e-05
"NA19239.1.C11" 0.730031748053511 0.221940412629792 0.0479287545655249 3.30263219427244e-05 6.60584292293635e-05
"NA19239.1.C12" 0.90006235958599 0.0820105944514811 0.0177572179293687 9.29703565723921e-05 7.68576765880781e-05
"NA19239.1.D01" 0.882084993295293 0.0951054050081194 0.0227418937259811 2.67051641207265e-05 4.10028064854135e-05
"NA19239.1.D02" 0.854481854635971 0.114665255547802 0.0307476330267909 3.66798036439446e-05 6.85769857922794e-05
"NA19239.1.D03" 0.765145403470984 0.187091401766547 0.0476661586049619 3.58703368947854e-05 6.11658206123326e-05
"NA19239.1.D04" 0.829583240908804 0.139479410473563 0.0308534330019315 2.64014547416636e-05 5.75141609597501e-05
"NA19239.1.D05" 0.776404073790109 0.200944961883319 0.0223538160168819 0.000181290215814535 0.000115858093875545
"NA19239.1.D06" 0.887981851569922 0.0959697726799008 0.0157950895675053 6.23955331662316e-05 0.000190890649505408
"NA19239.1.D07" 0.647171522157598 0.260382608486581 0.091838886196025 0.000169968754514799 0.000437014405281603
"NA19239.1.D08" 0.892690790782995 0.0856844127708794 0.0212696739624795 0.000136785789356252 0.000218336694289796
"NA19239.1.D09" 0.873259299478832 0.0973522068237205 0.029120318668011 0.00011254916349975 0.000155625865936605
"NA19239.1.D10" 0.804505353673123 0.136412713540178 0.0570572606163979 0.000588936016105942 0.00143573615419483
"NA19239.1.D11" 0.87075229178734 0.0977940129378175 0.0310871336919337 4.90626688124934e-05 0.000317498914096553
"NA19239.1.D12" 0.777452136447547 0.172453982450933 0.0499941608125818 3.87204301215393e-05 6.09998588170716e-05
"NA19239.1.E01" 0.877708091091187 0.0873235580790943 0.034899525589273 2.47071536108597e-05 4.41180868350917e-05
"NA19239.1.E02" 0.922442129199209 0.0637404134631247 0.013282237793484 0.000172586513066302 0.000362633031116055
"NA19239.1.E03" 0.858847712072622 0.0896843966260913 0.0511488298539859 0.000104275719933012 0.000214785727368094
"NA19239.1.E04" 0.866473456724604 0.0852210350872689 0.0482127294461096 3.60554239149005e-05 5.67233181022467e-05
"NA19239.1.E05" 0.712445714018576 0.127659101147179 0.159516635083464 8.76847558394276e-05 0.000290864994941615
"NA19239.1.E06" 0.826232832408106 0.119510337975834 0.0516643619378123 5.23988506368919e-05 0.00254006882761035
"NA19239.1.E07" 0.866122657299588 0.1052318735251 0.0284110582959913 4.92764899696332e-05 0.000185134389351377
"NA19239.1.E08" 0.90780636718225 0.0701738265950016 0.0218547511751467 0.000123601148708954 4.14538988928115e-05
"NA19239.1.E09" 0.889900887438375 0.0825687049533564 0.0274218947132212 4.2058276317361e-05 6.64546187295482e-05
"NA19239.1.E10" 0.82916264437787 0.120991255718888 0.0496736038621403 5.61764371587915e-05 0.000116319603942619
"NA19239.1.E11" 0.867754643460353 0.0983853991293541 0.0337663721567393 2.93195361406527e-05 6.42657174127776e-05
"NA19239.1.E12" 0.913926034706314 0.056957305522047 0.0289943312608357 4.56395882990097e-05 7.66889225042378e-05
"NA19239.1.F01" 0.863404033908271 0.100564978809881 0.0357801413745933 2.16312971102923e-05 0.000229214610143659
"NA19239.1.F02" 0.839150632700173 0.12139073768931 0.0393911033674999 2.47740831983097e-05 4.27521598182246e-05
"NA19239.1.F03" 0.821330982806636 0.1258032380197 0.052781405751458 3.13436416671e-05 5.3029780538899e-05
"NA19239.1.F04" 0.867824069865673 0.100349774848395 0.0317689243662352 2.20325820015669e-05 3.51983376948062e-05
"NA19239.1.F05" 0.599219755869075 0.298954856039457 0.101252424622132 8.16246934148105e-05 0.00049133877592197
"NA19239.1.F06" 0.858318192347034 0.112311315494714 0.0293132733069667 2.19670820365696e-05 3.52517692486848e-05
"NA19239.1.F07" 0.876412547824913 0.0969341011932787 0.0265605131852798 3.63119630801265e-05 5.65258334487903e-05
"NA19239.1.F08" 0.862043706564085 0.0997678912070137 0.0381256616724423 2.31280938096562e-05 3.9612462648895e-05
"NA19239.1.F09" 0.872112268828892 0.0995603744519698 0.0281914086138257 7.04983960722452e-05 6.54497092403789e-05
"NA19239.1.F10" 0.895536308443838 0.0619938772206704 0.0423826759567078 2.94610502629586e-05 5.76773285207987e-05
"NA19239.1.F11" 0.837347710988186 0.0864991878045508 0.0759195677702565 0.000116745039708935 0.000116788397297685
"NA19239.1.F12" 0.879551347566604 0.0621060974252085 0.0582335427889402 3.55661442948022e-05 7.34460749523915e-05
"NA19239.1.G01" 0.834867605613204 0.110116691747665 0.0545564437137714 4.68235793196542e-05 0.000412435346039474
"NA19239.1.G02" 0.822412426685525 0.128970789795855 0.0484610493560171 4.21602018801379e-05 0.000113573960721881
"NA19239.1.G03" 0.847261716121644 0.108208638573757 0.0444568182304727 2.39030864533727e-05 4.89239876724381e-05
"NA19239.1.G04" 0.809739785296103 0.102513633401358 0.0864915959631904 0.000477254520915119 0.000777730818433247
"NA19239.1.G05" 0.677492510133815 0.180124007934861 0.140312716207837 0.000273584408929606 0.001797181314557
"NA19239.1.G06" 0.835631724854712 0.087238062653855 0.0769857099489663 4.12764256878509e-05 0.00010322611677843
"NA19239.1.G07" 0.790179840546504 0.139024341645945 0.0704676341883647 0.000243171779556079 8.50118396304124e-05
"NA19239.1.G08" 0.74752245013709 0.13600742921647 0.116215903818226 9.95927784644408e-05 0.000154624049750425
"NA19239.1.G09" 0.836529048496208 0.0950300104550876 0.0683534510262696 3.24730129158341e-05 5.50170095194051e-05
"NA19239.1.G10" 0.878456612273226 0.0633855631542167 0.058050441894222 4.19374232868959e-05 6.54452550487508e-05
"NA19239.1.G11" 0.874430458647682 0.0883292364709692 0.0370317301183226 6.7844626964263e-05 0.000140730136061529
"NA19239.1.G12" 0.844744884948787 0.102480653541429 0.0525944014398889 7.56283246681852e-05 0.00010443174522761
"NA19239.1.H01" 0.815051535563117 0.136135656626314 0.0481407808164245 3.55564619425795e-05 0.000636470532202426
"NA19239.1.H03" 0.868940741039491 0.0885020490158641 0.0424970072001783 2.47778736393932e-05 3.54248708271446e-05
"NA19239.1.H04" 0.818789154633421 0.134457375598037 0.0466012835052545 7.07631854467246e-05 8.14230778409577e-05
"NA19239.1.H05" 0.827746031026705 0.0892052378710389 0.0828724574318744 7.07350332594333e-05 0.000105538637122303
"NA19239.1.H06" 0.861658443256155 0.0969735168461426 0.0412841478426 3.0446924975855e-05 5.34451301265229e-05
"NA19239.1.H07" 0.877933342899827 0.0849589445086183 0.036843310674205 8.16390534028778e-05 0.000182762863946445
"NA19239.1.H08" 0.803968714614745 0.136300555934839 0.0592314526165344 5.31443980879184e-05 0.000446132435793661
"NA19239.1.H09" 0.793172665219742 0.179653193755301 0.0269338308493031 4.21269863691379e-05 0.000198183189284565
"NA19239.1.H10" 0.894234149236116 0.0671961200564718 0.0385013044951103 2.64880251978194e-05 4.19381871040865e-05
"NA19239.1.H11" 0.92892239763502 0.018417225889774 0.0525785214351603 3.32622945673818e-05 4.85927454784628e-05
"NA19239.1.H12" 0.906986537657836 0.00121065029182183 0.0915263537659275 9.21580811127881e-05 0.00018430020330171
"NA19239.2.A01" 0.781124579718802 0.170129793918476 0.048521657657027 8.52930912644143e-05 0.000138675614430766
"NA19239.2.A02" 0.871452229600021 0.07451699794355 0.053565675540028 0.000220813585943105 0.00024428333045815
"NA19239.2.A04" 0.824454097870155 0.145872035173233 0.0290922277607395 0.000159678799905329 0.000421960395967015
"NA19239.2.A05" 0.830552289741392 0.130132368753887 0.0391408395053243 7.24276853571624e-05 0.000102074314039787
"NA19239.2.A06" 0.844931902377246 0.11676591862706 0.0365657516799423 0.000285102862920646 0.00145132445283063
"NA19239.2.A07" 0.890135765714071 0.0802465899162079 0.0283696657991682 5.45152990144262e-05 0.00119346327153833
"NA19239.2.A08" 0.865728731858718 0.0660077326768386 0.0664959821583431 0.000130009332668904 0.00163754397343091
"NA19239.2.A09" 0.868143091124776 0.104815361016074 0.0247870823720938 6.64754740062152e-05 0.00218799001305019
"NA19239.2.A10" 0.616788207794114 0.222330313945813 0.154540168069384 0.000259509829915678 0.00608180036077318
"NA19239.2.A11" 0.869994632537047 0.0984681340097732 0.0271826033129666 7.8401816731128e-05 0.0042762283234823
"NA19239.2.A12" 0.853565860396517 0.145470864048618 0.000143119501015261 4.02238065475466e-05 0.000779932247302385
"NA19239.2.B01" 0.522569182454523 0.35994546765742 0.117088667490455 0.000114874047174709 0.000281808350427148
"NA19239.2.B02" 0.833553408765057 0.116309974838741 0.0493555730259594 6.96840733610948e-05 0.00071135929688152
"NA19239.2.B03" 0.563863031533783 0.312607988896171 0.123110447042874 0.000119436308310748 0.000299096218860607
"NA19239.2.B04" 0.872521722744255 0.0875933706987378 0.0394630559971403 0.000109303433906545 0.000312547125960432
"NA19239.2.B05" 0.802022112446795 0.128524194505059 0.0663556106715423 0.000107864543048562 0.00299021783355564
"NA19239.2.B06" 0.860187689001847 0.110222686005501 0.0292282401659253 0.000171554821283551 0.000189830005443073
"NA19239.2.B07" 0.874823411798031 0.11919426851301 0.00563092604094499 0.000278225883628105 7.31677643856109e-05
"NA19239.2.B08" 0.779649342052973 0.183805667047219 0.0363835982945246 3.89170598542125e-05 0.000122475545429266
"NA19239.2.B09" 0.887051831018828 0.0700812711843233 0.0422185327677661 7.18723236736145e-05 0.00057649270540936
"NA19239.2.B11" 0.502939349013908 0.365977322526809 0.130787233584733 7.97033782216398e-05 0.000216391496328778
"NA19239.2.B12" 0.85580061086715 0.117567322302573 0.0252672446798196 0.00030805605509931 0.00105676609535753
"NA19239.2.C02" 0.732333986223594 0.205480360983266 0.0599715521438111 0.00015899913041555 0.00205510151891299
"NA19239.2.C03" 0.552341479159182 0.291438387488149 0.15565104228632 0.000143928094577529 0.000425162971771311
"NA19239.2.C04" 0.857429509609014 0.0870114457762727 0.0553704886813601 5.14662862389505e-05 0.000137089647114382
"NA19239.2.C05" 0.721924018042046 0.231439780253055 0.0454274505957863 0.000146534155960369 0.00106221695315237
"NA19239.2.C06" 0.568237815255308 0.3406321248804 0.090053258188557 0.000172510107002508 0.000904291568732302
"NA19239.2.C07" 0.859152926935246 0.0904460726869152 0.0500671596066282 0.000152955411109198 0.000180885360101595
"NA19239.2.C08" 0.534484610450578 0.33425258057876 0.131059895390801 7.28375861344048e-05 0.000130075993727244
"NA19239.2.C09" 0.861157103479321 0.118706470356765 0.0189329778514556 0.000296682755022917 0.000906765557436215
"NA19239.2.C11" 0.860238662649011 0.0846099035803037 0.0550570255202495 3.63968324598382e-05 5.80114179762509e-05
"NA19239.2.C12" 0.790546232711207 0.163201662807437 0.0455269984996322 0.000101198664498731 0.000623907317224256
"NA19239.2.D01" 0.754890657239959 0.209577788311075 0.0352033411456119 7.47736981816572e-05 0.000253439605172705
"NA19239.2.D02" 0.862930942036169 0.100414149624523 0.036474576788857 6.11319314236646e-05 0.000119199619027442
"NA19239.2.D03" 0.765813360531607 0.156714804872057 0.0769839947368661 7.08827438336568e-05 0.000416957115636468
"NA19239.2.D04" 0.893865609988091 0.0752496851849093 0.030267513236172 0.000338009789491912 0.000279181801336313
"NA19239.2.D05" 0.824134180488837 0.122232887638552 0.051960491650617 0.000161048694045371 0.00151139152794855
"NA19239.2.D06" 0.829421828036822 0.118272153771873 0.0522190623155873 3.08469110582857e-05 5.6108964660001e-05
"NA19239.2.D07" 0.486326804518183 0.393725817959763 0.117794851987951 0.000142830856130973 0.00200969467797268
"NA19239.2.D08" 0.676238966714089 0.233054754254135 0.0809372460821146 6.22804695724394e-05 0.00970675248008844
"NA19239.2.D09" 0.506839179572434 0.333430410476268 0.15757802293003 0.000155705490990747 0.001996681530278
"NA19239.2.D11" 0.866798960730856 0.105460212720903 0.0276616791938918 2.94628711318018e-05 4.96844832172292e-05
"NA19239.2.D12" 0.435760849550986 0.490711628245521 0.0732310680573341 6.54387027758087e-05 0.000231015443382879
"NA19239.2.E01" 0.80713930062879 0.154507542922524 0.0382621275790012 3.06513190845974e-05 6.03775506005066e-05
"NA19239.2.E02" 0.871456901992367 0.108119182899846 0.0199528354569257 4.4588567309136e-05 0.00042649108355234
"NA19239.2.E04" 0.854040199444027 0.113433194315189 0.0318328552583252 0.000156233348671892 0.000537517633787579
"NA19239.2.E05" 0.854293569610484 0.102223482592663 0.0426025320048395 6.4757307004491e-05 0.000815658485009221
"NA19239.2.E06" 0.877272520923437 0.0972873042386423 0.025178933211618 8.50547233683896e-05 0.000176186902934598
"NA19239.2.E07" 0.826023707507303 0.136407828052103 0.036652447776119 0.00019420716542228 0.000721809499052883
"NA19239.2.E08" 0.83622259635583 0.135217368008333 0.0276902802229897 0.000331593768681359 0.00053816164416592
"NA19239.2.E09" 0.489531259068877 0.392797133127055 0.117483672355822 7.86388489734005e-05 0.000109296599272743
"NA19239.2.E11" 0.815019155146248 0.125580454260827 0.0591085364387914 6.78345466019139e-05 0.000224019607531767
"NA19239.2.E12" 0.76675670884194 0.19186529278067 0.041291720134045 2.78612172614356e-05 5.84170260837779e-05
"NA19239.2.F01" 0.825820033779856 0.141061371508274 0.0328689821898356 3.89767780927505e-05 0.000210635743941916
"NA19239.2.F02" 0.772599338642264 0.19038762384528 0.0369325139001747 2.95961342731028e-05 5.09274780083962e-05
"NA19239.2.F03" 0.75499931515636 0.200096126520107 0.0442450219893614 0.000188496500057586 0.000471039834114402
"NA19239.2.F04" 0.490519666247789 0.379199723629846 0.130025663746926 5.44470837571095e-05 0.000200499291682081
"NA19239.2.F05" 0.794010758521966 0.142735211867192 0.0629065424334571 0.000111732863829645 0.000235754313555376
"NA19239.2.F06" 0.526626719397539 0.354829862056421 0.11836526818726 5.87705492570686e-05 0.000119379809523159
"NA19239.2.F07" 0.541648659578862 0.318088686974184 0.140037995599209 6.99416964613758e-05 0.000154716151283568
"NA19239.2.F08" 0.854135511568948 0.117040127809545 0.0276744613760044 0.000496715173154988 0.000653184072347823
"NA19239.2.F09" 0.745112747680022 0.190286394537083 0.0627564468801839 0.000235716887083227 0.00160869401562732
"NA19239.2.F10" 0.837225494374518 0.105404864121026 0.0571841273222409 8.06116482161411e-05 0.000104902533998306
"NA19239.2.F11" 0.844939302308284 0.102994130246898 0.0518608373122132 7.7196990466901e-05 0.000128533142138408
"NA19239.2.F12" 0.567086181525784 0.311305023587118 0.121085547945209 0.000154603890643128 0.00036864305124605
"NA19239.2.G01" 0.835782961347098 0.115496103623275 0.0486202753350524 3.26436097489093e-05 6.80160848254196e-05
"NA19239.2.G02" 0.815396844459938 0.132050972742843 0.0498156683032321 0.000118595561418247 0.00261791893256877
"NA19239.2.G03" 0.561279707757224 0.305771212418257 0.131089102621242 0.000226973097463396 0.00163300410581409
"NA19239.2.G04" 0.845458030096107 0.106800089454137 0.0469997125786246 6.68625743677634e-05 0.000675305296763896
"NA19239.2.G05" 0.862135825204027 0.0937223515251089 0.0435409975321744 7.69817680585727e-05 0.000523843970631499
"NA19239.2.G06" 0.8095462900034 0.137646633080409 0.0524767504289552 0.000182667506088108 0.000147658981148437
"NA19239.2.G07" 0.808531876744503 0.160159427803311 0.0310855620498946 7.80582387276209e-05 0.00014507516356383
"NA19239.2.G08" 0.643784088205792 0.233389879521076 0.121504821044175 0.000429371719713758 0.000891839509242514
"NA19239.2.G09" 0.907848802522973 0.075682221332736 0.0163443240770538 4.32845747008407e-05 8.13674925367026e-05
"NA19239.2.G10" 0.889544425666661 0.0848835616052128 0.0255071419521482 2.52228443475304e-05 3.96479316306332e-05
"NA19239.2.G11" 0.91687423948068 0.0353069445931881 0.0476886409352805 4.81685205487718e-05 8.20064703024139e-05
"NA19239.2.G12" 0.863985409160516 0.0876791706164931 0.0480696192234419 0.000114610409632992 0.000151190589916447
"NA19239.2.H01" 0.850101864239682 0.115656288001339 0.0340054957240289 5.59014337608673e-05 0.00018045060118911
"NA19239.2.H02" 0.551910449743684 0.313687341141037 0.133919482478474 0.000183520333484944 0.000299206303319925
"NA19239.2.H03" 0.512781554424849 0.369335425940954 0.116156467427832 0.000120886374198591 0.00160566583216677
"NA19239.2.H04" 0.841043618201979 0.107376600674113 0.0497089806554887 8.38629094594739e-05 0.00178693755896056
"NA19239.2.H05" 0.692492069123084 0.262235246180456 0.0445391723146463 9.91943295423333e-05 0.000634318052271339
"NA19239.2.H06" 0.796893176030242 0.137733953623969 0.0647858779600194 0.000121862937663711 0.000465129448106747
"NA19239.2.H07" 0.56058162902645 0.286587318515922 0.151539644828562 0.000243110546427839 0.00104829708263816
"NA19239.2.H08" 0.855504978961223 0.118654935070463 0.025013289857911 0.000347306682643944 0.000479489427759687
"NA19239.2.H09" 0.804517453209487 0.153884021564652 0.0414863942959355 3.71533583435889e-05 7.497757158173e-05
"NA19239.2.H10" 0.89583144615563 0.0577122050311739 0.0460253585337001 6.09614392520322e-05 0.000370028840243966
"NA19239.2.H11" 0.823131988702019 0.0944585878059394 0.0775654905835011 8.31073995585412e-05 0.00476082550898193
"NA19239.2.H12" 0.856116609016422 0.0957075960399049 0.0480003498938937 7.09525295476345e-05 0.000104492520231467
"NA19239.3.A02" 0.893521288935802 0.0732305647850671 0.0328929510722441 0.000160690283162312 0.000194504923724339
"NA19239.3.A03" 0.902439378875986 0.0678223436542609 0.0293123130860507 0.000314587010284118 0.000111377373417862
"NA19239.3.A04" 0.898883624914983 0.0669629856400703 0.0336161358655449 0.000234288833209183 0.000302964746192563
"NA19239.3.A05" 0.902139919611607 0.0601787573002776 0.0376037291126287 3.0415690066779e-05 4.71782854196943e-05
"NA19239.3.A06" 0.893737718062574 0.0642653065356151 0.0418777048563627 4.12458420632702e-05 7.80247033847061e-05
"NA19239.3.A07" 0.931176829580039 0.0488144346581026 0.0198531936346166 5.24429184159056e-05 0.000103099208826019
"NA19239.3.A08" 0.753542831957917 0.179849875223451 0.0661286222455737 7.50772760120072e-05 0.000403593297045774
"NA19239.3.A09" 0.909918232439989 0.0643939993258521 0.0255295146790045 5.3791414769121e-05 0.000104462140385355
"NA19239.3.A10" 0.82867908406686 0.130420341659879 0.0395393029957861 0.000724779189040462 0.000636492088433766
"NA19239.3.A11" 0.763781099782371 0.188868157675352 0.0472420191885221 3.95284236308167e-05 6.91949301246291e-05
"NA19239.3.A12" 0.912341080499959 0.0675008201808157 0.0200680547581498 4.1962824263271e-05 4.80817368124474e-05
"NA19239.3.B01" 0.832569548561834 0.120516821087442 0.046384022155229 0.000309745235628819 0.000219862959865496
"NA19239.3.B02" 0.845355641699177 0.108556587350257 0.0459797233388514 3.74911426765768e-05 7.05564690372645e-05
"NA19239.3.B03" 0.934156610329544 0.0241299619610942 0.0409106886169237 0.000297696225984768 0.000505042866453139
"NA19239.3.B04" 0.871364710840053 0.101773046871896 0.026138905668775 0.00061554468140029 0.000107791937876607
"NA19239.3.B05" 0.869381557636368 0.0905814594987933 0.0397701833840767 0.000129097169056766 0.00013770231170487
"NA19239.3.B06" 0.88485922682292 0.0701743978741488 0.044210664653885 0.000670231567633568 8.54790814127151e-05
"NA19239.3.B07" 0.866298014088362 0.0853263531539173 0.0481060505506735 7.51897432075468e-05 0.000194392463839505
"NA19239.3.B10" 0.886433102420888 0.0922438495393849 0.0209377989437424 0.000118970643064573 0.00026627845292038
"NA19239.3.B11" 0.885851406873283 0.0896734923540448 0.0234782753304557 5.1795616673177e-05 0.000945029825543237
"NA19239.3.B12" 0.880755634262888 0.0829475959851048 0.0360165809176153 0.000203520550019719 7.66682843716606e-05
"NA19239.3.C01" 0.981678136564471 1.61973155991655e-05 0.0177076696937669 6.44765097600104e-05 0.00053351991640252
"NA19239.3.C02" 0.845471071122345 0.114765782145163 0.0396261649343221 6.00618947270531e-05 7.6919903442853e-05
"NA19239.3.C03" 0.905772346930639 0.056784941626372 0.0373555755650091 3.32693861486909e-05 5.38664918313399e-05
"NA19239.3.C06" 0.873658846944939 0.0664868596723659 0.0597758323104067 2.86820534901851e-05 4.9779018798312e-05
"NA19239.3.C07" 0.536040737429544 0.264569400623955 0.199067513374769 0.000117301415226559 0.000205047156504921
"NA19239.3.C08" 0.881751982721695 0.0860708776635036 0.0310497293887882 0.000365711117288395 0.000761699108724994
"NA19239.3.C09" 0.93271584696483 0.0323420323297523 0.0347417897552978 8.61737697444687e-05 0.000114157180375478
"NA19239.3.C10" 0.875677283726988 0.0961004189792294 0.0280021501301137 8.95822370086568e-05 0.000130564926660064
"NA19239.3.C11" 0.911463868632637 0.0713063672815141 0.016647969640338 4.34901510976284e-05 0.00053830429441363
"NA19239.3.C12" 0.904662953296167 0.0512167223440027 0.043972867999121 5.29534403461794e-05 9.45029203635022e-05
"NA19239.3.D01" 0.878062434372141 0.0655733466636736 0.0561924772093855 7.19962893629965e-05 9.97454654368189e-05
"NA19239.3.D02" 0.921405996019901 0.0540810523077731 0.0239382433685953 0.000458865001751384 0.000115843301978841
"NA19239.3.D03" 0.887184608338768 0.0767895454736485 0.0341940457569407 0.000193260341932748 0.00163854008870994
"NA19239.3.D04" 0.84699543971438 0.0920552701296775 0.0549768775207116 9.03985661341448e-05 0.00588201406909645
"NA19239.3.D05" 0.906010586026711 0.0527612284889104 0.0411246464907672 4.26317065325183e-05 6.09072870793048e-05
"NA19239.3.D06" 0.904831539724027 0.0794403215361381 0.0156065088433795 3.77519710010529e-05 8.38779254544967e-05
"NA19239.3.D07" 0.847110526023893 0.0969856437606292 0.0515514411722149 0.000211113337863872 0.00414127570539897
"NA19239.3.D08" 0.85878090027258 0.102426779095105 0.0375533116593448 7.55044442683144e-05 0.00116350452870151
"NA19239.3.D09" 0.874505640644322 0.0794006405075532 0.045848915301844 9.32845958755505e-05 0.000151518950405387
"NA19239.3.D10" 0.912705315907687 0.0648677154683017 0.0222513478626751 7.87050889905294e-05 9.69156723452519e-05
"NA19239.3.D12" 0.869155537182165 0.0973676298398874 0.0330563776657187 0.000269073300770409 0.000151382011458023
"NA19239.3.E01" 0.683755034269259 0.182282428018028 0.133717458729333 7.60987430702238e-05 0.000168980240308864
"NA19239.3.E02" 0.865420322928826 0.0855169406697236 0.0487537390635804 0.00017403111552866 0.000134966222340877
"NA19239.3.E05" 0.916060713567376 0.0650625813865955 0.0187393239270862 4.1897936637339e-05 9.54831823054044e-05
"NA19239.3.E06" 0.88955268927752 0.08424730013849 0.0261201316554949 3.17638493409965e-05 4.81150791543754e-05
"NA19239.3.E07" 0.904736839359754 0.0768245640761256 0.0183618424482899 2.78214111143096e-05 4.89327047164268e-05
"NA19239.3.E08" 0.903027476617994 0.0726063606812254 0.0242903874279814 3.07737191776207e-05 4.50015536210756e-05
"NA19239.3.E09" 0.870220524728295 0.0899318152142683 0.039414106236728 0.000163057776574964 0.000270496044133319
"NA19239.3.E10" 0.906766175924124 0.0610659166618488 0.0317890620189857 0.000209675720164352 0.000169169674877215
"NA19239.3.E11" 0.925068707156226 0.0525106264294941 0.0196929205720953 0.000195194560003969 0.00253255128218045
"NA19239.3.E12" 0.605440072140333 0.208219872130241 0.186054078875652 0.00010014900383608 0.000185827849937471
"NA19239.3.F01" 0.905186977875439 0.0694490257223463 0.0249371671026499 5.65579452961735e-05 0.000370271354268616
"NA19239.3.F02" 0.835736545840773 0.112561715926133 0.0497341330277485 6.74888188460799e-05 0.00190011638649975
"NA19239.3.F03" 0.904141341190046 0.0697471072364705 0.0257827575797564 0.000223883226327062 0.000104910767400454
"NA19239.3.F04" 0.829393384315525 0.125419841246663 0.0438584764559948 9.44937938016996e-05 0.00123380418801564
"NA19239.3.F05" 0.921052569081297 0.05311941128579 0.0254555675559419 0.000237745102747485 0.000134706974223437
"NA19239.3.F06" 0.872230912712053 0.0853539936626184 0.042310685547452 3.89019720315849e-05 6.55061058447196e-05
"NA19239.3.F07" 0.921838986186877 0.0636501340714756 0.0135679443595237 0.000103268056744801 0.000839667325379077
"NA19239.3.F08" 0.901766832621833 0.0681878774223937 0.02980288186673 7.26252192979275e-05 0.000169782869745597
"NA19239.3.F09" 0.932997824799239 0.0511016857525672 0.0153029840301762 0.000164649689315282 0.000432855728702235
"NA19239.3.F10" 0.839335872259013 0.122332423552262 0.0381543712278212 5.77271228599421e-05 0.000119605838044034
"NA19239.3.F11" 0.91035334533566 0.0592649676130271 0.0302707443572916 3.87606716725557e-05 7.2182022348707e-05
"NA19239.3.F12" 0.925119611217102 0.0477073682383914 0.0266215231280638 3.44128845726139e-05 0.000517084531869823
"NA19239.3.G01" 0.869077852986524 0.0775918162787416 0.0479024149819454 0.000542640812462303 0.00488527494032693
"NA19239.3.G02" 0.916682548116706 0.0622466089818131 0.0209501640970496 5.37191480870386e-05 6.69596563446632e-05
"NA19239.3.G03" 0.880918519396843 0.0763369690968382 0.0424111289101471 0.000186179755540985 0.000147202840630329
"NA19239.3.G05" 0.899278253940017 0.0664463884509309 0.0332728504800284 7.94472245772076e-05 0.000923059904446077
"NA19239.3.G06" 0.906653151159202 0.0701163260734462 0.021932846126648 0.000166536642192542 0.001131139998511
"NA19239.3.G07" 0.918962621303414 0.0625862337948326 0.0182827788470981 5.91422605991565e-05 0.000109223794055626
"NA19239.3.G08" 0.901427747762019 0.0717499976066927 0.026497696127314 0.000233734973888808 9.08235300855469e-05
"NA19239.3.G09" 0.953440963386967 0.0329376101686356 0.0126289308849152 0.000252611504049231 0.000739884055433173
"NA19239.3.G11" 0.920577871920022 0.0629549987148445 0.0160546850889162 0.00028087612491133 0.000131568151306221
"NA19239.3.G12" 0.863394406754531 0.0869747412895968 0.0432521131378248 6.34323913226416e-05 0.00631530642672468
"NA19239.3.H01" 0.89377673237877 0.0554190506141874 0.0492549975579819 0.000571067830933098 0.000978151618128132
"NA19239.3.H03" 0.901744014227298 0.0698827655539425 0.02814883527781 7.0522666678301e-05 0.000153862274270675
"NA19239.3.H04" 0.913596285500574 0.0505775031888661 0.0356132829638413 0.000144060704101825 6.88676426165393e-05
"NA19239.3.H05" 0.891646792555003 0.074723215163798 0.0332574718266198 0.000200481561363207 0.00017203889321592
"NA19239.3.H06" 0.903017827185951 0.0667893661761608 0.0296723736815468 0.000379278987297351 0.000141153969043872
"NA19239.3.H07" 0.912535836767593 0.0644771903270301 0.0214247880679653 0.00136988435742674 0.000192300479984649
"NA19239.3.H08" 0.842636373455309 0.102781953743315 0.0540197043350739 0.000420598008361722 0.000141370457941319
"NA19239.3.H09" 0.933248720030857 0.0217477789580694 0.044069023329271 7.23759599314713e-05 0.000862101721870974
"NA19239.3.H11" 0.875713002467972 0.0616054238453487 0.062190226478889 7.63876126010149e-05 0.000414959595189214
"NA19239.3.H12" 0.923137073682131 0.0552215881950532 0.0215764517037427 2.67342561164557e-05 3.81521629569598e-05
"NA19101.1.A01" 0.465823596767227 0.33068852398532 0.20027937765774 0.000289431565277933 0.00291907002443561
"NA19101.1.A02" 0.803882613506041 0.154307055888307 0.0411776492586291 0.000170717062899443 0.000461964284123884
"NA19101.1.A03" 0.869379042811876 0.101602379175129 0.027739593627606 0.000146011115381416 0.00113297327000773
"NA19101.1.A04" 0.790516815176424 0.14977896231329 0.0595581079270061 5.23337273092666e-05 9.37808559703209e-05
"NA19101.1.A05" 0.853274020794717 0.105874481544051 0.0395325649340608 0.000474428529881015 0.000844504197289806
"NA19101.1.A06" 0.886467882727178 0.063494868816892 0.0498307183965575 6.54901268401129e-05 0.000141039932532044
"NA19101.1.A07" 0.891243195741867 0.0835760899766045 0.0249029410190728 5.3732963150191e-05 0.000224040299304943
"NA19101.1.A08" 0.733196627454795 0.208655945096777 0.0580027219562647 4.74147753208699e-05 9.72907168428161e-05
"NA19101.1.A09" 0.906564922928495 0.0630066838520513 0.0297907201400514 0.000422110841119601 0.000215562238282755
"NA19101.1.A10" 0.863676375670014 0.0930413503676855 0.0393486651285865 0.000160229386884067 0.0037733794468299
"NA19101.1.A11" 0.730315026984805 0.199656271401361 0.0681826592479 0.00136180311616057 0.000484239249773547
"NA19101.1.A12" 0.426473813744244 0.42317030348902 0.149722481965888 0.000120944125598276 0.000512456675249231
"NA19101.1.B01" 0.418455855889313 0.438433027253179 0.142403952404388 0.00017701263924716 0.000530151813872297
"NA19101.1.B02" 0.86366007737024 0.0780155297331099 0.0575122357452847 0.000129989103066945 0.000682168048298412
"NA19101.1.B03" 0.89863186356657 0.0630454236359698 0.0378080579085948 5.62952505583146e-05 0.000458359638306876
"NA19101.1.B04" 0.868832746315103 0.107841961492954 0.0232282125313626 3.61771535297259e-05 6.09025070501403e-05
"NA19101.1.B05" 0.822972598830703 0.124177493951418 0.0523112823715441 4.56125848356969e-05 0.000493012261499154
"NA19101.1.B06" 0.393991704917941 0.454899503141237 0.150818796062634 9.61249632003901e-05 0.000193870914987019
"NA19101.1.B07" 0.832775226371641 0.120524296981966 0.0459721857777191 0.000228765983377588 0.000499524885296132
"NA19101.1.B08" 0.826566210417837 0.114113763542342 0.0559974686893361 0.000211185046861354 0.00311137230362335
"NA19101.1.B09" 0.87915943718978 0.100389553689583 0.0202420905419664 8.70217273068782e-05 0.000121896851363811
"NA19101.1.B10" 0.905286891481946 0.0908438799668431 0.00345426609149376 0.000332596005085806 8.23664546318081e-05
"NA19101.1.B11" 0.858263021394906 0.10076283172453 0.0407733931326424 0.000159450541726834 4.13032061951691e-05
"NA19101.1.B12" 0.849941866227458 0.0988256644312718 0.0484451548155049 0.000575484103251672 0.0022118304225138
"NA19101.1.C01" 0.790831028212478 0.147290916542286 0.0614483279028029 9.21430125520808e-05 0.000337584329881198
"NA19101.1.C02" 0.775488455797848 0.16488535501284 0.0583561230210417 0.000478273915646583 0.000791792252623729
"NA19101.1.C03" 0.876236068894907 0.0937051081294342 0.0291652134991454 0.000651536407005021 0.000242073069508808
"NA19101.1.C04" 0.797326073123789 0.142828575429642 0.0584039718504985 0.000913858227901011 0.000527521368169398
"NA19101.1.C05" 0.762693566267177 0.185650406678824 0.0515193173860191 6.37379731993616e-05 7.29716947803266e-05
"NA19101.1.C06" 0.886383424118118 0.0916832800145152 0.0213041802100916 0.000437638048953713 0.000191477608321602
"NA19101.1.C07" 0.810164854330813 0.15235317027115 0.0372583164884229 0.000111455755092638 0.000112203154521252
"NA19101.1.C08" 0.810463913093402 0.15353851660214 0.0329685257436073 0.000632689581405747 0.00239635497944416
"NA19101.1.C09" 0.837193958191301 0.120294104692235 0.0423187796682801 9.92979693052148e-05 9.3859478878921e-05
"NA19101.1.C10" 0.858471138537879 0.101027530689857 0.0385385908195984 0.000461130222121596 0.00150160973054398
"NA19101.1.C11" 0.808145975918232 0.140495840808631 0.0493274118399433 7.14566961675319e-05 0.0019593147370265
"NA19101.1.C12" 0.848858889227731 0.0951006186720137 0.05430394569826 0.000399412037461069 0.00133713436453373
"NA19101.1.D01" 0.666344125209217 0.274141902975226 0.0590762718696452 8.50301582552872e-05 0.000352669787655942
"NA19101.1.D02" 0.817617367852279 0.138015184586253 0.0427920334169113 0.000105126181233796 0.00147028796332268
"NA19101.1.D03" 0.857209529255028 0.113626249576613 0.0288210936646787 0.00021391083787195 0.000129216665807679
"NA19101.1.D04" 0.827323163855566 0.0973350655337196 0.074285517557743 0.000873804775676221 0.000182448277295628
"NA19101.1.D05" 0.863456808256553 0.0929536007207862 0.0431414807227394 8.17963520236049e-05 0.000366313947897791
"NA19101.1.D06" 0.724030157515109 0.236167860952982 0.0391859301109854 0.000175211653196083 0.000440839767727227
"NA19101.1.D07" 0.793132251874284 0.178826697281582 0.0274882871993578 4.46626539093744e-05 0.000508100990867414
"NA19101.1.D08" 0.860441220508887 0.118392377564397 0.0204937534931614 9.67081130207592e-05 0.000575940320534161
"NA19101.1.D09" 0.878271392093688 0.102768475328161 0.0185766939512431 0.000103855589407377 0.000279583037501011
"NA19101.1.D10" 0.807706800860693 0.152972709553425 0.0386923948440926 0.000273667894778219 0.00035442684701047
"NA19101.1.D11" 0.882164453806687 0.0994446247609724 0.0179336607554229 0.000181484621769203 0.000275776055148881
"NA19101.1.D12" 0.860817755224513 0.0957206492629456 0.0432922882235971 6.42850265709391e-05 0.000105022262373233
"NA19101.1.E01" 0.818094038473658 0.140031397738466 0.0393776182366369 0.000353696471589539 0.00214324907965036
"NA19101.1.E02" 0.821382560731569 0.122091525440929 0.0555090499142344 0.000163328108829922 0.000853535804436982
"NA19101.1.E03" 0.832517813637718 0.122386040709098 0.0447635832038632 0.000164369392903803 0.000168193056416767
"NA19101.1.E04" 0.867463679298122 0.106403106027924 0.0257269707546605 0.000123619676423048 0.000282624242870675
"NA19101.1.E05" 0.61689679836485 0.306425230040237 0.0731016478415163 0.000963750414126939 0.00261257333927061
"NA19101.1.E06" 0.745984649193065 0.164766264429881 0.0887142580271797 9.23457250689685e-05 0.000442482624805238
"NA19101.1.E07" 0.900869399176289 0.0702744333135248 0.0283817909781619 0.000150003040847002 0.000324373491176819
"NA19101.1.E08" 0.841723630603003 0.0999478416177162 0.0580062324315927 8.30759372879656e-05 0.000239219410400514
"NA19101.1.E09" 0.522641481695672 0.300541838319485 0.176065589639356 0.000176237330590409 0.000574853014897693
"NA19101.1.E10" 0.864475891724276 0.077619075440649 0.0575023571019324 8.54657729438438e-05 0.000317209960198764
"NA19101.1.E11" 0.486503451677945 0.332723768649478 0.180423824850161 0.000134806620932808 0.000214148201483227
"NA19101.1.E12" 0.845690032182651 0.117361534703095 0.0341689159100875 0.00212093690939955 0.000658580294767453
"NA19101.1.F01" 0.827808153978413 0.118175007975941 0.0535000325356579 0.000315963077472165 0.00020084243251598
"NA19101.1.F02" 0.892431220601751 0.0898241676793728 0.0167501439870703 0.000370277730160823 0.000624190001645492
"NA19101.1.F03" 0.878329129610969 0.097904073759076 0.0218788685314767 7.90389033438294e-05 0.00180888919513414
"NA19101.1.F04" 0.766765418216021 0.187398256315049 0.0449127400483234 0.00049060304462101 0.00043298237598558
"NA19101.1.F07" 0.870273824691128 0.103398729779612 0.0262094898623666 5.13654239884453e-05 6.65902429046582e-05
"NA19101.1.F08" 0.869799577199878 0.107254497208982 0.0227690281684041 3.85681494780812e-05 0.000138329273257933
"NA19101.1.F09" 0.870712416398773 0.10115003398104 0.0277982258143543 0.000176342475422128 0.000162981330410911
"NA19101.1.F10" 0.492183872182187 0.318637419820268 0.18803864262313 0.000225002706583608 0.000915062667831518
"NA19101.1.F11" 0.828068666379936 0.115714136103085 0.0558336935404515 0.000226355814156138 0.000157148162371307
"NA19101.1.F12" 0.797134818828062 0.154594627942379 0.0480889727393486 7.12685567630054e-05 0.000110311933447661
"NA19101.1.G01" 0.471318377407978 0.395674774351738 0.132749750432348 8.51858286710173e-05 0.000171911979265023
"NA19101.1.G02" 0.775121725533138 0.172190965666282 0.0521040128330871 6.70356895128873e-05 0.00051626027797998
"NA19101.1.G03" 0.806860407920849 0.147742074865021 0.0440593581209732 0.000208923356776857 0.0011292357363802
"NA19101.1.G04" 0.851291072273649 0.0941565692746311 0.0529275426953181 0.00126056802868918 0.000364247727712549
"NA19101.1.G05" 0.788764999287441 0.155427272896181 0.0554651187618266 0.000144981613866921 0.000197627440684174
"NA19101.1.G06" 0.566567609221148 0.283597065689593 0.149409432761332 0.000127009530087408 0.000298882797840268
"NA19101.1.G07" 0.861535695142907 0.092147474157153 0.0457026310877734 0.000226611525327917 0.00038758808683907
"NA19101.1.G08" 0.781756242380139 0.178107751103421 0.0400396286198483 3.52658959855147e-05 6.11120006060328e-05
"NA19101.1.G09" 0.828214832006768 0.131056697768225 0.0401938181965375 0.000404139575919274 0.000130512452550066
"NA19101.1.G10" 0.842122501105362 0.109465829034453 0.0482481199364615 4.94733155789996e-05 0.000114076608144428
"NA19101.1.G11" 0.877354975066505 0.0931707259489317 0.0288945950879482 5.29137104489623e-05 0.000526790186166107
"NA19101.1.G12" 0.882023348309749 0.0943340937010201 0.0232475893065334 0.000253290098346004 0.000141678584351183
"NA19101.1.H01" 0.853042695258662 0.114529018711584 0.031254944326353 0.000941066331548622 0.000232275371853157
"NA19101.1.H02" 0.820200457802304 0.135997976184615 0.0427531044350571 0.000176525620333986 0.000871935957689747
"NA19101.1.H03" 0.832739347584115 0.117398017649293 0.04878733802921 0.000776968542747285 0.000298328194634263
"NA19101.1.H04" 0.510138212928648 0.355871538177956 0.133677400493764 9.60854811104353e-05 0.000216762918522347
"NA19101.1.H05" 0.85627374180528 0.100372182819355 0.0428564223301282 0.000329615945497184 0.000168037099739273
"NA19101.1.H06" 0.877605553831973 0.0944301128700189 0.0268089298770627 0.000149654962119677 0.00100574845882529
"NA19101.1.H08" 0.839401173923952 0.107563644902674 0.0522668729532371 0.000358206391451932 0.000410101828685608
"NA19101.1.H09" 0.489453166044294 0.303420937727262 0.205183788401909 0.000214905373511161 0.00172720245302395
"NA19101.1.H10" 0.874731014405131 0.0842928693557638 0.0409288537993223 1.88690135409895e-05 2.83934262423094e-05
"NA19101.1.H12" 0.876359868090862 0.0634140067278028 0.0601108627122255 4.85726165655533e-05 6.66898525439083e-05
"NA19101.2.A01" 0.715022320810568 0.200095590851475 0.0838128839117651 0.000838905048125355 0.000230299378066244
"NA19101.2.A02" 0.765518837782846 0.158583262072316 0.0756375379733535 9.32912310762776e-05 0.000167070940408543
"NA19101.2.A03" 0.431765456862404 0.37530384728546 0.192768777593468 7.13161617217172e-05 9.0602096946888e-05
"NA19101.2.A04" 0.531661296691246 0.29984722168597 0.166591072129757 0.000391945704685721 0.0015084637883418
"NA19101.2.A06" 0.76041015127767 0.147023875970019 0.0924284307144091 6.82520042438895e-05 6.92900336576214e-05
"NA19101.2.A07" 0.515717771932413 0.317829731361877 0.166206147444562 0.000108255871561254 0.000138093389587543
"NA19101.2.A08" 0.783948205432121 0.145512731480797 0.070191351417708 0.000242862350642623 0.00010484931873192
"NA19101.2.A09" 0.800727302794271 0.141749245041781 0.0570006189558756 0.000431353309408794 9.14798986641619e-05
"NA19101.2.A10" 0.79674616897425 0.111498642436706 0.0915225524788086 6.61557091717158e-05 0.0001664804010637
"NA19101.2.A11" 0.517750353607648 0.311037851599709 0.170549480207177 0.000452989445914626 0.000209325139551655
"NA19101.2.A12" 0.432392937818542 0.336934313693721 0.229750305812605 0.000201440183097358 0.000721002492035862
"NA19101.2.B01" 0.584761982276718 0.225865943695813 0.188947588978536 0.000185892959600292 0.000238592089332119
"NA19101.2.B02" 0.772240675576552 0.183228971873707 0.0443511089069771 5.89999418608236e-05 0.000120243700903755
"NA19101.2.B03" 0.733680010778974 0.202911580136888 0.0629940354775226 0.000314814415810797 9.95591908044683e-05
"NA19101.2.B04" 0.438811086991716 0.414162578505942 0.14455743731924 0.00200259538445398 0.000466301798648292
"NA19101.2.B05" 0.52583358074481 0.3154953239867 0.158316129847094 0.000198214755913994 0.000156750665482809
"NA19101.2.B06" 0.724127973993589 0.213320036961835 0.0624734521339144 3.15979246601579e-05 4.69389860012776e-05
"NA19101.2.B08" 0.707875461495168 0.180947369174081 0.110733777663679 6.74383669596472e-05 0.000375953300113062
"NA19101.2.B09" 0.751333938779751 0.186134074575636 0.0623669669499912 9.87978640593114e-05 6.62218305623849e-05
"NA19101.2.B10" 0.712882515200028 0.205017600428085 0.0814450550780581 0.000151163721658005 0.000503665572171076
"NA19101.2.B12" 0.784954694387881 0.157740603624426 0.0562544154545956 0.000771337474454275 0.000278949058642452
"NA19101.2.C01" 0.533018646312745 0.347933926912201 0.11862054477346 0.000235885766769513 0.000190996234824275
"NA19101.2.C03" 0.682195054270127 0.217601599430342 0.100059699756094 7.08238063160887e-05 7.28227371213527e-05
"NA19101.2.C04" 0.782350690421387 0.113704142068925 0.103290804573781 0.000407052900018874 0.000247310035888662
"NA19101.2.C05" 0.674331534462432 0.241646789913662 0.0835952148048438 0.000107622357196277 0.000318838461865055
"NA19101.2.C06" 0.785020148259697 0.159577828746814 0.0552453066371672 9.54150871754492e-05 6.13012691465119e-05
"NA19101.2.C07" 0.837480992149554 0.107809751702518 0.0544504884249921 0.000123949605822571 0.000134818117114157
"NA19101.2.C08" 0.74653793188881 0.179814048140704 0.0731392098980374 0.000281154255920897 0.000227655816527243
"NA19101.2.C09" 0.451578682275738 0.432004619004992 0.116246040694662 5.55356260263913e-05 0.000115122398581783
"NA19101.2.C10" 0.462900726727606 0.307615448879495 0.227668247791631 0.00122978590702963 0.000585790694238245
"NA19101.2.C11" 0.785931859423504 0.142770874736337 0.0705684631073561 5.53132639744791e-05 0.000673489468828412
"NA19101.2.C12" 0.45567131613159 0.380488868224615 0.163052665364965 0.000363220676166022 0.000423929602663282
"NA19101.2.D01" 0.766542122400859 0.12681131871659 0.105966445611074 0.00027133529324652 0.000408777978230822
"NA19101.2.D02" 0.698397825771484 0.200273692273236 0.100677713010345 0.000507836814856516 0.000142932130079633
"NA19101.2.D03" 0.810448901943999 0.0993606760814351 0.0900362825358841 5.96206059136381e-05 9.45188327684081e-05
"NA19101.2.D04" 0.759463907536664 0.139905516955737 0.100248388537348 9.16378601571426e-05 0.000290549110093522
"NA19101.2.D05" 0.507673864158504 0.356515704958351 0.135668381658122 6.15416806073873e-05 8.0507544416462e-05
"NA19101.2.D06" 0.698133159717771 0.224894390014516 0.0768753527174613 4.33494697629468e-05 5.37480804893264e-05
"NA19101.2.D07" 0.679640486590428 0.307962970498518 0.0118081026556505 0.000502000538697633 8.64397167064645e-05
"NA19101.2.D08" 0.813661535829 0.154205523862458 0.0311802381714335 0.000842476180154578 0.000110225956953825
"NA19101.2.D09" 0.588454176794763 0.299518295866273 0.111080856982982 0.000223428175248871 0.000723242180733801
"NA19101.2.D10" 0.626069259777492 0.302760465766622 0.0701185924719469 0.000102287601083789 0.000949394382854649
"NA19101.2.D11" 0.78238510808516 0.122654118495635 0.0948686169875293 3.95748888251472e-05 5.25815428499676e-05
"NA19101.2.D12" 0.475610458104939 0.391183914441875 0.133092833199366 4.61522014919738e-05 6.66420523273244e-05
"NA19101.2.E01" 0.703711948987284 0.215019373654422 0.0811516412182271 5.38550882391655e-05 6.31810518277689e-05
"NA19101.2.E02" 0.775532001673168 0.155466585004693 0.0683555925558041 0.000511522619569563 0.000134298146764685
"NA19101.2.E03" 0.541844009257913 0.305151453844708 0.151683226010221 9.76534172138477e-05 0.00122365746994463
"NA19101.2.E04" 0.708978711899846 0.239218744392613 0.05164981572301 7.40718895470969e-05 7.86560949838794e-05
"NA19101.2.E05" 0.420261499762037 0.350169770269608 0.229393393519339 6.49440543318961e-05 0.000110392394684265
"NA19101.2.E06" 0.630196083072289 0.295244265927546 0.073896086604277 0.000110049859146388 0.000553514536741625
"NA19101.2.E07" 0.705631606120326 0.226699215449666 0.0675141122940653 6.65359881348665e-05 8.85301478079394e-05
"NA19101.2.E09" 0.695594108907304 0.225271912859901 0.0769421676769699 0.0020113330228661 0.000180477532958681
"NA19101.2.E10" 0.814910529118524 0.114499160427293 0.069896591841388 0.000215076566374246 0.000478642046420307
"NA19101.2.E11" 0.716260559154791 0.224222364496438 0.05916321371751 5.43417671210911e-05 0.000299520864139683
"NA19101.2.E12" 0.867088871267813 0.0645638115445039 0.0680318223422758 0.000200304853932592 0.000115189991474741
"NA19101.2.F01" 0.786782313277211 0.142467396942672 0.0701628723880202 0.000233835876190383 0.000353581515905765
"NA19101.2.F02" 0.438450742198875 0.39063634378131 0.170790052021271 5.01871571022981e-05 7.26748414418876e-05
"NA19101.2.F03" 0.744295797829397 0.207495099896464 0.0480769826140037 7.88508091965514e-05 5.32688509382227e-05
"NA19101.2.F04" 0.70028661641607 0.237751847301789 0.0618170313560672 9.33280253438698e-05 5.11769007288465e-05
"NA19101.2.F06" 0.825716691152452 0.141502771395419 0.0324250320105742 0.000201322832387654 0.000154182609166072
"NA19101.2.F07" 0.77090887722633 0.174239184539 0.054691213454239 8.19023252144023e-05 7.88224552159459e-05
"NA19101.2.F08" 0.734208172852847 0.157975289679442 0.107722885730538 4.16293631124191e-05 5.20223740603942e-05
"NA19101.2.F09" 0.700184080438575 0.191314072784642 0.108197612647743 0.000149790276984663 0.000154443852055167
"NA19101.2.F10" 0.423880825129358 0.397249706990436 0.17801508495285 0.000601481104375624 0.000252901822980959
"NA19101.2.F11" 0.427587800625924 0.343696491428343 0.228515674908819 8.25789435353789e-05 0.000117454093379018
"NA19101.2.F12" 0.573795253512724 0.292275893356406 0.133765571193404 5.62154608457647e-05 0.000107066476620188
"NA19101.2.G01" 0.73786217556094 0.193293340025962 0.0684336395784674 0.000327815328249738 8.30295063805298e-05
"NA19101.2.G02" 0.728486425136213 0.212773319503528 0.058445028159123 7.12090102097417e-05 0.000224018190926545
"NA19101.2.G03" 0.660329416142052 0.275305282003583 0.0642511013248663 6.26218582645191e-05 5.15786712342593e-05
"NA19101.2.G04" 0.766740931201382 0.163120490019283 0.0700874052547711 2.45512692847858e-05 2.66222552791497e-05
"NA19101.2.G05" 0.660873701804427 0.201335275482122 0.137156534596156 0.000540113811799198 9.43743054961001e-05
"NA19101.2.G06" 0.489327156502657 0.311306706245899 0.199015338780562 0.000197382001151032 0.00015341646973003
"NA19101.2.G07" 0.682618609968752 0.269581708183043 0.0473860899275738 0.000321578357830622 9.20135628006039e-05
"NA19101.2.G08" 0.508667892856249 0.340407534865633 0.150387714376445 0.00010781220939888 0.000429045692274165
"NA19101.2.G09" 0.806042943513487 0.141033686290044 0.0518299089827452 0.000136557342213776 0.000956903871510183
"NA19101.2.G10" 0.438846023929003 0.390420601523368 0.169711177825624 0.000312064894345834 0.000710131827658303
"NA19101.2.G11" 0.485637645870438 0.361300681840518 0.152730446454088 0.000179341020016977 0.000151884814939573
"NA19101.2.G12" 0.760052644274166 0.186724672222023 0.0531467528924064 3.42592043959666e-05 4.16714070080512e-05
"NA19101.2.H01" 0.751557959383781 0.179572225514542 0.0684447965889307 0.000174985254262581 0.000250033258484424
"NA19101.2.H02" 0.659350230318826 0.269036764702865 0.0715021459309515 5.0448693642932e-05 6.04103537137756e-05
"NA19101.2.H03" 0.81799039140513 0.135927959307056 0.0460064888360649 3.64232984717195e-05 3.87371532772472e-05
"NA19101.2.H05" 0.809882564722174 0.0864734777768624 0.103369460799287 0.0001894702055031 8.50264961740707e-05
"NA19101.2.H06" 0.816527515550557 0.123042646235153 0.0598724947865946 0.000455408169606463 0.0001019352580891
"NA19101.2.H07" 0.802755867302773 0.166002540986688 0.0311846849346122 2.507137970901e-05 3.18353962184813e-05
"NA19101.2.H08" 0.802088830677345 0.122756069861452 0.0750373711945668 5.50360041026321e-05 6.26922625335527e-05
"NA19101.2.H09" 0.484565121575333 0.392298990961824 0.122760416684633 0.000105223302325622 0.000270247475884367
"NA19101.2.H10" 0.466628092514429 0.286209580058285 0.246659426292914 0.000168108802056518 0.000334792332315334
"NA19101.2.H11" 0.628415019561685 0.238777132172362 0.13268674173699 4.82594796531415e-05 7.28470493096375e-05
"NA19101.2.H12" 0.442871907916012 0.356861180690121 0.200052198265322 9.65164030254918e-05 0.000118196725519763
"NA19101.3.A01" 0.297586850438754 0.540968584115283 0.15967724814008 0.00152554827806659 0.000241769027816277
"NA19101.3.A02" 0.261262166215532 0.540322810227672 0.198188615525799 0.00010380196279662 0.000122606068201177
"NA19101.3.A05" 0.368533409606392 0.272963676523443 0.358148147943855 0.000139843199187954 0.000214922727122184
"NA19101.3.A06" 0.762664085210816 0.183228346837686 0.0539975052715297 5.5230559453107e-05 5.48321205147532e-05
"NA19101.3.A07" 0.637046353850691 0.319374899202673 0.0432665047601684 0.000236445728496827 7.57964579710042e-05
"NA19101.3.A09" 0.32279276356779 0.567762397508074 0.108640307855693 0.000569692899240488 0.000234838169203013
"NA19101.3.A10" 0.884920996276618 0.0881275803540666 0.0266672386088126 0.000182621970219962 0.000101562790283182
"NA19101.3.A11" 0.397961032423221 0.445044887756316 0.154130387428437 0.000176567555060593 0.00268712483696571
"NA19101.3.A12" 0.745776501764798 0.198119715959784 0.0551957038106178 8.04319965109467e-05 0.000827646468289721
"NA19101.3.B01" 0.864182086916042 0.0968600186918059 0.0381143671656169 0.000165321954345175 0.00067820527218985
"NA19101.3.B02" 0.916262603696948 0.0522447598350585 0.0301369178488258 0.00125421035036791 0.000101508268800046
"NA19101.3.B05" 0.398616272370988 0.334128997640895 0.266979697640858 0.000121178429180382 0.000153853918078837
"NA19101.3.B06" 0.799696371926536 0.139422339333247 0.0606380235846026 0.00015600091510419 8.72642405097236e-05
"NA19101.3.B07" 0.874941971101136 0.104788829698291 0.0199259096427875 0.000280807834981777 6.24817228039624e-05
"NA19101.3.B08" 0.819541245798418 0.128252776242065 0.0516624784198787 0.000368206935819106 0.000175292603818838
"NA19101.3.B09" 0.825570782351363 0.134038486193449 0.0401638329633245 0.000122946033783654 0.000103952458079449
"NA19101.3.B10" 0.83933802119674 0.113741204604214 0.0468010082578494 5.49964746848593e-05 6.47694665118426e-05
"NA19101.3.B11" 0.807023323088187 0.155677206717596 0.0367199533377558 0.000365001606191719 0.000214515250270047
"NA19101.3.B12" 0.854190774025284 0.109474363368081 0.0362615540552079 2.74232490940429e-05 4.58853023328068e-05
"NA19101.3.C01" 0.299905027759169 0.500385200785395 0.199484232732682 9.06139513007904e-05 0.000134924771453682
"NA19101.3.C03" 0.760926218609062 0.19948086519179 0.0394818810409133 5.41527441610264e-05 5.68824140740143e-05
"NA19101.3.C04" 0.874786921701598 0.0964227505180054 0.0286493876753465 3.88963510955135e-05 0.000102043753954315
"NA19101.3.C05" 0.791316769810987 0.17117612636013 0.0370705463841113 0.000276542202757633 0.000160015242014718
"NA19101.3.C06" 0.830030170981733 0.115879926075162 0.0538659709701317 0.000103414061346211 0.000120517911627001
"NA19101.3.C07" 0.895931970754066 0.10066854090521 0.00332093849660463 3.4318210756771e-05 4.42316333628424e-05
"NA19101.3.C08" 0.82215125913401 0.140017120624787 0.0374888170537068 0.000273225513779782 6.95776737155112e-05
"NA19101.3.C09" 0.364957237431843 0.349874401722578 0.284453314360724 0.000423527618336999 0.000291518866516977
"NA19101.3.C10" 0.70807871937893 0.203166597527961 0.0886230013600077 5.01603640893075e-05 8.15213690121137e-05
"NA19101.3.C11" 0.845861873317026 0.110238962535866 0.0414180199548923 5.90933814458391e-05 0.00242205081077049
"NA19101.3.C12" 0.32006631576248 0.46422632797377 0.2153510122883 0.000136529165169691 0.000219814810279693
"NA19101.3.D01" 0.268540940483096 0.603061019789199 0.128176529728807 0.000117608768194229 0.000103901230703918
"NA19101.3.D03" 0.812208514655104 0.166839147052746 0.0203139279060106 0.000207906605334413 0.000430503780805517
"NA19101.3.D04" 0.331373861782491 0.457243406401507 0.211137356911914 8.77605398449985e-05 0.000157614364242667
"NA19101.3.D06" 0.844028500059668 0.117081501462929 0.038786682999202 4.93272652058501e-05 5.39882129952757e-05
"NA19101.3.D07" 0.292487225073587 0.519430654249051 0.187899846022939 7.15694417487248e-05 0.000110705212674923
"NA19101.3.D08" 0.892363051438655 0.106977652181992 2.79507129588401e-05 0.000388107114732695 0.000243238551661814
"NA19101.3.D09" 0.486802773517697 0.177042666775149 0.335499518188357 0.00019310694948604 0.000461934569311848
"NA19101.3.D10" 0.882684484120705 0.104602462851214 0.0119312325524879 0.000144799959851993 0.000637020515741827
"NA19101.3.D12" 0.851759296936156 0.0998194963710514 0.0473070632935858 0.000254776717386873 0.00085936668181982
"NA19101.3.E01" 0.704143031591892 0.178744506127794 0.116992802012816 4.72451806581132e-05 7.24150868394248e-05
"NA19101.3.E02" 0.856768047518072 0.102148007762194 0.0410240834582216 2.30005354945707e-05 3.68607260181415e-05
"NA19101.3.E03" 0.753977771006323 0.192829494773631 0.0530137995837651 8.48277950485963e-05 9.41068412320332e-05
"NA19101.3.E04" 0.780411529427317 0.161398676301527 0.0581290507648851 2.44124609841123e-05 3.63310452867476e-05
"NA19101.3.E06" 0.810423629579949 0.133746287197447 0.0540759849276649 9.39288651731244e-05 0.00166016942976524
"NA19101.3.E07" 0.84739301296245 0.0986763977254023 0.0535628594926704 6.15355432851697e-05 0.000306194276191812
"NA19101.3.E08" 0.316093885684986 0.513818661778114 0.169964110517049 4.89693649813021e-05 7.43726548698596e-05
"NA19101.3.E09" 0.824718365761309 0.138794121415654 0.0356822432570506 0.000195929514555185 0.000609340051430421
"NA19101.3.E10" 0.594605168048238 0.281588692932224 0.123704404554578 4.14795533940136e-05 6.02549115662325e-05
"NA19101.3.F01" 0.832899507430439 0.133730936576804 0.0329958608691645 0.000292862836832006 8.08322867599138e-05
"NA19101.3.F02" 0.846804258946341 0.10831646493746 0.0446463642844767 0.000148423567309091 8.44882644132393e-05
"NA19101.3.F03" 0.847685251866909 0.0807547847771993 0.0713924606759948 7.76286645444535e-05 8.98740153528916e-05
"NA19101.3.F05" 0.878859246251529 0.120680576987874 0.000171199846732788 0.00016334842854674 0.000125628485317267
"NA19101.3.F07" 0.747816012757092 0.18373900381731 0.0683107633263048 4.84906389736989e-05 8.57294603188289e-05
"NA19101.3.F08" 0.795539610130452 0.154451248357101 0.0498013686618511 6.69116267824689e-05 0.000140861223812784
"NA19101.3.F09" 0.48603661391646 0.297321734732365 0.216330473539507 9.17964401864995e-05 0.000219381371481787
"NA19101.3.F10" 0.870295213904394 0.124571033386923 0.000641366218442639 0.000441366330726203 0.00405102015951488
"NA19101.3.F11" 0.806620697083514 0.154409014194345 0.0379124253536663 8.74193702318439e-05 0.000970443998242521
"NA19101.3.F12" 0.876740558030723 0.0809416589927362 0.0420697146003858 9.50144834008767e-05 0.000153053892754248
"NA19101.3.G01" 0.716417512564893 0.21046158713867 0.0730583434437388 2.35251690900522e-05 3.90316836074754e-05
"NA19101.3.G02" 0.467585523894905 0.364362047721306 0.167893453842822 5.99451432548591e-05 9.90293977119613e-05
"NA19101.3.G03" 0.806972224664849 0.138882788396365 0.0528079503771809 0.000203479722915022 0.00113355683869062
"NA19101.3.G05" 0.827386400177116 0.13004420562458 0.0416978589826072 0.00012067294627678 0.000750862269419682
"NA19101.3.G06" 0.809872696739855 0.12244044273777 0.0674975893926093 9.71097563615858e-05 9.21613734040472e-05
"NA19101.3.G07" 0.737098881295356 0.213051200460721 0.0493812248720292 8.4363079103395e-05 0.000384330292790737
"NA19101.3.G08" 0.7361008180517 0.194711198843945 0.0684590852890826 0.000484206125690453 0.00024469168958202
"NA19101.3.G09" 0.362846059355202 0.44190931847386 0.194874494356066 0.000164528292751446 0.00020559952211988
"NA19101.3.G10" 0.87047168998048 0.0674388425261842 0.0616109336251525 0.000165775244385516 0.000312758623798071
"NA19101.3.G11" 0.825431452334352 0.120178205375479 0.0542699697517062 6.49933807751003e-05 5.53791576876766e-05
"NA19101.3.G12" 0.865051034665891 0.0830015178471304 0.0514009202152564 7.15768635547893e-05 0.000474950408167683
"NA19101.3.H01" 0.308984353117815 0.527922191273041 0.161805216471666 0.000503523349898999 0.000784715787579173
"NA19101.3.H02" 0.52631721542686 0.317642038517689 0.155652038819881 0.00025788167172248 0.000130825563847358
"NA19101.3.H03" 0.341085769688296 0.506135653648678 0.152514403274693 0.000129696610558666 0.000134476777774182
"NA19101.3.H05" 0.914174655257569 0.0510006128322823 0.0337901035792448 0.000933744458910637 0.000100883871993616
"NA19101.3.H07" 0.301382172918868 0.478547775097943 0.219192588407318 0.00023650543476464 0.000640958141106664
"NA19101.3.H08" 0.843546290696864 0.106603503359503 0.0494875965780242 0.000195839793613659 0.000166769571994345
"NA19101.3.H09" 0.34535226551176 0.462966092295634 0.19150298665694 6.76768688965954e-05 0.000110978666768936
"NA19101.3.H10" 0.866878024937251 0.0692593166747634 0.063677988161205 7.3371477013398e-05 0.000111298749767343
"NA19101.3.H11" 0.882022702624778 0.0483360506724923 0.0690951755238049 0.000447161847206734 9.8909331718233e-05
"NA19239.1.A01" 0.0100358589383931 2.00296711416421e-05 6.53391400551406e-05 0.907225670311967 0.0826531019384428
"NA19239.1.A02" 7.77030930031294e-05 2.80552642107343e-05 0.0261286487795724 0.884188965158406 0.0895766277048075
"NA19239.1.A04" 7.91467059305138e-05 0.000965254878854809 0.1819579114015 0.569155905960631 0.247841781053084
"NA19239.1.A05" 5.22449618512079e-05 6.03873054341498e-05 0.0102385972233297 0.502066254384195 0.48758251612519
"NA19239.1.A06" 6.57657219488457e-05 0.000125335330541379 3.65778880308696e-05 0.999665644622399 0.000106676437079809
"NA19239.1.A07" 0.00012013291470202 0.000270054440092768 3.69331724736199e-05 0.351706711635681 0.647866167837051
"NA19239.1.A09" 7.14505116437209e-05 4.36867521958551e-05 0.017477170615408 0.666166146995219 0.316241545125534
"NA19239.1.A10" 3.87686072561723e-05 2.69613395352678e-05 6.07705292181384e-05 0.26558518494988 0.73428831457411
"NA19239.1.A11" 0.000100214099886882 3.59142778274357e-05 0.00733238979926864 0.575126368320245 0.417405113502772
"NA19239.1.A12" 4.85657831368075e-05 1.25006371964706e-05 3.64774084217103e-05 0.37389137902439 0.626011077146855
"NA19239.1.B01" 7.09570986427855e-05 4.05459020293101e-05 0.0125702550755048 0.725626848307059 0.261691393616764
"NA19239.1.B02" 5.98359753217802e-05 1.98297640435203e-05 4.48366701138319e-05 0.964150432545862 0.0357250650446586
"NA19239.1.B03" 0.0263609713088819 1.05553322272411e-05 2.80024265988317e-05 0.973129471301208 0.000470999631083722
"NA19239.1.B04" 0.000102249094732652 0.000322364043132938 0.0126553175847368 0.94433841246986 0.0425816568075373
"NA19239.1.B06" 0.00692627457315202 2.65217868547561e-05 0.000109532497774866 0.000226098718327433 0.992711572423891
"NA19239.1.B09" 0.00010451586032408 2.36548121685583e-05 4.7535497099665e-05 0.585750160669636 0.414074133160772
"NA19239.1.B10" 0.00222895130404796 2.81089431456482e-05 8.72207256568247e-05 0.455939589174324 0.541716129852826
"NA19239.1.B11" 4.89008435376386e-05 3.68857606895977e-05 0.0138087349705935 0.241579322366091 0.744526156059088
"NA19239.1.B12" 0.000171612779579572 9.59273184693621e-05 3.8399160173593e-05 0.268232045788113 0.731462014953664
"NA19239.1.C01" 9.63286677815729e-05 7.22484568718935e-05 0.0982692280977777 0.721097721147091 0.180464473630478
"NA19239.1.C02" 0.0194176451892184 2.36341821382501e-05 3.42854562399432e-05 0.926056809176595 0.054467625995808
"NA19239.1.C03" 0.0260448094509991 3.96695013912064e-05 3.25169974046148e-05 0.470111719699943 0.503771284350262
"NA19239.1.C04" 8.18773129714736e-05 4.90464376821026e-05 0.359642108690122 0.517750554120385 0.122476413438839
"NA19239.1.C05" 3.59631721822737e-05 5.02020164283483e-05 0.000168287922338956 0.418859401084757 0.580886145804293
"NA19239.1.C06" 0.0283664179853623 0.000113272235870403 0.0151145810785009 0.633860777498442 0.322544951201825
"NA19239.1.C07" 3.78102082753875e-05 3.34178031912052e-05 0.00152307358395383 0.52543429900449 0.472971399400089
"NA19239.1.C08" 6.38196441031394e-05 2.54229569790995e-05 0.000199277358761594 0.886979551632205 0.112731928407951
"NA19239.1.C09" 0.005246448254785 0.000746220577193358 0.000180846417338489 0.956606744372847 0.0372197403778363
"NA19239.1.C10" 9.47637812294587e-05 4.07436593918493e-05 8.92608590250079e-05 0.76793654378367 0.231838687916684
"NA19239.1.C11" 7.80811507100748e-05 5.74704654923403e-05 0.0021992798984292 0.390187599593683 0.607477568891685
"NA19239.1.C12" 7.10120562883255e-05 4.29218140136925e-05 8.51197807898957e-05 0.602166099160748 0.39763484718816
"NA19239.1.D01" 3.16032247351579e-05 2.77974681599652e-05 0.0141324836538656 0.387606704990109 0.598201410663131
"NA19239.1.D02" 0.00150065970235859 0.00177872199952586 3.61876249014453e-05 0.996009907605695 0.000674523067519039
"NA19239.1.D03" 0.000148811445971264 2.36358747782807e-05 0.023165106907475 0.237314296986889 0.739348148784887
"NA19239.1.D04" 8.0453269231981e-05 4.86864731487263e-05 0.338752966171793 0.531947618537134 0.129170275548692
"NA19239.1.D05" 4.65232628086782e-05 0.0159695862469917 2.53615013463535e-05 0.797629203664197 0.186329325324656
"NA19239.1.D06" 0.043994084378987 6.23104855339207e-05 0.0113066818910295 0.626547217745421 0.318089705499029
"NA19239.1.D07" 8.87328454852483e-05 1.06963405721169e-05 2.17097944665989e-05 0.0664093655006967 0.933469495518779
"NA19239.1.D08" 2.65848891246757e-05 0.000122026202434333 4.19897231762717e-05 0.152369735941061 0.847439663244203
"NA19239.1.D09" 6.77156934044036e-05 4.16380669281385e-05 0.000125684384392124 0.0458147322902018 0.953950229565074
"NA19239.1.D10" 6.19991573863448e-05 0.0310009191895124 1.85937232268878e-05 0.833417479495453 0.135501008434421
"NA19239.1.D11" 0.0246205404415519 4.48164523777525e-05 9.82288603539044e-05 0.300833761235148 0.674402653010568
"NA19239.1.D12" 0.000325797262127424 4.46036490370776e-05 0.00519387866454821 0.730335346543673 0.264100373880614
"NA19239.1.E01" 3.99796519632273e-05 1.55906252544302e-05 2.08298903371966e-05 0.168622213741415 0.83130138609103
"NA19239.1.E02" 5.41191993414001e-05 2.49166016312263e-05 0.000811099319138945 0.759378612732507 0.239731252147381
"NA19239.1.E03" 0.0122556682924086 2.09818505162859e-05 4.25143485014447e-05 0.10054294563232 0.887137889876254
"NA19239.1.E04" 0.0366889928404318 2.07000211802286e-05 3.25262289708295e-05 0.914339058159491 0.0489187227499258
"NA19239.1.E05" 0.000248110835734245 2.6638239044901e-05 2.79127690548415e-05 0.206321116157656 0.79337622199851
"NA19239.1.E06" 8.96300790227657e-05 0.000345367292160307 7.20831579025835e-05 0.998129145448347 0.00136377402256699
"NA19239.1.E07" 6.52936315716955e-05 3.95812920413265e-05 0.00183551626432016 0.711310401649019 0.286749207163047
"NA19239.1.E08" 5.19485307871015e-05 3.75712745806847e-05 0.000835175618187186 0.689870273921782 0.309205030654663
"NA19239.1.E09" 5.81992522631023e-05 0.000672444400599225 0.0197050118079932 0.592256635415636 0.387307709123508
"NA19239.1.E11" 6.14729498777757e-05 0.00196984484172176 0.00437425417251906 0.588640709255939 0.404953718779943
"NA19239.1.E12" 4.33704415711741e-05 0.00200510370300716 2.53447431451509e-05 0.308593573838062 0.689332607274214
"NA19239.1.F01" 3.61500955885897e-05 3.11472951409227e-05 2.57276005415354e-05 0.640541143424678 0.359365831584051
"NA19239.1.F02" 0.00770156882377466 3.57806340824279e-05 4.32142683513935e-05 0.945999297970577 0.0462201383032146
"NA19239.1.F03" 6.7202935531187e-05 0.0996252459605669 0.176117543456063 0.515324514730532 0.208865492917307
"NA19239.1.F04" 5.9784996817437e-05 0.00927093443012031 2.84156723415513e-05 0.958456509554901 0.0321843553458198
"NA19239.1.F05" 0.0184132399023894 3.23369592362774e-05 1.54039873933252e-05 0.000194511259759827 0.981344507891221
"NA19239.1.F06" 7.37007387406053e-05 3.74004329981365e-05 0.000294084175289316 0.994016772223686 0.00557804242928582
"NA19239.1.F07" 6.98942550285385e-05 0.00447740503364624 0.00505543535310558 0.883304355272299 0.107092910085921
"NA19239.1.F08" 5.29140239930776e-05 9.57537170393051e-05 0.000409050374902583 0.596357513114282 0.403084768769783
"NA19239.1.F09" 0.000138606286266845 9.02982907809678e-05 0.023749849642146 0.536957707153546 0.43906353862726
"NA19239.1.F10" 0.0221181109471679 0.000103654457064828 4.15780634198294e-05 0.132267516759543 0.845469139772804
"NA19239.1.F11" 0.000239380901509452 0.000184707048214706 0.00907860187930439 0.0876593750828098 0.902837935088162
"NA19239.1.F12" 5.93833591529819e-05 6.4400660289819e-05 0.0095673250790937 0.700447651779024 0.28986123912244
"NA19239.1.G01" 5.07410939014984e-05 4.85163358090196e-05 0.000438493782150904 0.262732940365111 0.736729308423028
"NA19239.1.G04" 0.000519728315362643 5.31787604530078e-05 0.000802642513339405 0.616719612184438 0.381904838226407
"NA19239.1.G05" 6.41080203971734e-05 0.00474258278502398 2.90937945204424e-05 0.477458632419505 0.517705582980553
"NA19239.1.G06" 0.0109903522190372 2.46998443486957e-05 4.2261711937214e-05 0.815459678174482 0.173483008050195
"NA19239.1.G07" 0.0144119810506344 0.000142748544651461 0.000125489356966514 0.795961357306883 0.189358423740865
"NA19239.1.G08" 0.000984533750514988 7.12240717173714e-05 6.4813413780318e-05 0.578234213429418 0.420645215334569
"NA19239.1.G09" 0.000125601394063447 7.59847455927002e-05 0.238091436569335 0.500826574054971 0.260880403236038
"NA19239.1.G10" 2.71245693636455e-05 1.91065224626672e-05 6.95415443789784e-05 0.00652123307871928 0.993362994285075
"NA19239.1.G11" 0.00014866399315905 3.57837681909966e-05 9.6367302238101e-05 0.588188618396936 0.411530566539476
"NA19239.1.G12" 9.32276606437734e-05 0.000898930784580033 0.00161870313835414 0.134521666702916 0.862867471713506
"NA19239.1.H01" 0.000108276643188154 4.09122738995569e-05 0.000700489753875829 0.274375008268804 0.724775313060233
"NA19239.1.H02" 0.0244800717852619 2.21588885766255e-05 6.832911629941e-05 0.344102794807822 0.63132664540204
"NA19239.1.H03" 4.52945015832366e-05 0.000169661514169778 4.53220574075087e-05 0.425427400079378 0.574312321847462
"NA19239.1.H04" 5.14462315993936e-05 0.000666586424644199 0.000180709361385879 0.0645450247123867 0.934556233269984
"NA19239.1.H06" 0.00563548097718873 2.34575942741882e-05 9.64210244878183e-05 0.623653552400685 0.370591088003364
"NA19239.1.H08" 0.0195151635868077 1.97891300853282e-05 5.98709501713014e-05 0.328688494612323 0.651716681720613
"NA19239.1.H09" 0.0722659320827082 2.43884275259598e-05 0.000251010539816984 0.192566736344348 0.734891932605601
"NA19239.1.H11" 0.00381459231494725 0.000518671167148604 8.44484663044738e-05 0.204217717716694 0.791364570334906
