"1" "2" "3" "4" "5"
"NA19098.1.A01" 0.218046494361324 0.256361432970693 0.209849048599524 0.144031114241055 0.171711909827403
"NA19098.1.A02" 0.502342421155415 0.174638082605348 0.0829359309457182 0.159839276210253 0.0802442890832657
"NA19098.1.A03" 0.280593415584851 0.274537098495554 0.145398612642599 0.197456016666007 0.102014856610989
"NA19098.1.A04" 0.252443463190476 0.231033557518679 0.167998249278899 0.211628840352929 0.136895889659016
"NA19098.1.A05" 0.34919000191624 0.182557869072485 0.169977675755713 0.200653248059251 0.0976212051963106
"NA19098.1.A06" 0.325974342160447 0.183737579002964 0.16703398872397 0.13264737734908 0.19060671276354
"NA19098.1.A07" 0.317652817368056 0.26845402823683 0.144647007377495 0.145370086160592 0.123876060857028
"NA19098.1.A08" 0.364859653165122 0.162148683954702 0.142472045764463 0.14088952678034 0.189630090335373
"NA19098.1.A09" 0.245012163485042 0.290980931910782 0.182801378756741 0.141537429044814 0.139668096802621
"NA19098.1.A10" 0.316366853622971 0.155166693591467 0.127403789141707 0.135729445819993 0.265333217823863
"NA19098.1.A11" 0.311100479388293 0.15060173915872 0.205391030532109 0.182723068508533 0.150183682412346
"NA19098.1.A12" 0.320016283854932 0.24567551090656 0.183994360844995 0.172109058512723 0.0782047858807898
"NA19098.1.B01" 0.437163509605005 0.176139220894597 0.0946190098395195 0.202372508789251 0.0897057508716269
"NA19098.1.B02" 0.307612723780335 0.216705867720098 0.181971960171478 0.228857572823698 0.0648518755043913
"NA19098.1.B03" 0.174730884933951 0.184011980236331 0.211182282088782 0.146729098329475 0.283345754411462
"NA19098.1.B05" 0.303964681475334 0.200679717287322 0.183431122438492 0.199101959900764 0.112822518898088
"NA19098.1.B06" 0.300586056517475 0.226304048242469 0.153199133828423 0.191455596109767 0.128455165301866
"NA19098.1.B07" 0.380255144866792 0.233386840098806 0.100105515622948 0.203177200806883 0.0830752986045703
"NA19098.1.B08" 0.25348839787567 0.163492512973769 0.162716151310769 0.0806944311146396 0.339608506725152
"NA19098.1.B09" 0.266005405137035 0.13773322855662 0.240891898249891 0.149464039515065 0.205905428541389
"NA19098.1.B10" 0.206909039577961 0.332452837702136 0.198721634477419 0.113417977565314 0.14849851067717
"NA19098.1.B11" 0.295778892463984 0.166907486622941 0.223035530294007 0.148881034816232 0.165397055802835
"NA19098.1.B12" 0.408587281109645 0.13961637447698 0.164005997167248 0.17311134550731 0.114679001738816
"NA19098.1.C01" 0.378493636730378 0.193096247742017 0.125760457371082 0.136167406345271 0.166482251811252
"NA19098.1.C02" 0.35152430141539 0.186787912821016 0.140694416739166 0.176405595401785 0.144587773622643
"NA19098.1.C03" 0.318362914446186 0.288213640758885 0.129483810882959 0.183273948957853 0.0806656849541174
"NA19098.1.C04" 0.280220043698829 0.216764011892536 0.165814714085546 0.191762950807547 0.145438279515543
"NA19098.1.C05" 0.297732558689108 0.214855529437956 0.196274785635546 0.0990785203193005 0.192058605918089
"NA19098.1.C06" 0.321978638199346 0.189457579952956 0.195719841714976 0.182124007785747 0.110719932346975
"NA19098.1.C07" 0.358923862326612 0.13179324769621 0.179673973030279 0.080861692630025 0.248747224316874
"NA19098.1.C08" 0.287990526643552 0.290786002751868 0.197018036938056 0.126792267210841 0.0974131664556823
"NA19098.1.C09" 0.275152442060974 0.275111781037683 0.125922774036807 0.1738611359129 0.149951866951636
"NA19098.1.C10" 0.376432936794474 0.216236487611047 0.124331076984002 0.20796770369144 0.0750317949190373
"NA19098.1.C11" 0.355581001021539 0.11244825793841 0.159545101849193 0.109840711678822 0.262584927512035
"NA19098.1.C12" 0.294159917414671 0.157992896423616 0.236769445056161 0.119142491892238 0.191935249213314
"NA19098.1.D01" 0.358441774860646 0.192524092795827 0.165387131679908 0.160019825362553 0.123627175301067
"NA19098.1.D02" 0.345283542739682 0.162485703478447 0.187481429729524 0.111876905761535 0.192872418290813
"NA19098.1.D03" 0.412834246748069 0.193585758429584 0.139788885803807 0.166206164904738 0.0875849441138021
"NA19098.1.D04" 0.362734439598598 0.108874107833267 0.174630740953676 0.128327112787148 0.22543359882731
"NA19098.1.D05" 0.224078032735971 0.333174885621448 0.145630721632748 0.159416217504429 0.137700142505405
"NA19098.1.D06" 0.427432102107507 0.104188314050831 0.125870506765209 0.138199833347227 0.204309243729225
"NA19098.1.D07" 0.0131502826108757 0.329626459845567 0.297337612553241 0.180414655736408 0.179470989253909
"NA19098.1.D08" 0.226226065672262 0.214569555580271 0.176754947147279 0.0919214215668821 0.290528010033306
"NA19098.1.D09" 0.177344111747717 0.290903909851856 0.224174354915648 0.174678920326857 0.132898703157922
"NA19098.1.D10" 0.336178217010664 0.222665280942458 0.132495233269297 0.158131895774132 0.150529373003449
"NA19098.1.D11" 0.232006385156176 0.244127388656096 0.194968101165938 0.240611346918728 0.0882867781030618
"NA19098.1.D12" 0.382608610769373 0.223220002116557 0.11165182847276 0.220046137336137 0.0624734213051741
"NA19098.1.E01" 0.264294866019324 0.219376175616271 0.176655451601696 0.206693566587461 0.132979940175249
"NA19098.1.E02" 0.342287527931337 0.144048532168652 0.16186790241406 0.194805055658153 0.156990981827798
"NA19098.1.E03" 0.385175475337858 0.215932206877072 0.152993955646492 0.162284636495795 0.0836137256427827
"NA19098.1.E05" 0.319404492357395 0.302589672146538 0.101881538717502 0.197826623615672 0.0782976731628931
"NA19098.1.E06" 0.316113035442859 0.237031502905844 0.150241400135035 0.207215067520333 0.0893989939959291
"NA19098.1.E07" 0.258170678015128 0.275554322572568 0.219383694006894 0.129789450960149 0.117101854445261
"NA19098.1.E08" 0.39951628151931 0.160197917475499 0.149413035680844 0.0928461160241752 0.198026649300172
"NA19098.1.E09" 0.314079927447648 0.142668363542591 0.180607281272995 0.125375252018974 0.237269175717792
"NA19098.1.E10" 0.332786944239264 0.226855960171195 0.148562008883439 0.160024622977986 0.131770463728115
"NA19098.1.E11" 0.330364616978397 0.128893919532014 0.143785478130116 0.120067273298847 0.276888712060627
"NA19098.1.E12" 0.407553260505221 0.0998353496960594 0.160773644340031 0.143261031745686 0.188576713713004
"NA19098.1.F01" 0.269547954076767 0.193320738960772 0.225358072964169 0.145916245050318 0.165856988947975
"NA19098.1.F02" 0.446243484036127 0.126883397028522 0.112725508740967 0.187134043038122 0.127013567156262
"NA19098.1.F03" 0.377722575840297 0.25158051204155 0.131874938722472 0.177568625533715 0.0612533478619669
"NA19098.1.F04" 0.25436083093086 0.23005063414494 0.177468292979248 0.144667499981358 0.193452741963595
"NA19098.1.F06" 0.177382408073307 0.305163105662808 0.23539118171482 0.145613576718046 0.13644972783102
"NA19098.1.F07" 0.180371812503501 0.345813561120523 0.172162688456308 0.158455460053944 0.143196477865725
"NA19098.1.F08" 0.319019293292217 0.221102496641295 0.130235393418563 0.212578496250714 0.11706432039721
"NA19098.1.F09" 0.285953933923333 0.239483151774062 0.153697822979938 0.10062512372974 0.220239967592927
"NA19098.1.F10" 0.453021842028168 0.105415051101508 0.145982784828847 0.171927649171632 0.123652672869846
"NA19098.1.F11" 0.288196821536531 0.252472376595227 0.153585718714892 0.206544164016864 0.0992009191364851
"NA19098.1.F12" 0.28138275284232 0.284809256134879 0.128640402293299 0.140437932994016 0.164729655735486
"NA19098.1.G01" 0.312766518425487 0.226074090096812 0.172027150456496 0.0979855456097845 0.191146695411421
"NA19098.1.G02" 0.360551043671192 0.208174959590278 0.130145145491859 0.184528495349471 0.1166003558972
"NA19098.1.G03" 0.191379310379027 0.23569361470131 0.199176180903019 0.203255828583542 0.170495065433101
"NA19098.1.G04" 0.294623514140251 0.201495930457479 0.122842499944579 0.188530542220812 0.19250751323688
"NA19098.1.G05" 0.317857286033991 0.227249076756666 0.143721359588618 0.169077384182575 0.142094893438149
"NA19098.1.G06" 0.264594940898562 0.173403708979257 0.134549212119243 0.151017082288715 0.276435055714224
"NA19098.1.G07" 0.279008694894699 0.235670446577647 0.176016590615828 0.083587326288158 0.225716941623668
"NA19098.1.G08" 0.295722068393539 0.230705270575577 0.144276405033968 0.188614473772538 0.140681782224378
"NA19098.1.G09" 0.242247990169764 0.272196926940935 0.15274798552892 0.214353990377904 0.118453106982476
"NA19098.1.G10" 0.350654680755695 0.151892625277478 0.119221410349407 0.100265999760385 0.277965283857035
"NA19098.1.G11" 0.353246330730154 0.167830561340772 0.0998399406086522 0.127333084408905 0.251750082911517
"NA19098.1.G12" 0.285793323442666 0.325733912209066 0.118381433082173 0.150318246845496 0.119773084420599
"NA19098.1.H01" 0.404812757859213 0.200223177102097 0.131472183181328 0.126921894408437 0.136569987448927
"NA19098.1.H02" 0.335427726357737 0.265708700052502 0.178881622651333 0.126490360704471 0.0934915902339571
"NA19098.1.H03" 0.245945352523143 0.269901318578327 0.171787623771832 0.211070132213445 0.101295572913253
"NA19098.1.H04" 0.307639995515455 0.224192347050835 0.188698147666915 0.191085245271113 0.0883842644956817
"NA19098.1.H05" 0.417763733175401 0.22760344171452 0.11652968529261 0.142126196964707 0.0959769428527629
"NA19098.1.H06" 0.124393293558855 0.274036977982554 0.256506507063554 0.190738813856091 0.154324407538947
"NA19098.1.H07" 0.214965166584082 0.291767035390436 0.193055358522716 0.198269067338793 0.101943372163973
"NA19098.1.H08" 0.144784304374679 0.3133017051842 0.211999512576062 0.202864154469011 0.127050323396049
"NA19098.1.H09" 0.0862031093616026 0.242730568513212 0.245143722969725 0.196623923528767 0.229298675626694
"NA19098.1.H10" 0.359457179987263 0.196263819102603 0.160338072796183 0.174551834003198 0.109389094110753
"NA19098.1.H11" 0.331568831455842 0.205108926873882 0.150349960657438 0.21787412661457 0.0950981543982688
"NA19098.1.H12" 0.320738001974063 0.23091701606207 0.156224113385273 0.150058655198145 0.142062213380449
"NA19098.2.A01" 0.00357756429881936 0.265613269079351 0.327313247011365 0.165151187796229 0.238344731814236
"NA19098.2.A02" 0.404761632916783 0.193243306229764 0.16022879236055 0.139421587600528 0.102344680892376
"NA19098.2.A03" 0.40341242372327 0.187705767891708 0.186085875631341 0.151895528493325 0.0709004042603562
"NA19098.2.A04" 0.405401246306716 0.208087196304858 0.111038840653647 0.173790956644428 0.101681760090351
"NA19098.2.A05" 0.375153742435444 0.186481722938379 0.117474348549951 0.090894658330581 0.229995527745646
"NA19098.2.A06" 0.142211408856311 0.270732999303083 0.236230915401514 0.197185834338626 0.153638842100466
"NA19098.2.A07" 0.411860786573352 0.121139470062022 0.13852766689722 0.112155256517512 0.216316819949894
"NA19098.2.A08" 0.399585834316966 0.155987618457984 0.143334185919569 0.159044486443941 0.142047874861541
"NA19098.2.A09" 0.0782154504007228 0.345453134407115 0.265641907703306 0.161077074506039 0.149612432982817
"NA19098.2.A10" 0.319229032498043 0.235656933890743 0.162516670591396 0.154262917241841 0.128334445777977
"NA19098.2.A11" 0.386116601286702 0.167314376444602 0.164129192054894 0.167709539410265 0.114730290803537
"NA19098.2.B01" 0.210283160943333 0.251397438059494 0.214353663700174 0.159985100019089 0.163980637277909
"NA19098.2.B02" 0.364732054216837 0.185274912334728 0.151152975523016 0.10458103539673 0.194259022528688
"NA19098.2.B03" 0.349639154686022 0.174940459818275 0.14395243929501 0.116570994314052 0.214896951886642
"NA19098.2.B04" 0.313713871939417 0.238408146648293 0.154100840963506 0.184177977081797 0.109599163366988
"NA19098.2.B05" 0.301303820631991 0.195954953020837 0.135991714035125 0.135919106289419 0.230830406022628
"NA19098.2.B06" 0.311209283236737 0.156935114345618 0.150686404805486 0.136971107337465 0.244198090274693
"NA19098.2.B07" 0.392748464239172 0.220567374976109 0.123508222276277 0.162551976734017 0.100623961774425
"NA19098.2.B08" 0.372504572591941 0.214398752803533 0.109207743036562 0.0826253685108968 0.221263563057067
"NA19098.2.B09" 0.273959137557938 0.169140699063825 0.135398491282578 0.117362900068902 0.304138772026756
"NA19098.2.B10" 0.412722551188102 0.185057862545213 0.140981760405274 0.122024513969548 0.139213311891864
"NA19098.2.B11" 0.118041789929319 0.336057369563654 0.253465873672415 0.117543323569977 0.174891643264634
"NA19098.2.C01" 0.366104728436422 0.174894538518821 0.140476017603258 0.17178179306601 0.14674292237549
"NA19098.2.C02" 0.291706375088259 0.181516155497747 0.155391584135094 0.0940522425040961 0.277333642774803
"NA19098.2.C03" 0.272073809177494 0.189813022294761 0.16934425892327 0.122588729864459 0.246180179740015
"NA19098.2.C04" 0.0983065968124541 0.25459410180103 0.276688500814799 0.216890675931204 0.153520124640513
"NA19098.2.C05" 0.385510319942381 0.179463945581819 0.169047972187582 0.123186051011838 0.142791711276381
"NA19098.2.C06" 0.240180876969689 0.233517660353597 0.191778572221547 0.150007220687578 0.184515669767589
"NA19098.2.C07" 0.360320080086523 0.209602469781984 0.138117337927752 0.110842066780973 0.181118045422768
"NA19098.2.C08" 0.308046792127435 0.145707711041685 0.198591216708278 0.214733256945387 0.132921023177216
"NA19098.2.C09" 0.0688105349550344 0.333434831604492 0.276574276740317 0.123897354204224 0.197283002495933
"NA19098.2.C10" 0.311337316299045 0.184615617461539 0.191040017709825 0.185343795199281 0.127663253330309
"NA19098.2.C11" 0.340279213829756 0.238155834085727 0.181081872812594 0.13467769625128 0.105805383020642
"NA19098.2.C12" 0.352502332036945 0.234367317886395 0.120280438967061 0.180945112429223 0.111904798680376
"NA19098.2.D01" 0.31154148043264 0.295805435900244 0.152335646919884 0.13335088449185 0.106966552255381
"NA19098.2.D02" 0.176766322511814 0.302794308931575 0.185241849515465 0.224942205162261 0.110255313878885
"NA19098.2.D03" 0.215163966049615 0.286095550994123 0.171792242396875 0.199444358868619 0.127503881690767
"NA19098.2.D04" 0.271790823737962 0.240685960130993 0.161947789821361 0.197347032460165 0.128228393849519
"NA19098.2.D05" 0.368820229470619 0.119187628552215 0.107363925105494 0.131170822033911 0.273457394837761
"NA19098.2.D06" 0.323764905536703 0.165007594832016 0.168722035938541 0.0790640644081689 0.263441399284571
"NA19098.2.D08" 0.436084746525116 0.105537187688911 0.146465383663679 0.181203031695046 0.130709650427248
"NA19098.2.D09" 0.131479304378522 0.281838504615012 0.281187646352773 0.144452962603151 0.161041582050542
"NA19098.2.D10" 0.315542769011324 0.227364223126046 0.171666794594797 0.209914910753811 0.0755113025140219
"NA19098.2.D11" 0.304832828317644 0.183119129856343 0.149161541409725 0.0543510690807344 0.308535431335553
"NA19098.2.D12" 0.289773540591671 0.229476907268904 0.109406675031538 0.15788389342712 0.213458983680766
"NA19098.2.E01" 0.430139089919583 0.168624382472663 0.167896744357315 0.190863951163397 0.0424758320870414
"NA19098.2.E02" 0.44376206086385 0.151078802715577 0.14483956695883 0.145514874471481 0.114804694990262
"NA19098.2.E03" 0.454438483007276 0.155884342015165 0.145833302507316 0.138960380982859 0.104883491487384
"NA19098.2.E04" 0.189487986897507 0.233516943069499 0.266339466946965 0.13323580209077 0.17741980099526
"NA19098.2.E05" 0.385829543331407 0.238458364597619 0.133763050648898 0.142015748250675 0.0999332931714014
"NA19098.2.E06" 0.407012242419633 0.217961808516209 0.15332969226087 0.152995256650227 0.0687010001530606
"NA19098.2.E07" 0.312808490088975 0.148982098318668 0.185492593097359 0.201874452482807 0.15084236601219
"NA19098.2.E08" 0.360628164868959 0.212247209863506 0.134031651511794 0.199706675766081 0.0933862979896595
"NA19098.2.E09" 0.414015864951388 0.19299522177619 0.0775835186010082 0.193270847200342 0.122134547471071
"NA19098.2.E11" 0.375669632211705 0.110401924199558 0.127319875670853 0.136045761381966 0.250562806535917
"NA19098.2.E12" 0.306059388814859 0.23807559318396 0.169054153716335 0.1668178933802 0.119992970904645
"NA19098.2.F01" 0.0772942961722997 0.350957954221926 0.222222112164257 0.148188484721826 0.201337152719692
"NA19098.2.F02" 0.429684192948745 0.173374404518989 0.126343909153994 0.13290896338863 0.137688529989641
"NA19098.2.F03" 0.399799537765549 0.177390252144522 0.132337460516474 0.134876693825322 0.155596055748133
"NA19098.2.F04" 0.28752705925033 0.252826868472873 0.177033837301231 0.172912419941867 0.109699815033699
"NA19098.2.F05" 0.322964628712122 0.164528058174182 0.116769037821214 0.0960695901783227 0.29966868511416
"NA19098.2.F07" 0.364296901875328 0.194659262031363 0.159236263888137 0.111492886362691 0.17031468584248
"NA19098.2.F08" 0.340091060262748 0.220412852026488 0.119182279244356 0.210727355224946 0.109586453241462
"NA19098.2.F09" 0.426885180101753 0.218316428740768 0.0699540563459411 0.203304592543586 0.0815397422679513
"NA19098.2.F10" 0.360312352006308 0.184953371709928 0.153203876033486 0.198599235810973 0.102931164439305
"NA19098.2.F11" 0.143419340026416 0.245460024260229 0.244765691898953 0.141011429828106 0.225343513986296
"NA19098.2.F12" 0.394201743986062 0.24841567987686 0.114884431527211 0.116153510035332 0.126344634574535
"NA19098.2.G01" 0.183143338172729 0.244758471890227 0.270763458500207 0.140784447196128 0.16055028424071
"NA19098.2.G02" 0.398362512469746 0.164728698523009 0.15193284088738 0.193994758370596 0.0909811897492685
"NA19098.2.G03" 0.424680894299442 0.193116680056635 0.148938579008179 0.153803312095243 0.079460534540501
"NA19098.2.G04" 0.439185304485991 0.152161219064452 0.0891806945174801 0.166702173730045 0.152770608202033
"NA19098.2.G05" 0.305830255840447 0.191223258866831 0.183475638247349 0.158509806037763 0.16096104100761
"NA19098.2.G06" 0.353694795734695 0.220341918965492 0.153139558574555 0.198729219574517 0.0740945071507408
"NA19098.2.G07" 0.259961504135502 0.237285014693573 0.142954020832203 0.124065268402939 0.235734191935782
"NA19098.2.G08" 0.348887251823974 0.214476293437433 0.163432260182162 0.175214532299801 0.0979896622566291
"NA19098.2.G09" 0.426734254475905 0.217528790385241 0.144188924660341 0.141173985401677 0.070374045076836
"NA19098.2.G10" 0.222687235910359 0.248130966402939 0.178172164203697 0.171395563439287 0.179614070043718
"NA19098.2.G11" 0.267784616871436 0.185686888744208 0.247182901211448 0.146497473124213 0.152848120048695
"NA19098.2.G12" 0.296693077444302 0.191193651145646 0.212264127531847 0.220107875386547 0.0797412684916579
"NA19098.2.H01" 0.126972709637545 0.293223192420858 0.226194193275654 0.148837859700009 0.204772044965933
"NA19098.2.H02" 0.355808132230109 0.203389254625061 0.165535796318816 0.134646687053135 0.140620129772879
"NA19098.2.H03" 0.348026494537369 0.220688830650974 0.15528027927007 0.133067432409275 0.142936963132311
"NA19098.2.H04" 0.343396482374775 0.148944797050435 0.171621776881332 0.236742901308844 0.0992940423846145
"NA19098.2.H05" 0.320430792416315 0.228643115108587 0.114047953740333 0.242486654279467 0.094391484455298
"NA19098.2.H06" 0.308098955523651 0.206099382828985 0.172190296738312 0.208861914460366 0.104749450448685
"NA19098.2.H07" 0.0545944789920626 0.338502833648126 0.171801838991508 0.27165869283751 0.163442155530794
"NA19098.2.H08" 0.16678299747644 0.239734390901808 0.261585479335461 0.160524279026073 0.171372853260218
"NA19098.2.H10" 0.375256901077468 0.15120759416915 0.128391316635698 0.121135518757875 0.224008669359808
"NA19098.2.H11" 0.27800825618412 0.279319623200382 0.143944548396032 0.192032880033254 0.106694692186212
"NA19098.2.H12" 0.108551323532525 0.262885111204614 0.212902210773258 0.235800855473941 0.179860499015661
"NA19098.3.A03" 0.356626407699388 0.244746199427764 0.121793072110067 0.161664177474876 0.115170143287906
"NA19098.3.A05" 0.126627716272683 0.275413406063157 0.220712929276576 0.166409458227204 0.210836490160379
"NA19098.3.A06" 0.288055618823364 0.229114907680251 0.186976267631357 0.190653711460533 0.105199494404495
"NA19098.3.A07" 0.174067498289334 0.249042950798932 0.254002108948006 0.165735214534906 0.157152227428822
"NA19098.3.A08" 0.332756486856601 0.143807142636137 0.165714314433435 0.140685779688349 0.217036276385479
"NA19098.3.A12" 0.399433216355536 0.184139215604589 0.141739528911292 0.14301470022875 0.131673338899834
"NA19098.3.B01" 0.303185195471946 0.274639022273398 0.134235672689703 0.182042466454395 0.105897643110559
"NA19098.3.B02" 0.153084924528791 0.280811116949146 0.180202444844699 0.240436129626848 0.145465384050516
"NA19098.3.B03" 0.310822379430884 0.269252929603969 0.143333799114284 0.1469187079715 0.129672183879362
"NA19098.3.B04" 0.385615824836904 0.125673777203539 0.135101963524997 0.151009158832105 0.202599275602455
"NA19098.3.B05" 0.422586192147148 0.121312562223009 0.128304731882905 0.116163289424429 0.211633224322509
"NA19098.3.B06" 0.194611377889772 0.297060112200147 0.204757181115891 0.147461884844257 0.156109443949933
"NA19098.3.B07" 0.370235603140257 0.2668687585967 0.113869462508039 0.103305044416673 0.145721131338332
"NA19098.3.B08" 0.311958027818178 0.229832519813931 0.190889954083629 0.141345497403272 0.12597400088099
"NA19098.3.B09" 0.362712770203429 0.207364268872803 0.115897669250775 0.214674179917994 0.0993511117549983
"NA19098.3.B11" 0.421052437633677 0.129759739141973 0.164956165766023 0.123069626505328 0.161162030953
"NA19098.3.B12" 0.351373459516559 0.168757692490005 0.183374682102869 0.10787619167338 0.188617974217188
"NA19098.3.C01" 0.387053430665828 0.208819797872531 0.0856241527140821 0.125572661862229 0.192929956885329
"NA19098.3.C02" 0.16847101723985 0.263303747806614 0.213345338657659 0.185942565696983 0.168937330598894
"NA19098.3.C03" 0.299060003447145 0.267634880083331 0.133917906853741 0.175181989938258 0.124205219677525
"NA19098.3.C04" 0.374649826173247 0.174044629060749 0.153668722214026 0.202264551855098 0.0953722706968798
"NA19098.3.C05" 0.414786011756961 0.157421405159939 0.138425371466099 0.173686737189662 0.115680474427338
"NA19098.3.C07" 0.160069586550507 0.293974707524045 0.21336459700252 0.169229849563825 0.163361259359103
"NA19098.3.C08" 0.149630710730175 0.301546791125841 0.230846968562053 0.175676865506418 0.142298664075512
"NA19098.3.C09" 0.37232265652723 0.150595081393662 0.120428145373273 0.100122542283191 0.256531574422643
"NA19098.3.C10" 0.357458481984081 0.205928334850996 0.125159062905872 0.222190121780574 0.089263998478477
"NA19098.3.C11" 0.372551581576709 0.19080253394347 0.164924166287714 0.164051258849728 0.10767045934238
"NA19098.3.C12" 0.374522288870374 0.193743915691052 0.128813096269599 0.140346277914535 0.16257442125444
"NA19098.3.D01" 0.244971874376297 0.220318366452073 0.191828129468487 0.216524268819754 0.126357360883388
"NA19098.3.D02" 0.221274333286138 0.226457772724103 0.25034929924567 0.162893882521115 0.139024712222974
"NA19098.3.D03" 0.360647868799236 0.142760950407099 0.131747444813899 0.138349848867506 0.22649388711226
"NA19098.3.D05" 0.414985475706324 0.112694695501977 0.10878124053856 0.112331920011971 0.251206668241167
"NA19098.3.D07" 0.399167145637688 0.20803840848917 0.129559555834574 0.157145694926221 0.106089195112347
"NA19098.3.D09" 0.355071904202865 0.173737478265636 0.126852688444232 0.105819168105679 0.238518760981588
"NA19098.3.D10" 0.415413076033875 0.189348550701607 0.138225550257344 0.168913346894589 0.0880994761125854
"NA19098.3.D11" 0.426467543062391 0.159105173573826 0.152812389357931 0.080560437004919 0.181054457000934
"NA19098.3.D12" 0.315204812756192 0.26292069872773 0.169914038809079 0.119350774400487 0.132609675306512
"NA19098.3.E01" 0.420218651163219 0.179373802127442 0.146326573405391 0.166871097673416 0.0872098756305317
"NA19098.3.E02" 0.416239675913998 0.181185718344382 0.116706129572838 0.212790722621448 0.0730777535473355
"NA19098.3.E03" 0.425331978606964 0.186881774750214 0.13377668196742 0.174574843299646 0.079434721375756
"NA19098.3.E04" 0.399586686686688 0.178175930662201 0.153889533335572 0.133027682686254 0.135320166629285
"NA19098.3.E05" 0.151463706540406 0.2995672387692 0.253990809328636 0.143650076573499 0.151328168788259
"NA19098.3.E06" 0.174335847874856 0.236273900642614 0.316867972728557 0.123184161822115 0.149338116931858
"NA19098.3.E07" 0.228864064052857 0.201215590237131 0.264033705576051 0.11904030142242 0.186846338711541
"NA19098.3.E08" 0.120311429277566 0.262256645227241 0.217841777727888 0.199604004840962 0.199986142926342
"NA19098.3.E09" 0.215661583867008 0.206612832524407 0.23736915493303 0.226133122732151 0.114223305943404
"NA19098.3.E10" 0.317672904605455 0.159739995453363 0.151259108324765 0.10010574464175 0.271222246974668
"NA19098.3.E11" 0.434921740405056 0.167120480347962 0.127452754709322 0.169791282312847 0.100713742224813
"NA19098.3.E12" 0.364176885707117 0.224850383441096 0.117404923769317 0.2155706881389 0.0779971189435698
"NA19098.3.F01" 0.234069343942171 0.247717594911133 0.193196145200472 0.191572991672506 0.133443924273717
"NA19098.3.F03" 0.407679687488426 0.171038590630756 0.132074855176117 0.18091012395762 0.108296742747081
"NA19098.3.F04" 0.35970224663182 0.232667525577553 0.14411592905656 0.180623304779019 0.0828909939550472
"NA19098.3.F05" 0.386988140732865 0.223797443770713 0.120189237709228 0.159125398897667 0.109899778889526
"NA19098.3.F06" 0.384965758115657 0.160312921349926 0.151812524332456 0.244649022765247 0.0582597734367147
"NA19098.3.F07" 0.271146309874192 0.197740502654012 0.215582145898319 0.171962225779696 0.143568815793781
"NA19098.3.F09" 0.349318792298553 0.228886293676231 0.128020303388402 0.201262425379152 0.0925121852576619
"NA19098.3.F10" 0.356082601342031 0.142934756699198 0.109531055420391 0.118502047769588 0.272949538768792
"NA19098.3.F11" 0.140648281904057 0.302107270178435 0.238435212088937 0.155262442863873 0.163546792964699
"NA19098.3.G01" 0.405332417558382 0.173894649316326 0.105649614299761 0.197521271811923 0.117602047013608
"NA19098.3.G02" 0.145118886699887 0.260603583565599 0.231543063144858 0.160296578783955 0.202437887805701
"NA19098.3.G03" 0.151778737330032 0.273045523041971 0.269750561542702 0.125145142938319 0.180280035146975
"NA19098.3.G04" 0.236884709912735 0.260243973754902 0.201859659512098 0.160037405212691 0.140974251607574
"NA19098.3.G05" 0.46621721227511 0.13810310577398 0.0620287487196262 0.110867706442368 0.222783226788916
"NA19098.3.G06" 0.375049487434217 0.213083775060625 0.120960051459012 0.163769636127887 0.127137049918259
"NA19098.3.G07" 0.194724925558985 0.224114202107818 0.226350076423758 0.192173741531835 0.162637054377604
"NA19098.3.G08" 0.202793008116236 0.22685327683819 0.238223886729056 0.144387532491001 0.187742295825516
"NA19098.3.G09" 0.208670926398595 0.251673966664391 0.184984254822256 0.152341811664354 0.202329040450404
"NA19098.3.G10" 0.464546572157978 0.172251534816914 0.110992819537492 0.121350014450551 0.130859059037065
"NA19098.3.G11" 0.118337145265095 0.324491121292614 0.22421775495698 0.221791355170303 0.111162623315009
"NA19098.3.G12" 0.15148019659628 0.33906757337479 0.260816336195546 0.127238083519369 0.121397810314016
"NA19098.3.H01" 0.193151536381396 0.280289092994798 0.201216867418321 0.165457073713155 0.159885429492329
"NA19098.3.H02" 0.402008648149215 0.178436471089811 0.115361144835018 0.158213790513437 0.145979945412519
"NA19098.3.H03" 0.352439565221905 0.148772276971101 0.120163857222522 0.124796442711294 0.253827857873178
"NA19098.3.H04" 0.388398811370354 0.111707619325434 0.146688437724645 0.109617928203226 0.243587203376341
"NA19098.3.H05" 0.396767963785404 0.166469769953514 0.154658437111102 0.175208152411041 0.106895676738939
"NA19098.3.H06" 0.456878578941229 0.171429185243962 0.111212925540524 0.200690742898025 0.0597885673762601
"NA19098.3.H07" 0.0914100718407015 0.347622824141158 0.234971399106073 0.190131058302698 0.13586464660937
"NA19098.3.H08" 0.283215083865514 0.241126942166281 0.186580442568152 0.181422612430315 0.107654918969738
"NA19098.3.H09" 0.251870458154945 0.274184920951593 0.174913728691497 0.218474750240909 0.0805561419610563
"NA19098.3.H10" 0.350460568879085 0.194037434872617 0.100997701565564 0.174697375586549 0.179806919096184
"NA19098.3.H11" 0.283053604018552 0.188904244921708 0.210955988703556 0.195852845431329 0.121233316924854
"NA19098.3.H12" 0.356171586061056 0.20403082345106 0.140265897526957 0.178617152285194 0.120914540675734
"NA19239.1.A01" 0.323882634343535 0.198258367459233 0.162005551062932 0.152922468617935 0.162930978516365
"NA19239.1.A02" 0.237842739280456 0.187991861279838 0.231248290792436 0.122318633224484 0.220598475422786
"NA19239.1.A03" 0.280067463809222 0.253672384278154 0.190458669585453 0.137129552489814 0.138671929837357
"NA19239.1.A04" 0.259234737276603 0.144912902075538 0.244566091114928 0.21506583346224 0.13622043607069
"NA19239.1.A05" 0.363698428332667 0.223691754569241 0.127920921318565 0.151922754652246 0.132766141127281
"NA19239.1.A06" 0.30312100601191 0.165900304555403 0.199384600163564 0.125815724296127 0.205778364972996
"NA19239.1.A07" 0.19171135505711 0.263189379333823 0.251782201458274 0.133023921700683 0.160293142450111
"NA19239.1.A08" 0.324623493704798 0.244385677653792 0.191921194859923 0.129206986744219 0.109862647037268
"NA19239.1.A09" 0.277352611013908 0.16411253832967 0.227377038351722 0.0926298762790956 0.238527936025605
"NA19239.1.A10" 0.302392653004995 0.216810409078891 0.195916072817938 0.176655088820153 0.108225776278023
"NA19239.1.A11" 0.25854834465353 0.139432335421813 0.221555953320823 0.146333042578684 0.234130324025151
"NA19239.1.A12" 0.26516221029573 0.227568274807635 0.228060875219182 0.151694132072043 0.127514507605411
"NA19239.1.B02" 0.21083909850583 0.204729405790372 0.198595873070866 0.122798873863444 0.263036748769488
"NA19239.1.B03" 0.27685738146141 0.217839703311371 0.16866092695931 0.249873048305808 0.0867689399621019
"NA19239.1.B05" 0.218320507760813 0.261243545739318 0.241446627195503 0.162012535060369 0.116976784243997
"NA19239.1.B06" 0.17821220380721 0.26610201345742 0.266586408102359 0.173955038095879 0.115144336537132
"NA19239.1.B07" 0.221628512881319 0.307815929146886 0.21038941394937 0.210618095818958 0.0495480482034673
"NA19239.1.B08" 0.340984294129153 0.181982863233347 0.160167777165355 0.210213733980347 0.106651331491798
"NA19239.1.B09" 0.295523505959107 0.211085602552282 0.17694148340781 0.2037144325477 0.112734975533102
"NA19239.1.B10" 0.161950551366587 0.292494742231553 0.256361408508381 0.153260048963359 0.13593324893012
"NA19239.1.B11" 0.411650671840865 0.136482805315143 0.112721532626575 0.120417896858285 0.218727093359132
"NA19239.1.B12" 0.359665436112616 0.269800855510935 0.106174376944821 0.161216711503813 0.103142619927815
"NA19239.1.C01" 0.227317185672395 0.205472250463635 0.197108816739332 0.172766269914165 0.197335477210473
"NA19239.1.C02" 0.356257041090273 0.246733261030366 0.148232276161382 0.143660362538923 0.105117059179055
"NA19239.1.C03" 0.381586346488241 0.223450568593053 0.129161258354918 0.173902175550952 0.0918996510128361
"NA19239.1.C05" 0.313915308416014 0.201802396466332 0.133289275896863 0.128968690464361 0.22202432875643
"NA19239.1.C06" 0.33521079002142 0.159954448708781 0.140179443380615 0.113359856398502 0.251295461490683
"NA19239.1.C07" 0.183254446742361 0.25156026590185 0.302918209701206 0.133275666292818 0.128991411361766
"NA19239.1.C08" 0.35221563835411 0.155072269374938 0.141630409547409 0.12772222396067 0.223359458762873
"NA19239.1.C09" 0.420756349045911 0.189685144806863 0.131966686229613 0.159395268334985 0.0981965515826284
"NA19239.1.C10" 0.366456314084178 0.172599517048876 0.146781852697599 0.13049362216891 0.183668694000438
"NA19239.1.C11" 0.224753473426869 0.242437500611995 0.234488992109741 0.199385823672845 0.0989342101785505
"NA19239.1.C12" 0.362192336776061 0.162122017603312 0.100967043529651 0.114633317249047 0.260085284841928
"NA19239.1.D01" 0.361732986200214 0.217500000414057 0.0894865480364344 0.172866712103447 0.158413753245847
"NA19239.1.D02" 0.33594230201085 0.228209649484251 0.16991101751609 0.169262341876004 0.0966746891128051
"NA19239.1.D03" 0.185489726586388 0.177694635563003 0.241061507890289 0.195511474518696 0.200242655441625
"NA19239.1.D04" 0.30922391672453 0.165195559022347 0.208654010878721 0.140075561903864 0.176850951470537
"NA19239.1.D05" 0.368708650973138 0.224346420272128 0.106280336514104 0.204332457343159 0.09633213489747
"NA19239.1.D06" 0.306142717637861 0.179358369204021 0.189940112843636 0.157329455989608 0.167229344324874
"NA19239.1.D07" 0.107800536827793 0.221248818080122 0.338790583547206 0.170226084222608 0.16193397732227
"NA19239.1.D08" 0.423814928195114 0.170228403342752 0.129900864095128 0.144946918637225 0.131108885729782
"NA19239.1.D09" 0.354009224762884 0.233228178127867 0.17301606715596 0.136932366651336 0.102814163301953
"NA19239.1.D10" 0.305938809329976 0.208557126095964 0.185775020252176 0.15889473426798 0.140834310053904
"NA19239.1.D11" 0.282776928600607 0.244384695085032 0.172681069743797 0.226452434989133 0.0737048715814323
"NA19239.1.D12" 0.251029387933234 0.214798254714656 0.195923891603328 0.135342508402689 0.202905957346094
"NA19239.1.E01" 0.354155285645035 0.21077375596387 0.155876443514191 0.204515940061348 0.0746785748155566
"NA19239.1.E02" 0.412746086001543 0.145378786660785 0.125691720538275 0.115585246131071 0.200598160668326
"NA19239.1.E03" 0.374718802489755 0.172903013423804 0.159030430440241 0.154335205306194 0.139012548340006
"NA19239.1.E04" 0.421494847316029 0.172306572051747 0.135833443818753 0.171032714721488 0.0993324220919832
"NA19239.1.E05" 0.153240994107734 0.229237338932788 0.280857406523194 0.15418170983043 0.182482550605854
"NA19239.1.E06" 0.30006730680661 0.108856863600532 0.189082267589495 0.217853475329777 0.184140086673586
"NA19239.1.E07" 0.315325475204334 0.163393651399124 0.183822899612468 0.101904831368957 0.235553142415117
"NA19239.1.E08" 0.392588002140439 0.180877742416178 0.100057691873193 0.0888149074130719 0.237661656157118
"NA19239.1.E09" 0.367702516026906 0.16760283251477 0.148782756097901 0.174061415857912 0.141850479502512
"NA19239.1.E10" 0.325300255038083 0.191945579646045 0.146195866751977 0.172049065829166 0.16450923273473
"NA19239.1.E11" 0.31060724623063 0.175732967720393 0.146678551758054 0.121581231142004 0.245400003148919
"NA19239.1.E12" 0.347451502160573 0.226150057174704 0.157924912677072 0.190851393099299 0.0776221348883512
"NA19239.1.F01" 0.387548535450142 0.17044117925217 0.156752409322809 0.173766634403074 0.111491241571805
"NA19239.1.F02" 0.261131905221943 0.278362382932676 0.184213897575607 0.163736996373215 0.11255481789656
"NA19239.1.F03" 0.287115554069294 0.2772941046526 0.132753590379245 0.219073649118484 0.0837631017803767
"NA19239.1.F04" 0.372247738587147 0.164413115724407 0.15801099758194 0.18751805643387 0.117810091672636
"NA19239.1.F05" 0.121168183883206 0.24543026392268 0.29643206838323 0.145285217226545 0.191684266584339
"NA19239.1.F06" 0.338990384147466 0.229804927537005 0.135095343636983 0.203273363432921 0.0928359812456251
"NA19239.1.F07" 0.326039772942015 0.255571824905182 0.147522147019124 0.167492822816583 0.103373432317096
"NA19239.1.F08" 0.372733689348496 0.157578198933238 0.147399804617209 0.100770965978737 0.22151734112232
"NA19239.1.F09" 0.318257664763434 0.180408649341029 0.167871085874914 0.192927922829654 0.140534677190969
"NA19239.1.F10" 0.390567994990147 0.20569236456333 0.0975732147938819 0.166860849851197 0.139305575801444
"NA19239.1.F11" 0.304244279368526 0.22138791829613 0.197201782973137 0.111058505526063 0.166107513836144
"NA19239.1.F12" 0.249595588854156 0.30398588435607 0.118001263304787 0.145297656484246 0.18311960700074
"NA19239.1.G01" 0.31628500865766 0.247412106952427 0.155208617802598 0.18882409019848 0.0922701763888356
"NA19239.1.G02" 0.244163119691786 0.277888798925328 0.185427226699246 0.172024542308345 0.120496312375295
"NA19239.1.G03" 0.257416077094227 0.196339124582976 0.178649196399364 0.164762223473723 0.20283337844971
"NA19239.1.G04" 0.360281456891832 0.209609823804919 0.159848573344099 0.123370706761392 0.146889439197758
"NA19239.1.G05" 0.229512342832731 0.272158757433884 0.166530337123519 0.196216025406434 0.135582537203433
"NA19239.1.G06" 0.253588635123 0.301755261279501 0.130863803133094 0.162017183850279 0.151775116614126
"NA19239.1.G07" 0.235991049399326 0.232093624551929 0.199886063163028 0.179889976845253 0.152139286040464
"NA19239.1.G08" 0.245332949738436 0.28672785832335 0.199253169795672 0.126576083058176 0.142109939084366
"NA19239.1.G09" 0.240572271015781 0.305800758450164 0.166126190670343 0.196361591365746 0.091139188497967
"NA19239.1.G10" 0.330495486120763 0.239843032234785 0.12346607689449 0.177677349652835 0.128518055097127
"NA19239.1.G11" 0.295509088895289 0.207731230902025 0.148908428865926 0.145589560248543 0.202261691088217
"NA19239.1.G12" 0.359605075909625 0.20779098297867 0.168227889277128 0.141813817972869 0.122562233861707
"NA19239.1.H01" 0.267852012059905 0.219259227539583 0.170527480448936 0.129419129916956 0.21294215003462
"NA19239.1.H03" 0.369751355749301 0.211762659619037 0.151581472016955 0.141497062147374 0.125407450467334
"NA19239.1.H04" 0.207401268662215 0.27949171883494 0.255559429442746 0.170208201017162 0.0873393820429366
"NA19239.1.H05" 0.346402523541226 0.13630652228191 0.179400857331904 0.193995137923978 0.143894958920982
"NA19239.1.H06" 0.351960760604632 0.131179263767197 0.166286980355622 0.153103191540987 0.197469803731562
"NA19239.1.H07" 0.349592924902631 0.166319262074554 0.160175565071886 0.15593256611797 0.167979681832959
"NA19239.1.H08" 0.348865349106588 0.224766684303144 0.181128881053718 0.166611315833479 0.0786277697030708
"NA19239.1.H09" 0.28497732871346 0.144565201190847 0.224607652837182 0.127634113232802 0.218215704025709
"NA19239.1.H10" 0.42289199198836 0.241931464894878 0.106999635722361 0.0780447533660371 0.150132154028363
"NA19239.1.H11" 0.439505699173281 0.197951416845767 0.0785037473254068 0.18255768156405 0.101481455091495
"NA19239.1.H12" 0.359384849312088 0.209813390362471 0.0712530512788603 0.154766581736394 0.204782127310187
"NA19239.2.A01" 0.308254899981013 0.237573061218434 0.161858585941579 0.187363478545266 0.104949974313707
"NA19239.2.A02" 0.431016484919294 0.120781117385479 0.129110092143204 0.129369969224372 0.189722336327651
"NA19239.2.A04" 0.333616190711845 0.147687084959761 0.131077201135243 0.0873876708467045 0.300231852346447
"NA19239.2.A05" 0.35702889626117 0.161320613372372 0.173450272074157 0.232764321540993 0.0754358967513083
"NA19239.2.A06" 0.300871687158402 0.187483021275907 0.145236246679339 0.052082323831275 0.314326721055077
"NA19239.2.A07" 0.357621096159393 0.20544154182855 0.144782129823924 0.188842752238259 0.103312479949873
"NA19239.2.A08" 0.410827009597427 0.155352644882496 0.151111722615139 0.112082183005001 0.170626439899937
"NA19239.2.A09" 0.302956626425546 0.211951518611576 0.147394041608681 0.197985258771408 0.139712554582788
"NA19239.2.A10" 0.126381332340755 0.232397105029381 0.295403708675847 0.169413561993763 0.176404291960254
"NA19239.2.A11" 0.398281022920015 0.140284618548263 0.179578710666824 0.189379815651572 0.0924758322133257
"NA19239.2.A12" 0.352215258314821 0.178737053461163 0.163177492651555 0.120606125911164 0.185264069661298
"NA19239.2.B01" 0.12232234835215 0.223630622953831 0.306109392277262 0.122258028317361 0.225679608099396
"NA19239.2.B02" 0.322237974948006 0.22415262357089 0.173988975971419 0.191172427159578 0.0884479983501074
"NA19239.2.B03" 0.0761667835985469 0.240781642745603 0.255719751217971 0.178885727052891 0.248446095384987
"NA19239.2.B04" 0.434693140638862 0.137883474352938 0.120815627102186 0.14937441070054 0.157233347205474
"NA19239.2.B05" 0.31533343518921 0.146050330531502 0.191858116527087 0.180190973160875 0.166567144591326
"NA19239.2.B06" 0.350679437595063 0.193295492503461 0.158009209168897 0.139916184889221 0.158099675843359
"NA19239.2.B07" 0.346397630500653 0.164636417859317 0.155801184660637 0.160600467484902 0.17256429949449
"NA19239.2.B08" 0.245150938321242 0.269194597686818 0.156857178957233 0.217506161845323 0.111291123189385
"NA19239.2.B09" 0.421874710284043 0.171757268133205 0.126095545406915 0.117326720931852 0.162945755243985
"NA19239.2.B11" 0.130505833475601 0.282341564754766 0.217697908842265 0.0805969382255443 0.288857754701824
"NA19239.2.B12" 0.400553470151136 0.182745230129951 0.122216023928974 0.168375557265991 0.126109718523947
"NA19239.2.C02" 0.245980539305291 0.220158327861881 0.223439930517714 0.20949300498017 0.100928197334945
"NA19239.2.C03" 0.129840775894676 0.361389837749051 0.214516671295815 0.171964464659721 0.122288250400737
"NA19239.2.C04" 0.341330324231844 0.266705855516445 0.0917820896980048 0.165092962810145 0.135088767743562
"NA19239.2.C05" 0.369351265408338 0.114618351942269 0.216271747926334 0.129997503110277 0.169761131612782
"NA19239.2.C06" 0.138811588299408 0.344974547304797 0.172099163425371 0.185787754418261 0.158326946552162
"NA19239.2.C07" 0.432152359265328 0.109406057250385 0.148905306638548 0.134351298400812 0.175184978444927
"NA19239.2.C08" 0.0226362736522397 0.288790388711123 0.338705012635365 0.168211757467473 0.1816565675338
"NA19239.2.C09" 0.326046645476466 0.165049973412845 0.138650627135515 0.128251935977489 0.242000817997684
"NA19239.2.C11" 0.389633468008591 0.169818279616901 0.135646146763429 0.142028232425234 0.162873873185845
"NA19239.2.C12" 0.363389259399913 0.164550672548985 0.160763542426252 0.0852788650891501 0.2260176605357
"NA19239.2.D01" 0.206963230143275 0.237072925705662 0.200142857885878 0.184712560561499 0.171108425703686
"NA19239.2.D02" 0.380806314601626 0.180557855959896 0.163359731518644 0.132744731888726 0.142531366031108
"NA19239.2.D03" 0.329246582655946 0.244909870982558 0.157159214819198 0.160901448776918 0.10778288276538
"NA19239.2.D04" 0.461998143354924 0.141086336385398 0.117543493842419 0.162418745438571 0.116953280978688
"NA19239.2.D05" 0.29666209220174 0.292398003435029 0.127804726117419 0.183195424304458 0.0999397539413548
"NA19239.2.D06" 0.347456092712054 0.264559244639728 0.153099679027753 0.09377077439815 0.141114209222315
"NA19239.2.D07" 0.0856259667029019 0.285660351827636 0.305895911518758 0.182171921984157 0.140645847966547
"NA19239.2.D08" 0.246227952076063 0.161716396326979 0.230614093527952 0.210992905049636 0.15044865301937
"NA19239.2.D09" 0.0265503952781461 0.322327795253087 0.260858287623858 0.169787814017678 0.220475707827231
"NA19239.2.D11" 0.377116801476777 0.218868643400383 0.1157827376751 0.229367962266703 0.0588638551810367
"NA19239.2.D12" 0.0279267242408027 0.234014427296911 0.367680166211748 0.16769563638238 0.202683045868158
"NA19239.2.E01" 0.325371343583278 0.255596080752559 0.112033970750703 0.167386974053113 0.139611630860347
"NA19239.2.E02" 0.38259183792642 0.233098602821633 0.123245767217816 0.12737654261468 0.13368724941945
"NA19239.2.E04" 0.443633665617154 0.130351514749427 0.11532181254433 0.186935371295399 0.12375763579369
"NA19239.2.E05" 0.333644569597721 0.167208276903201 0.134434292541671 0.250405307873504 0.114307553083903
"NA19239.2.E06" 0.439219925278924 0.122011211991267 0.174049216908281 0.169374345400172 0.095345300421357
"NA19239.2.E07" 0.413078329527453 0.201921995436063 0.125103272228294 0.187554643640721 0.0723417591674693
"NA19239.2.E08" 0.357075907951694 0.215320654245626 0.140407443114088 0.190316519844242 0.0968794748443507
"NA19239.2.E09" 0.0609853803771939 0.282274699974424 0.264233460187626 0.188601859520787 0.203904599939968
"NA19239.2.E11" 0.33935067788476 0.247057400437203 0.128839926671637 0.194438252291668 0.0903137427147308
"NA19239.2.E12" 0.308122730298223 0.191718868236948 0.155119800683138 0.0700550325087537 0.274983568272937
"NA19239.2.F01" 0.378554561207259 0.188004194032374 0.150628975198007 0.12904330865595 0.153768960906411
"NA19239.2.F02" 0.247433994549904 0.230411448985777 0.217959631937176 0.172249827306885 0.131945097220258
"NA19239.2.F03" 0.368977915376027 0.2213599994623 0.156056421217438 0.149803439684039 0.103802224260197
"NA19239.2.F04" 0.173999761998094 0.213336149910933 0.26378125258442 0.129897714550435 0.218985120956118
"NA19239.2.F05" 0.36181538695819 0.198654776228665 0.191403702788877 0.159074224804201 0.0890519092200662
"NA19239.2.F06" 0.1190548240877 0.260189997754641 0.294347578671746 0.198360239127146 0.128047360358767
"NA19239.2.F07" 0.113981800405572 0.338495902811361 0.247158974740387 0.129350658454877 0.171012663587803
"NA19239.2.F08" 0.443362488673734 0.0892130222605782 0.169887863862988 0.15181289871865 0.14572372648405
"NA19239.2.F09" 0.339752746036798 0.20429259072779 0.211390671968781 0.129204986142459 0.115359005124172
"NA19239.2.F10" 0.402448018870594 0.230237794578593 0.0887892478188667 0.207497393688137 0.0710275450438095
"NA19239.2.F11" 0.349444845621811 0.253745621600786 0.102691555414506 0.18210001075865 0.112017966604247
"NA19239.2.F12" 0.267424946309558 0.199900264778419 0.219244264832766 0.160555563839192 0.152874960240066
"NA19239.2.G01" 0.29686785668738 0.242313925126811 0.163753913022854 0.197494123783355 0.0995701813796004
"NA19239.2.G02" 0.347250442537989 0.163938454442525 0.170991455370576 0.167475353756338 0.150344293892572
"NA19239.2.G03" 0.105835012273139 0.301651309625675 0.274230731218022 0.113828812633219 0.204454134249946
"NA19239.2.G04" 0.30018680776165 0.184763948551535 0.142250183971078 0.169146730821044 0.203652328894693
"NA19239.2.G05" 0.332187236933226 0.267311261216067 0.0911194236489129 0.199961626939118 0.109420451262675
"NA19239.2.G06" 0.336679687565818 0.220211935894243 0.173485505152149 0.134703939310531 0.134918932077259
"NA19239.2.G07" 0.368586188901525 0.196332110401134 0.113107094507026 0.196180995420303 0.125793610770012
"NA19239.2.G08" 0.137285725995739 0.320045373056712 0.172070537690675 0.221429157975339 0.149169205281534
"NA19239.2.G09" 0.393136543568228 0.200901406617805 0.0671926742541624 0.0887908927461779 0.249978482813627
"NA19239.2.G10" 0.467789524661056 0.185715919180747 0.100684164726399 0.123825284729875 0.121985106701922
"NA19239.2.G11" 0.376782134068958 0.196297513056396 0.119323356740011 0.206553378816651 0.101043617317984
"NA19239.2.G12" 0.409516992697623 0.191659432904668 0.134131506752966 0.197254965719644 0.0674371019250988
"NA19239.2.H01" 0.375012515305226 0.172809780692158 0.1727503437533 0.126225281809605 0.15320207843971
"NA19239.2.H02" 0.135384071693129 0.314870166659358 0.241717553153878 0.136368455339338 0.171659753154297
"NA19239.2.H03" 0.144161375246125 0.334314748655093 0.230951032694779 0.115955850226324 0.174616993177679
"NA19239.2.H04" 0.492064443411981 0.104901398604203 0.165765377424575 0.117872064257849 0.119396716301392
"NA19239.2.H05" 0.250758314072621 0.210776116189949 0.227305236679369 0.191337548750373 0.119822784307689
"NA19239.2.H06" 0.327100783591207 0.186764007284849 0.167803748968003 0.144498562808138 0.173832897347803
"NA19239.2.H07" 0.198268846401864 0.223899859873945 0.24950196873774 0.235823434197026 0.092505890789424
"NA19239.2.H08" 0.349300579665898 0.178859049838786 0.113679045722218 0.124444361672716 0.233716963100382
"NA19239.2.H09" 0.4241465147754 0.137930889139024 0.168779204532007 0.107757269215996 0.161386122337573
"NA19239.2.H10" 0.444762427703185 0.141319638310533 0.164391585709203 0.100622030406931 0.148904317870147
"NA19239.2.H11" 0.317226532553772 0.0792469158687134 0.210767837219528 0.144140566803707 0.24861814755428
"NA19239.2.H12" 0.503112837076106 0.173816391884052 0.101713818819673 0.116075505490204 0.105281446729965
"NA19239.3.A02" 0.342895136769559 0.213128976640148 0.19549034815389 0.107576832979598 0.140908705456805
"NA19239.3.A03" 0.279717922029313 0.272776474448779 0.147146322982144 0.202395696499352 0.097963584040412
"NA19239.3.A04" 0.184838332074332 0.228652471790968 0.152124663564998 0.116199647916088 0.318184884653615
"NA19239.3.A05" 0.332048770400548 0.220479027480021 0.119410113893558 0.235692470120446 0.0923696181054271
"NA19239.3.A06" 0.200986665159953 0.246693382565403 0.19580798620037 0.187755236383373 0.168756729690902
"NA19239.3.A07" 0.307907562975905 0.226759273727389 0.144667973229793 0.244685061841221 0.0759801282256912
"NA19239.3.A08" 0.127690817508276 0.28182288024723 0.261679377877834 0.13217719379817 0.196629730568489
"NA19239.3.A09" 0.389044772712069 0.190982498419338 0.188692731902602 0.0989812235926655 0.132298773373326
"NA19239.3.A10" 0.354342840410727 0.174546554230772 0.206360698432956 0.181479973571418 0.0832699333541281
"NA19239.3.A11" 0.267736929525554 0.237188582360494 0.177394345551202 0.192185750223765 0.125494392338986
"NA19239.3.A12" 0.350998486084398 0.235458444898284 0.159706206306017 0.168342744352243 0.0854941183590576
"NA19239.3.B01" 0.231774253088961 0.286489936057407 0.194944421855398 0.15414581184121 0.132645577157023
"NA19239.3.B02" 0.222452119260013 0.25176138988214 0.199695256906274 0.204747656370873 0.121343577580699
"NA19239.3.B03" 0.388594305899027 0.206712162887802 0.0851241036253641 0.127485176267265 0.192084251320542
"NA19239.3.B04" 0.333806273103688 0.221352333046573 0.193062824879783 0.168169902851414 0.0836086661185421
"NA19239.3.B05" 0.363700477399969 0.17361848753993 0.17237866529633 0.195359312761589 0.0949430570021825
"NA19239.3.B06" 0.212806007180679 0.2407335763902 0.212742835984869 0.217941396984281 0.115776183459971
"NA19239.3.B07" 0.283329090502895 0.155886907186723 0.191167037883491 0.149417941215855 0.220199023211037
"NA19239.3.B10" 0.263435623340819 0.361477167060087 0.139155581036601 0.124043128755312 0.11188849980718
"NA19239.3.B11" 0.285433314720556 0.186086368661571 0.161430755281902 0.116389974793884 0.250659586542088
"NA19239.3.B12" 0.324656482178813 0.207814753025774 0.164837498563626 0.208127865006993 0.0945634012247939
"NA19239.3.C01" 0.459798618660397 0.183771084225983 0.0750026885122962 0.178194193085126 0.103233415516198
"NA19239.3.C02" 0.289821956694847 0.283682664391472 0.181835341486245 0.162509124511803 0.0821509129156337
"NA19239.3.C03" 0.333101773634628 0.180329012016176 0.208719566162511 0.132871427348716 0.144978220837968
"NA19239.3.C06" 0.253237043716816 0.305848243717665 0.162652740458485 0.168899458233345 0.109362513873688
"NA19239.3.C07" 0.0124760280033259 0.29538027797669 0.317321467078976 0.204415077371752 0.170407149569256
"NA19239.3.C08" 0.314073508279961 0.257133338268737 0.130873790557392 0.19019172892517 0.10772763396874
"NA19239.3.C09" 0.332361036043859 0.19025284391288 0.158496928879737 0.189647431624688 0.129241759538836
"NA19239.3.C10" 0.266861301740629 0.208459410356723 0.174152468455045 0.190672924804981 0.159853894642621
"NA19239.3.C11" 0.334525799981208 0.222550519754778 0.183935409958583 0.0961624153501665 0.162825854955264
"NA19239.3.C12" 0.31365516521537 0.242545475028987 0.178900627100716 0.134423137114124 0.130475595540803
"NA19239.3.D01" 0.331896179505608 0.211357708521606 0.160515891071365 0.195185653785708 0.101044567115713
"NA19239.3.D02" 0.410444662390448 0.113920443138301 0.170743959875065 0.105394145832786 0.1994967887634
"NA19239.3.D03" 0.300494994263413 0.155743661864471 0.166928631919908 0.0574447258484635 0.319387986103744
"NA19239.3.D04" 0.294695577054583 0.132497692508776 0.179128655062863 0.211304731969893 0.182373343403885
"NA19239.3.D05" 0.303049909555485 0.262382430740454 0.149216375765809 0.208054171930635 0.0772971120076177
"NA19239.3.D06" 0.263123760672497 0.186814568845898 0.170841481690989 0.119929775570968 0.259290413219647
"NA19239.3.D07" 0.364390021309779 0.161878088901633 0.209976603858749 0.105191517256083 0.158563768673757
"NA19239.3.D08" 0.337538637025937 0.206169684540721 0.140916926294872 0.192710702591545 0.122664049546926
"NA19239.3.D09" 0.333105358003091 0.214457323409076 0.186039678088488 0.150036006647263 0.116361633852081
"NA19239.3.D10" 0.323176304301718 0.225533618467222 0.219026442764127 0.151639536356719 0.080624098110213
"NA19239.3.D12" 0.31044951264638 0.131343247308999 0.13553682224336 0.103516530152238 0.319153887649022
"NA19239.3.E01" 0.126549163942859 0.261177762495062 0.20510837610673 0.188787955379969 0.21837674207538
"NA19239.3.E02" 0.335618825730391 0.178246085506876 0.168142641606455 0.181764129557553 0.136228317598726
"NA19239.3.E05" 0.325321233716484 0.118320790202233 0.15656517658234 0.131273531845553 0.26851926765339
"NA19239.3.E06" 0.323106364477471 0.202240776958366 0.182063515607007 0.138982308091902 0.153607034865254
"NA19239.3.E07" 0.363148336684534 0.21902114703923 0.125194751548484 0.161241266340238 0.131394498387514
"NA19239.3.E08" 0.365586713106812 0.274964984866982 0.138637943261117 0.150815863321137 0.0699944954439519
"NA19239.3.E09" 0.278431499488413 0.250673924777379 0.165094134327877 0.209262018904089 0.096538422502241
"NA19239.3.E10" 0.315982832073408 0.130432103212972 0.130371323411337 0.10078009643277 0.322433644869513
"NA19239.3.E11" 0.263901146038784 0.22398474641145 0.162947676810264 0.0667425803527573 0.282423850386745
"NA19239.3.E12" 0.0980171735075464 0.327487827588082 0.272566433441784 0.164773813872926 0.137154751589662
"NA19239.3.F01" 0.339586610532377 0.210813998802393 0.143307288785786 0.144536835142163 0.161755266737281
"NA19239.3.F02" 0.290084770394147 0.29961994240523 0.149400587223669 0.181504464996636 0.0793902349803177
"NA19239.3.F03" 0.388016466267995 0.168384986568135 0.140995880797506 0.149613266396492 0.152989399969872
"NA19239.3.F04" 0.262316266593308 0.18114050369136 0.267125040311709 0.121296312306788 0.168121877096835
"NA19239.3.F05" 0.364342828902958 0.164100612448446 0.16028974024201 0.147593520729306 0.163673297677281
"NA19239.3.F06" 0.310287589857253 0.219247947614891 0.171988839179559 0.168519380681 0.129956242667297
"NA19239.3.F07" 0.274567922596705 0.214904190913351 0.106574786717178 0.144282074837823 0.259671024934942
"NA19239.3.F08" 0.244220779975295 0.261217898488328 0.178470551597592 0.187467354348458 0.128623415590328
"NA19239.3.F09" 0.3449842704549 0.13925251104259 0.137137265553897 0.107720553918807 0.270905399029807
"NA19239.3.F10" 0.326127608743768 0.236756708391743 0.186941879396438 0.13412176290891 0.11605204055914
"NA19239.3.F11" 0.278598991073631 0.27603325710998 0.166366955275379 0.148484523160044 0.130516273380967
"NA19239.3.F12" 0.32518734147929 0.23354709593021 0.141597893878451 0.162677240383344 0.136990428328704
"NA19239.3.G01" 0.353455415977163 0.183730627413099 0.173644523482995 0.155080201529984 0.134089231596759
"NA19239.3.G02" 0.32144525307874 0.204927948873279 0.181049129846521 0.151240051658792 0.141337616542668
"NA19239.3.G03" 0.316211604580197 0.182588444465437 0.194253395660146 0.170350616792017 0.136595938502202
"NA19239.3.G05" 0.406242582875297 0.166408646383513 0.165223352905623 0.126382425485079 0.135742992350489
"NA19239.3.G06" 0.354399070539896 0.147787192226602 0.19649193799937 0.146385286091796 0.154936513142336
"NA19239.3.G07" 0.381537300970898 0.205683548149744 0.169843743335596 0.139543255337016 0.103392152206746
"NA19239.3.G08" 0.365551047304467 0.163069414022864 0.158158542310032 0.149492894695388 0.163728101667249
"NA19239.3.G09" 0.31998784216115 0.232231513932495 0.144377518569693 0.172664576415516 0.130738548921146
"NA19239.3.G11" 0.323546921852183 0.203027449721484 0.130931053772575 0.160015983504852 0.182478591148906
"NA19239.3.G12" 0.318149102751028 0.0489600089772716 0.238772834234118 0.0788503038025887 0.315267750234994
"NA19239.3.H01" 0.368228990529139 0.125517132650887 0.124491182693228 0.0914934680031935 0.290269226123553
"NA19239.3.H03" 0.335664239600599 0.213668955384727 0.156195711667991 0.154776295441309 0.139694797905374
"NA19239.3.H04" 0.282800503025294 0.281059348947654 0.0968951738064186 0.116754967634974 0.22249000658566
"NA19239.3.H05" 0.3148979756923 0.138212808689575 0.20805389558531 0.109410032998487 0.229425287034329
"NA19239.3.H06" 0.406809879249342 0.244852776996257 0.134495963597315 0.102191335191808 0.111650044965279
"NA19239.3.H07" 0.369259297841688 0.189062610181082 0.12676397271062 0.127886175695446 0.187027943571164
"NA19239.3.H08" 0.24929654385079 0.270290969909543 0.20075891668029 0.19735310931113 0.0823004602482469
"NA19239.3.H09" 0.342259723718208 0.243150955251018 0.12510169035418 0.220631795178803 0.0688558354977913
"NA19239.3.H11" 0.284118998081292 0.253873509574077 0.146113142032788 0.223561577108958 0.092332773202885
"NA19239.3.H12" 0.328523414660073 0.237184719080934 0.111402980802154 0.229374053149151 0.0935148323076883
"NA19101.1.A01" 0.0607108373008598 0.335307099503022 0.26266735177982 0.159343414521485 0.181971296894813
"NA19101.1.A02" 0.298031563744479 0.218479417998063 0.191094740883996 0.226926424439381 0.0654678529340808
"NA19101.1.A03" 0.398745033508493 0.0896259422656984 0.142761311903716 0.108182535508779 0.260685176813314
"NA19101.1.A04" 0.328768207157572 0.193024813098087 0.183034422808924 0.211021785564891 0.0841507713705261
"NA19101.1.A05" 0.349931412683611 0.167688991942383 0.128756169559731 0.162063165991035 0.19156025982324
"NA19101.1.A06" 0.392945582253461 0.185531682222517 0.121799451059104 0.184992011660717 0.114731272804201
"NA19101.1.A07" 0.355320395130667 0.108504200205691 0.128613627300083 0.139067882343522 0.268493895020037
"NA19101.1.A08" 0.164220412737921 0.308015842905649 0.22147273674047 0.198783076010408 0.107507931605552
"NA19101.1.A09" 0.355539131057799 0.160748386359413 0.143489651272868 0.115884080313978 0.224338750995942
"NA19101.1.A10" 0.331128323260671 0.24983437648268 0.149749371662053 0.167396088648709 0.101891839945887
"NA19101.1.A11" 0.225360927240461 0.281051084608377 0.181482662666187 0.141243598500772 0.170861726984203
"NA19101.1.A12" 0.025794532817667 0.235758499742873 0.393219386994396 0.138162172555863 0.207065407889201
"NA19101.1.B01" 0.00421435514136457 0.346226983581223 0.338318691734273 0.125632439021182 0.185607530521957
"NA19101.1.B02" 0.442661500855227 0.136015258706209 0.189762788119915 0.111583474255554 0.119976978063095
"NA19101.1.B03" 0.334055145113315 0.245757588365798 0.121900784266542 0.205656306458819 0.0926301757955263
"NA19101.1.B04" 0.324931274458756 0.195318622880023 0.161893172366772 0.218860446261444 0.098996484033005
"NA19101.1.B05" 0.234507234715588 0.216424392014621 0.176936384325687 0.180650555528889 0.191481433415215
"NA19101.1.B06" 0.00464224757944458 0.26271052416295 0.330265169837978 0.269991094094486 0.132390964325141
"NA19101.1.B07" 0.408032790898765 0.16138018826632 0.144481419248474 0.220384055675343 0.065721545911099
"NA19101.1.B08" 0.326294819961847 0.155823888089223 0.164781738544142 0.16856044864698 0.184539104757809
"NA19101.1.B09" 0.419599726316453 0.124843228680899 0.175316909362344 0.121838422658788 0.158401712981516
"NA19101.1.B10" 0.296288967902947 0.169690058955049 0.164681399632867 0.131540257396857 0.23779931611228
"NA19101.1.B11" 0.327499556598288 0.197038002139574 0.139324809358055 0.122139424221079 0.213998207683004
"NA19101.1.B12" 0.379909245148756 0.253514856135264 0.11406136193988 0.177064505943639 0.0754500308324598
"NA19101.1.C01" 0.342368315056869 0.268452928609452 0.119642036856674 0.189356601563642 0.0801801179133624
"NA19101.1.C02" 0.207145494849628 0.289840451912117 0.207494898748496 0.205556713651728 0.0899624408380306
"NA19101.1.C03" 0.316882563462171 0.239766852985918 0.13775663395942 0.225979491139574 0.0796144584529169
"NA19101.1.C04" 0.31617724218892 0.219691845205818 0.154886110017598 0.198893769769445 0.110351032818219
"NA19101.1.C05" 0.320657972618536 0.203891723105226 0.175982134981574 0.145235208528335 0.154232960766329
"NA19101.1.C06" 0.372841535510353 0.151765925372148 0.182107431262083 0.138170852451667 0.15511425540375
"NA19101.1.C07" 0.335910262537781 0.234530965364449 0.170924203501065 0.166540350941394 0.0920942176553115
"NA19101.1.C08" 0.269139500338166 0.206838462315663 0.195300670325313 0.0561554310135073 0.27256593600735
"NA19101.1.C09" 0.301510664000547 0.216271764517282 0.163742898162663 0.202048750445905 0.116425922873602
"NA19101.1.C10" 0.35975563110515 0.165900331831288 0.114684384979513 0.122098428087632 0.237561223996417
"NA19101.1.C11" 0.227626653257477 0.196091606459718 0.191789438954836 0.100977779251402 0.283514522076566
"NA19101.1.C12" 0.380377325599598 0.212489855595391 0.124700020160354 0.190496773230131 0.0919360254145252
"NA19101.1.D01" 0.216940932994334 0.27969500011633 0.202822982605655 0.226274950549945 0.0742661337337363
"NA19101.1.D02" 0.339970784390651 0.138559262917914 0.214904075784964 0.203509077801986 0.103056799104486
"NA19101.1.D03" 0.347602166185669 0.185137204200304 0.150535378781629 0.223861393469646 0.0928638573627522
"NA19101.1.D04" 0.397616404254495 0.134809796248904 0.156559384882404 0.189750027010493 0.121264387603703
"NA19101.1.D05" 0.433984574759435 0.189540453020411 0.123611757349726 0.180098142990977 0.0727650718794505
"NA19101.1.D06" 0.155655541795602 0.306177789733313 0.248953128034264 0.161790128232425 0.127423412204396
"NA19101.1.D07" 0.311163814543449 0.173061350576747 0.149150427110766 0.142747650116201 0.223876757652838
"NA19101.1.D08" 0.329793493250181 0.186093380731378 0.156728330272883 0.0718688380198822 0.255515957725675
"NA19101.1.D09" 0.321019688970039 0.159456855363853 0.131795476039428 0.136796108198328 0.250931871428351
"NA19101.1.D10" 0.370205602010755 0.170411975199589 0.153165168199989 0.0984152583504486 0.207801996239219
"NA19101.1.D11" 0.398051878682214 0.160366843093614 0.148725240264981 0.121231545578632 0.171624492380559
"NA19101.1.D12" 0.373986508140083 0.184290830689461 0.146732011391366 0.200504354323562 0.094486295455527
"NA19101.1.E01" 0.259216169315411 0.234004677365549 0.127800155418716 0.0868492184218961 0.292129779478428
"NA19101.1.E02" 0.257604955066162 0.233862730455235 0.173160686170198 0.112747599380972 0.222624028927434
"NA19101.1.E03" 0.346692469651074 0.196744737215337 0.174468193303995 0.184939612388965 0.0971549874406294
"NA19101.1.E04" 0.303721020886935 0.15948832049087 0.197036497584633 0.142054457786119 0.197699703251443
"NA19101.1.E05" 0.101781401926232 0.286206193788145 0.273132144893195 0.178283354928862 0.160596904463566
"NA19101.1.E06" 0.265126785551066 0.251284921202375 0.161408109718111 0.20895285269914 0.113227330829308
"NA19101.1.E07" 0.393578287904359 0.175038846727898 0.158631842016391 0.129318699908954 0.143432323442398
"NA19101.1.E08" 0.401018063306255 0.185459144015981 0.138450515984368 0.188356808396043 0.0867154682973526
"NA19101.1.E09" 0.159262200901197 0.274974109192895 0.244861272210383 0.213507612920032 0.107394804775493
"NA19101.1.E10" 0.519168269293756 0.145699641532003 0.108813091859376 0.0713059967607236 0.155013000554142
"NA19101.1.E11" 0.285298436615542 0.270884234543505 0.212626253053899 0.0419889671436383 0.189202108643416
"NA19101.1.E12" 0.311975708409008 0.246661885269034 0.0779275304844852 0.135085414057956 0.228349461779517
"NA19101.1.F01" 0.28831186650789 0.258774169387847 0.15862088053903 0.165874740489158 0.128418343076076
"NA19101.1.F02" 0.39782983193417 0.178872307551894 0.103952007961104 0.117865480782984 0.201480371769848
"NA19101.1.F03" 0.429286811784976 0.188858105493761 0.12969791419408 0.187320842950059 0.0648363255771235
"NA19101.1.F04" 0.228422209583435 0.25620219941695 0.168006931310407 0.125297958957498 0.22207070073171
"NA19101.1.F07" 0.394353006876026 0.162690089643065 0.174829971315545 0.172574868281689 0.095552063883675
"NA19101.1.F08" 0.428328031498296 0.140216422978459 0.158389695117293 0.200646954579412 0.0724188958265408
"NA19101.1.F09" 0.407925702600872 0.156494227245961 0.147905837063631 0.193743086726527 0.0939311463630095
"NA19101.1.F10" 0.0960808787474605 0.350414665462072 0.22522015932885 0.156348984407566 0.171935312054052
"NA19101.1.F11" 0.314531039148322 0.216060542486636 0.162918920950584 0.19475473957855 0.111734757835908
"NA19101.1.F12" 0.37494635366299 0.229864627634082 0.150296877728795 0.165956105830362 0.0789360351437715
"NA19101.1.G01" 0.00834930370567188 0.290377322336218 0.342347858114002 0.198345996735908 0.160579519108201
"NA19101.1.G02" 0.33463965893536 0.193450302035939 0.206016467369105 0.154751753939345 0.111141817720252
"NA19101.1.G03" 0.28774726776843 0.229097816321633 0.180607668222703 0.17625350569877 0.126293741988464
"NA19101.1.G04" 0.340887909729245 0.196970530151838 0.147722954200791 0.193576710921123 0.120841894997003
"NA19101.1.G05" 0.347866863418471 0.236320508987802 0.13904713566879 0.174187963626211 0.102577528298727
"NA19101.1.G06" 0.128396852335656 0.295301505930371 0.199214785110216 0.159739692065992 0.217347164557764
"NA19101.1.G07" 0.336992578587406 0.241078522283629 0.148994734804002 0.162067720298852 0.110866444026111
"NA19101.1.G08" 0.300485380667748 0.223894738318987 0.177002144724966 0.172914812534234 0.125702923754064
"NA19101.1.G09" 0.389578145462151 0.209409035739215 0.111373491499772 0.194551662299979 0.0950876649988823
"NA19101.1.G10" 0.40478896059101 0.158025136037013 0.154343357773414 0.126135520342734 0.156707025255829
"NA19101.1.G11" 0.404542518004645 0.112451607654055 0.123528843207869 0.096278686048104 0.263198345085326
"NA19101.1.G12" 0.439372501246749 0.109921103798375 0.133619891956194 0.125557847187583 0.191528655811099
"NA19101.1.H01" 0.301304426914068 0.231718180614968 0.152351505661655 0.12529522634058 0.18933066046873
"NA19101.1.H02" 0.300487701553819 0.241319188345929 0.180427175594256 0.199865874466111 0.0779000600398846
"NA19101.1.H03" 0.413042836240216 0.110385219242138 0.157748076583044 0.156422343365576 0.162401524569025
"NA19101.1.H04" 0.0971430372413337 0.331524959880657 0.226730710667328 0.143179446760293 0.201421845450388
"NA19101.1.H05" 0.384899878598164 0.176958774938758 0.143189886706416 0.121192185024075 0.173759274732588
"NA19101.1.H06" 0.352750524905563 0.189097363789404 0.0953360979113363 0.110574107506687 0.25224190588701
"NA19101.1.H08" 0.321743359671393 0.20194746498255 0.174197335554207 0.219433349527284 0.0826784902645664
"NA19101.1.H09" 0.180278936729162 0.18581963563799 0.341175560242115 0.148421579653089 0.144304287737645
"NA19101.1.H10" 0.286531588607035 0.163536680876011 0.147461019214176 0.113819434056904 0.288651277245875
"NA19101.1.H12" 0.420689140450214 0.201531727868632 0.109976680170606 0.201875186380333 0.0659272651302152
"NA19101.2.A01" 0.283522205835782 0.234197019490091 0.202156999988555 0.127140716513713 0.152983058171859
"NA19101.2.A02" 0.449898263441633 0.200381348713859 0.0800266240918007 0.196977432022532 0.0727163317301749
"NA19101.2.A03" 0.183806915761414 0.284986458424999 0.264422323468883 0.0943625834962694 0.172421718848434
"NA19101.2.A04" 0.254706062281049 0.206317977990752 0.229908821002606 0.19720122546937 0.111865913256222
"NA19101.2.A06" 0.457602792067268 0.148868922147824 0.121698923935582 0.149104202066845 0.122725159782481
"NA19101.2.A07" 0.12606906844522 0.256290082308294 0.285852013776174 0.205017479144419 0.126771356325893
"NA19101.2.A08" 0.359573840260004 0.169076499420312 0.123576811351951 0.140596300045813 0.207176548921921
"NA19101.2.A09" 0.416017415946178 0.148533028003178 0.136892191255081 0.102346456136528 0.196210908659035
"NA19101.2.A10" 0.330395107431242 0.276523385814402 0.144285772255198 0.165344527088811 0.0834512074103457
"NA19101.2.A11" 0.15182775171392 0.232190513990546 0.304102982951607 0.15813231253836 0.153746438805566
"NA19101.2.A12" 0.0867343830285426 0.280589253124841 0.277365044650481 0.296048317758288 0.0592630014378472
"NA19101.2.B01" 0.258530292279678 0.216573133894247 0.246917904476867 0.174096340399815 0.103882328949393
"NA19101.2.B02" 0.384208255787255 0.127547648612744 0.137282619968569 0.0961854258267902 0.254776049804642
"NA19101.2.B03" 0.352008876129 0.19433070471527 0.137116104010809 0.206151017616093 0.110393297528828
"NA19101.2.B04" 0.0869855513472337 0.24511026943072 0.283674403370217 0.129617088661115 0.254612687190714
"NA19101.2.B05" 0.177903771898892 0.24563567910839 0.261640898264766 0.185118841439782 0.12970080928817
"NA19101.2.B06" 0.439447826521705 0.168960942078961 0.166461623565876 0.153916176352018 0.0712134314814395
"NA19101.2.B08" 0.416722162304272 0.211538050207366 0.101436768380953 0.156567435100198 0.113735584007211
"NA19101.2.B09" 0.39726805088572 0.179218545651283 0.146118450284065 0.182174368728885 0.0952205844500474
"NA19101.2.B10" 0.362778771957176 0.233096780509777 0.149078771902181 0.157003076302744 0.0980425993281223
"NA19101.2.B12" 0.464274058234559 0.185459907700882 0.144598921126798 0.135917190312774 0.0697499226249873
"NA19101.2.C01" 0.140602273582497 0.183153471095537 0.324071653868628 0.17602752559218 0.176145075861158
"NA19101.2.C03" 0.351653675037256 0.227713233732371 0.175103001287687 0.178108674692148 0.0674214152505376
"NA19101.2.C04" 0.315155732435617 0.209215904059179 0.112259193476633 0.221300295335777 0.142068874692794
"NA19101.2.C05" 0.373843043210681 0.193439255736626 0.150356320726324 0.149183691582881 0.133177688743489
"NA19101.2.C06" 0.426250129977951 0.143507246822933 0.0868127520275691 0.107399376054712 0.236030495116834
"NA19101.2.C07" 0.513324813545402 0.184446902933246 0.0604516552192902 0.130724188103817 0.111052440198244
"NA19101.2.C08" 0.32789531025063 0.255008569998383 0.14534543740087 0.181430633433627 0.09032004891649
"NA19101.2.C09" 0.122773171353345 0.247835332192429 0.287694798785271 0.0963913023172726 0.245305395351682
"NA19101.2.C10" 0.274550604246814 0.172600822213985 0.257439434913478 0.132634073755223 0.1627750648705
"NA19101.2.C11" 0.466939910068626 0.118390729064438 0.128225901440719 0.112926784035848 0.17351667539037
"NA19101.2.C12" 0.180317969194772 0.222228061293579 0.221140629205317 0.151580061695585 0.224733278610747
"NA19101.2.D01" 0.394656466736453 0.274559966419166 0.0684402773667916 0.162934238848114 0.0994090506294746
"NA19101.2.D02" 0.316900376625793 0.188721125722969 0.195774730296141 0.197868129993971 0.100735637361126
"NA19101.2.D03" 0.438374142875954 0.186853415001673 0.0666151243445984 0.175294675741108 0.132862642036667
"NA19101.2.D04" 0.393479859183276 0.196128999900625 0.138920291416113 0.14726158605019 0.124209263449797
"NA19101.2.D05" 0.206278672791732 0.189903007679335 0.290434710863484 0.146371205645693 0.167012403019757
"NA19101.2.D06" 0.374493583942395 0.169115792018563 0.172980578955193 0.159688779478602 0.123721265605247
"NA19101.2.D07" 0.317016813785878 0.22868539412393 0.165089306945555 0.158375111292444 0.130833373852194
"NA19101.2.D08" 0.387766932634209 0.211115281037319 0.100951822936308 0.193333679461274 0.10683228393089
"NA19101.2.D09" 0.195772919393815 0.23796691724846 0.252890824167512 0.183965597090402 0.129403742099811
"NA19101.2.D10" 0.336947269952339 0.160036206729417 0.193987757037538 0.139192129282827 0.16983663699788
"NA19101.2.D11" 0.455531886422722 0.203432001413594 0.0623674639836968 0.182114563045923 0.096554085134064
"NA19101.2.D12" 0.201631881524356 0.305660315481559 0.256172091313829 0.10829727363877 0.128238438041486
"NA19101.2.E01" 0.330128963349313 0.233612276220717 0.130718364802032 0.207715577642238 0.0978248179857003
"NA19101.2.E02" 0.344357410783358 0.233202559770687 0.103617446952547 0.192292945637759 0.126529636855649
"NA19101.2.E03" 0.244717006385682 0.262956014844127 0.215595132030137 0.118039312106837 0.158692534633217
"NA19101.2.E04" 0.379003864957278 0.154134447539821 0.111843113577336 0.0974968859471191 0.257521687978445
"NA19101.2.E05" 0.183109830615723 0.23444694227835 0.248896077942521 0.209963665758369 0.123583483405037
"NA19101.2.E06" 0.242250015642474 0.235040948505081 0.238791619399762 0.148063578932342 0.135853837520341
"NA19101.2.E07" 0.263118360354388 0.218661625421105 0.133410800605366 0.244453297493814 0.140355916125327
"NA19101.2.E09" 0.326027497831937 0.195076683869007 0.201250620346542 0.113073094534744 0.16457210341777
"NA19101.2.E10" 0.392087286337826 0.218783518757479 0.096587875391878 0.173045125248734 0.119496194264083
"NA19101.2.E11" 0.309092651059976 0.15752374950733 0.124660364278795 0.139008396933468 0.269714838220432
"NA19101.2.E12" 0.497513967989601 0.159720639293973 0.0721823233089494 0.137210245873557 0.13337282353392
"NA19101.2.F01" 0.393474769753625 0.196305675657596 0.1131822591034 0.145372813731802 0.151664481753577
"NA19101.2.F02" 0.103984568380132 0.197017087271953 0.267641179453632 0.176386296043371 0.254970868850912
"NA19101.2.F03" 0.422409305739773 0.124454596960176 0.13026411573066 0.112812098830119 0.210059882739271
"NA19101.2.F04" 0.386506369557762 0.265168519055018 0.130565879188866 0.0875118025598349 0.130247429638519
"NA19101.2.F06" 0.455766555378303 0.124479324576863 0.0703693502108623 0.131212427391285 0.218172342442687
"NA19101.2.F07" 0.378740849248814 0.109721078355591 0.123066471093225 0.101113749352085 0.287357851950284
"NA19101.2.F08" 0.349212931979542 0.238728544923361 0.10241185314168 0.178536603934205 0.131110066021212
"NA19101.2.F09" 0.354744759255612 0.228258866494217 0.173744387483983 0.136857287568832 0.106394699197356
"NA19101.2.F10" 0.135181210554161 0.325926789172399 0.281781321826494 0.115853821970341 0.141256856476606
"NA19101.2.F11" 0.101688547842437 0.275700466378632 0.256915165633759 0.182428123477421 0.18326769666775
"NA19101.2.F12" 0.170337081731892 0.18890609112584 0.20274219663732 0.202563396373345 0.235451234131602
"NA19101.2.G01" 0.39234355831214 0.185598093959017 0.136736852870687 0.180868141743008 0.104453353115148
"NA19101.2.G02" 0.313267351680513 0.207267603194133 0.101860039913195 0.102786816683142 0.274818188529018
"NA19101.2.G03" 0.27384985325986 0.190385839493886 0.189293047644353 0.230237087332132 0.116234172269769
"NA19101.2.G04" 0.343139608235541 0.220990201719901 0.123022972647706 0.130596124585528 0.182251092811324
"NA19101.2.G05" 0.309211768476537 0.183967253148638 0.155031272282731 0.214293107889161 0.137496598202933
"NA19101.2.G06" 0.186805519260952 0.242658801961081 0.215365140112507 0.192608688757329 0.16256184990813
"NA19101.2.G07" 0.378553703909145 0.18179796729781 0.169609708412456 0.110122443014228 0.159916177366361
"NA19101.2.G08" 0.0925211446462877 0.266840351070671 0.25312507322492 0.172990559741793 0.214522871316328
"NA19101.2.G09" 0.335950092218905 0.18840149615442 0.148699937849301 0.107785684475478 0.219162789301896
"NA19101.2.G10" 0.0759881182457586 0.23862193708748 0.329026829248393 0.179800036985403 0.176563078432965
"NA19101.2.G11" 0.258114340403876 0.185043697799233 0.246971104099969 0.135725388976685 0.174145468720237
"NA19101.2.G12" 0.393874227990764 0.154567540836123 0.15969319725196 0.155989505975601 0.135875527945552
"NA19101.2.H01" 0.425649137433751 0.200818125764638 0.132726981787283 0.130745557802844 0.110060197211484
"NA19101.2.H02" 0.222533232206145 0.225908301877641 0.219215238492022 0.165738308924625 0.166604918499567
"NA19101.2.H03" 0.384929512029918 0.175338625893086 0.121748968211324 0.179676867325382 0.138306026540289
"NA19101.2.H05" 0.535099486934498 0.127023077704632 0.131860799397445 0.109524549334431 0.096492086628993
"NA19101.2.H06" 0.405333371529277 0.100109966521107 0.116481160781903 0.0960371619665512 0.282038339201162
"NA19101.2.H07" 0.327317515597753 0.233540316572647 0.110075812091024 0.159992316759636 0.16907403897894
"NA19101.2.H08" 0.541638988408417 0.140012888957893 0.0747939930659215 0.130520566758939 0.113033562808829
"NA19101.2.H09" 0.120288824133512 0.262398792780252 0.253981523386759 0.265727340016517 0.0976035196829601
"NA19101.2.H10" 0.26294856746925 0.278655348164913 0.0852480660108519 0.184388118531938 0.188759899823047
"NA19101.2.H11" 0.300024667859016 0.25370314587666 0.173070741802067 0.11972217919825 0.153479265264006
"NA19101.2.H12" 0.138205607648585 0.245677080426674 0.295703362338253 0.210595825450965 0.109818124135524
"NA19101.3.A01" 0.000797659133310256 0.230986897160129 0.460081998590007 0.184592872905743 0.12354057221081
"NA19101.3.A02" 0.000979515260806293 0.269223604491688 0.365397867175136 0.198871689133318 0.165527323939051
"NA19101.3.A05" 0.106598138606996 0.28859429972158 0.264401909347568 0.133296286739288 0.207109365584568
"NA19101.3.A06" 0.468953464787585 0.118061224173929 0.16006393361715 0.14943094755794 0.103490429863397
"NA19101.3.A07" 0.205282842568132 0.218813878250956 0.285575154543746 0.190722042106754 0.0996060825304129
"NA19101.3.A09" 0.0476976304860935 0.255919353233706 0.333592927145502 0.19377571501417 0.169014374120528
"NA19101.3.A10" 0.423116130671382 0.075415454957668 0.0870449063907715 0.108565718621149 0.30585778935903
"NA19101.3.A11" 0.111889137092036 0.230910126654207 0.297062595349563 0.190012228757269 0.170125912146924
"NA19101.3.A12" 0.389652679032484 0.179533653939664 0.126779919082553 0.178544269315819 0.12548947862948
"NA19101.3.B01" 0.390453317188176 0.186841045328842 0.122597722956756 0.124119707467412 0.175988207058814
"NA19101.3.B02" 0.365381307797859 0.150486552159141 0.113580017400044 0.0785343226115662 0.29201780003139
"NA19101.3.B05" 0.238800199796176 0.197018658973995 0.241099876877981 0.188254356705698 0.13482690764615
"NA19101.3.B06" 0.414626500130887 0.173144164535722 0.123680676085167 0.17455969468012 0.113988964568104
"NA19101.3.B07" 0.500792820193902 0.0551164890297124 0.105775728273278 0.101589885709469 0.236725076793639
"NA19101.3.B08" 0.442842163076477 0.195778301153944 0.102756190830267 0.151753192541081 0.106870152398231
"NA19101.3.B09" 0.417617104998377 0.204586812298645 0.148469634240415 0.0777064987991517 0.151619949663411
"NA19101.3.B10" 0.544769142988097 0.124737897213589 0.122143394613625 0.0931455855366088 0.115203979648081
"NA19101.3.B11" 0.252727776735334 0.211131607114804 0.109637861089979 0.0787885850402487 0.347714170019634
"NA19101.3.B12" 0.370131471090762 0.108967443276094 0.115926329573106 0.070478294753211 0.334496461306828
"NA19101.3.C01" 0.00160341002996845 0.316338954501201 0.370163171601002 0.135235673071332 0.176658790796497
"NA19101.3.C03" 0.376551436220858 0.188893091625458 0.159308385653963 0.128992264957201 0.14625482154252
"NA19101.3.C04" 0.442179460560238 0.133939778820151 0.120894027655893 0.195706679969201 0.107280052994517
"NA19101.3.C05" 0.350080174284676 0.120002876665994 0.108961393411526 0.113244033429312 0.307711522208491
"NA19101.3.C06" 0.381744500664556 0.227603915281877 0.141231201852954 0.123195170605247 0.126225211595366
"NA19101.3.C07" 0.435654850745452 0.178145866023558 0.114347106860091 0.202237789987516 0.069614386383383
"NA19101.3.C08" 0.466133591604234 0.145485182263342 0.117498656209751 0.163074784083252 0.107807785839422
"NA19101.3.C09" 0.0465524499662475 0.179996147836856 0.294816803601509 0.177908719885587 0.300725878709801
"NA19101.3.C10" 0.401455565586329 0.121135581799636 0.154110975929976 0.132378104389723 0.190919772294336
"NA19101.3.C11" 0.388224239326753 0.197861547859525 0.0974233440080546 0.155181751970277 0.161309116835391
"NA19101.3.C12" 0.102256673419109 0.22241366814347 0.339646447143935 0.199016277234704 0.136666934058783
"NA19101.3.D01" 0.00105119675881253 0.309883149931358 0.420433058689998 0.0759977201193077 0.192634874500523
"NA19101.3.D03" 0.438680677335132 0.166659178029857 0.0961583083993917 0.0936301193357746 0.204871716899845
"NA19101.3.D04" 0.00220746426696978 0.288204958739676 0.314537739582756 0.192650985397573 0.202398852013025
"NA19101.3.D06" 0.407403999388013 0.105004938769397 0.0800368421928453 0.102426549469138 0.305127670180607
"NA19101.3.D07" 0.00439317983677433 0.387889304454085 0.285081236876269 0.168645887101201 0.153990391731671
"NA19101.3.D08" 0.462586088706846 0.124485186239969 0.103949055562335 0.142925846399893 0.166053823090957
"NA19101.3.D09" 0.00486087155924204 0.373486864259919 0.2587902839734 0.207381796934413 0.155480183273026
"NA19101.3.D10" 0.394574536016469 0.164260273746224 0.0925689103104524 0.082684908013371 0.265911371913483
"NA19101.3.D12" 0.401786337038353 0.223287563350383 0.096574388564849 0.246484072455769 0.0318676385906456
"NA19101.3.E01" 0.334773877627527 0.211633186023758 0.120547720262663 0.20053368160992 0.132511534476132
"NA19101.3.E02" 0.393217673519771 0.235865245109912 0.08064638179478 0.170280881788066 0.119989817787471
"NA19101.3.E03" 0.351390377911692 0.204703712558228 0.156508180586604 0.196089809137973 0.0913079198055041
"NA19101.3.E04" 0.388425167844485 0.207728096935775 0.124923092566857 0.179209917337538 0.0997137253153454
"NA19101.3.E06" 0.379317792967911 0.244313577772853 0.145149002366162 0.174114337782527 0.0571052891105474
"NA19101.3.E07" 0.400500456170433 0.191252163743463 0.117413153272816 0.175995257123496 0.114838969689791
"NA19101.3.E08" 0.00584150888268504 0.234138465753281 0.383507246763363 0.20058054464461 0.175932233956061
"NA19101.3.E09" 0.43292768877789 0.14905451190369 0.186243581987967 0.11183644564629 0.119937771684163
"NA19101.3.E10" 0.308824600125566 0.212883307384722 0.183031350158187 0.0825898294112717 0.212670912920253
"NA19101.3.F01" 0.428510899448579 0.155426910900872 0.110997816240146 0.179692338112798 0.125372035297605
"NA19101.3.F02" 0.456996746220509 0.141932873493622 0.157805798437152 0.166689491581632 0.0765750902670851
"NA19101.3.F03" 0.431800346297274 0.0983259299020909 0.117708813689515 0.170341739151899 0.181823170959221
"NA19101.3.F05" 0.419806627560979 0.148151668821489 0.113735792132268 0.159784610818333 0.158521300666931
"NA19101.3.F07" 0.384878768691843 0.158892003676114 0.175285418074742 0.110144067715739 0.170799741841562
"NA19101.3.F08" 0.408754817468436 0.223116673336057 0.135509722079841 0.157861043495456 0.0747577436202087
"NA19101.3.F09" 0.121542740236455 0.217000904374389 0.217015377161653 0.249656317369727 0.194784660857776
"NA19101.3.F10" 0.418944273281168 0.1891556835976 0.0941692590131226 0.0957954006888648 0.201935383419244
"NA19101.3.F11" 0.486529698869309 0.133103519292929 0.130143091642718 0.162646621288393 0.0875770689066507
"NA19101.3.F12" 0.503008457774463 0.164128632794665 0.0842709278201599 0.146820526732512 0.1017714548782
"NA19101.3.G01" 0.321503634982714 0.235996084909948 0.172627957523507 0.18474710960371 0.0851252129801213
"NA19101.3.G02" 0.0780233596996777 0.38718070478485 0.244765101394868 0.171044415403597 0.118986418717006
"NA19101.3.G03" 0.446279105083779 0.135974139359642 0.12155237606503 0.225284139141901 0.0709102403496486
"NA19101.3.G05" 0.440168116574111 0.163142664792476 0.107117003608476 0.177686841834575 0.111885373190362
"NA19101.3.G06" 0.581862960907851 0.15182611982876 0.0689398460663685 0.161572724393771 0.0357983488032505
"NA19101.3.G07" 0.412207383979469 0.0996350088952319 0.151538544967337 0.160326515916679 0.176292546241283
"NA19101.3.G08" 0.411081582942754 0.226516049647843 0.137197519425182 0.140787322682531 0.0844175253016905
"NA19101.3.G09" 0.0754999944119016 0.366634826904299 0.28351153323235 0.121853536223534 0.152500109227916
"NA19101.3.G10" 0.484520278853062 0.220611377661648 0.0470846048604546 0.155861439132437 0.0919222994923989
"NA19101.3.G11" 0.3920761085525 0.173250443927761 0.116260421027556 0.223652771687038 0.0947602548051448
"NA19101.3.G12" 0.487826853045777 0.165045156665468 0.101019885033 0.177590637428877 0.0685174678268778
"NA19101.3.H01" 0.00144411713381174 0.392129514381211 0.314306562717875 0.191704146259652 0.100415659507449
"NA19101.3.H02" 0.0916730817147455 0.263193694152474 0.254874130539794 0.21609668344682 0.174162410146167
"NA19101.3.H03" 0.0174346806323906 0.32685333930635 0.385408850254203 0.106013700331529 0.164289429475527
"NA19101.3.H05" 0.556813568758755 0.0803265632978984 0.0728646239464263 0.186771730500189 0.103223513496731
"NA19101.3.H07" 0.00669875008935112 0.259727637340156 0.362266059008491 0.204261041177328 0.167046512384674
"NA19101.3.H08" 0.427363528885802 0.200628013425045 0.0879848833146557 0.23517675421085 0.0488468201636462
"NA19101.3.H09" 0.116011198818576 0.249968061718777 0.295670393903059 0.143910528903336 0.194439816656251
"NA19101.3.H10" 0.382006582557617 0.200369386659967 0.131992309179479 0.150875622707521 0.134756098895416
"NA19101.3.H11" 0.372199276599267 0.306048445170906 0.070832693623462 0.203278729133563 0.0476408554728021
"NA19239.1.A01.1" 0.305566193003208 0.45287933774064 0.0673752699308192 0.103808799543159 0.0703703997821741
"NA19239.1.A02.1" 0.411887705539422 0.239501230044702 0.212527251093412 0.0327318925502189 0.103351920772244
"NA19239.1.A04.1" 0.241845317146961 0.426135300352968 0.117969896570733 0.0939983308371984 0.12005115509214
"NA19239.1.A05.1" 0.294639065745731 0.54905714264996 0.148289541517562 0.00705250581152339 0.000961744275223411
"NA19239.1.A06.1" 0.498553153380137 0.183331514217427 0.316916794208904 0.000631942646752261 0.000566595546779457
"NA19239.1.A07.1" 0.117096517642808 0.39464357834339 0.145267936242222 0.151104578230248 0.191887389541332
"NA19239.1.A09.1" 0.400724705419818 0.065784561266192 0.271812884149822 0.0859220679769571 0.175755781187211
"NA19239.1.A10.1" 0.0402432275466225 0.193679092126866 0.0870150281339669 0.528572443577636 0.150490208614909
"NA19239.1.A11.1" 0.179889912601996 0.348159085869624 0.155015381025778 0.229386556305333 0.0875490641972694
"NA19239.1.A12.1" 0.134972440367548 0.0283886001610369 0.110491415308918 0.274012124589354 0.452135419573144
"NA19239.1.B01" 0.16347355230942 0.44518852494607 0.166346919627044 0.113941403416094 0.111049599701372
"NA19239.1.B02.1" 0.22034305162006 0.566667759492065 0.10173631577331 0.00320261523401588 0.108050257880549
"NA19239.1.B03.1" 0.614209930093208 0.167548571483319 0.17535216307073 0.00173164595357807 0.0411576893991658
"NA19239.1.B04" 0.486419028154532 0.175167077361466 0.320454139861141 0.00248243771218627 0.0154773169106747
"NA19239.1.B06.1" 0.117538197256515 0.0845003427340083 0.000138435776765607 0.401181661576885 0.396641362655827
"NA19239.1.B09.1" 0.180511623290912 0.227698878725142 0.23573783352816 0.0415124675119327 0.314539196943853
"NA19239.1.B10.1" 0.162124039380145 0.195530566295688 0.137068531781262 0.465867927511227 0.0394089350316786
"NA19239.1.B11.1" 0.0818314706160232 0.266052436262888 0.0852410542234471 0.0385135374981504 0.528361501399491
"NA19239.1.B12.1" 0.160269429200728 0.000261899725614013 0.120412168107413 0.237858601766968 0.481197901199277
"NA19239.1.C01.1" 0.139570117012808 0.186315800551399 0.388577762882466 0.145156820559436 0.14037949899389
"NA19239.1.C02.1" 0.429971038377772 0.342296428417641 0.13761583847195 0.0124396247067427 0.0776770700258946
"NA19239.1.C03.1" 0.0326859908709335 0.447049011231046 0.00101390819000564 0.455797225084411 0.0634538646236035
"NA19239.1.C04" 0.235871760095155 0.337885524584801 0.282495352729358 0.11594969021871 0.0277976723719749
"NA19239.1.C05.1" 0.200990818603253 0.0699406923816371 0.235194740958405 0.372193078333602 0.121680669723103
"NA19239.1.C06.1" 0.160618963849132 0.671025683586065 0.10729389655643 0.0605875972834739 0.000473858724898619
"NA19239.1.C07.1" 0.316465268752724 0.144360150243616 0.385163330755212 0.105207653602236 0.0488035966462117
"NA19239.1.C08.1" 0.426683487951635 0.0490524237061807 0.292748328696232 0.114875424759403 0.116640334886549
"NA19239.1.C09.1" 0.654369575232833 0.0515962815610232 0.241472563233264 0.0423826034415455 0.0101789765313338
"NA19239.1.C10.1" 0.378274794083538 0.204782749205001 0.308529189019059 0.0675248801980186 0.0408883874943829
"NA19239.1.C11.1" 0.390178306183638 0.215665620198692 0.178727983457375 0.1776277795629 0.0378003105973946
"NA19239.1.C12.1" 0.103795814776207 0.154957365563917 0.168983700194882 0.237124632576493 0.335138486888501
"NA19239.1.D01.1" 0.0307405846253832 0.232971765053607 0.118079291338339 0.211347401234028 0.406860957748643
"NA19239.1.D02.1" 0.45938735948477 0.205382603963152 0.28079682301617 0.0295428325877645 0.0248903809481433
"NA19239.1.D03.1" 0.0164778352048265 0.104082614081072 0.0944159309619949 0.763347971801085 0.021675647951022
"NA19239.1.D04.1" 0.266369638588647 0.317155827793295 0.209580907116196 0.121802188510267 0.0850914379915964
"NA19239.1.D05.1" 0.374565995937731 0.00032080175753861 0.533017804862753 0.0914158359179528 0.000679561524024521
"NA19239.1.D06.1" 0.327072869983077 0.664234982418474 0.000823421320227483 0.00135568091760362 0.00651304536061811
"NA19239.1.D07.1" 0.35800788835762 0.0790026935752896 0.136288494903631 0.209261692826958 0.217439230336501
"NA19239.1.D08.1" 0.27010191995059 0.124893783825168 0.18807622071821 0.256714864774838 0.160213210731194
"NA19239.1.D09.1" 0.107256684226554 0.143814388259218 0.0617073448308948 0.000268586006625531 0.686952996676707
"NA19239.1.D10.1" 0.179494815940133 0.347869822421184 0.270742932077872 0.153699575169687 0.048192854391124
"NA19239.1.D11.1" 0.188836303637853 0.216729862037598 0.0262876128981942 0.51415554820979 0.0539906732165647
"NA19239.1.D12.1" 0.415157106865342 0.169805318544674 0.164272253582142 0.226642584231697 0.0241227367761452
"NA19239.1.E01.1" 0.00235300146837001 0.124093806290417 0.000956693225878965 0.000202511935239323 0.872393987080095
"NA19239.1.E02.1" 0.395702080113512 0.157508061173922 0.242731603352114 0.0498328127031865 0.154225442657265
"NA19239.1.E03.1" 0.082474704525745 0.382583454485337 0.0172498710788823 0.439851946506476 0.0778400234035591
"NA19239.1.E04.1" 0.561198095413043 0.0589145943988646 0.108304725181566 0.271448782049292 0.000133802957234293
"NA19239.1.E05.1" 0.0693091354418173 0.293612042004634 0.0173122182611805 0.316387026658607 0.303379577633761
"NA19239.1.E06.1" 0.364970989592381 0.178782160765643 0.392791685723598 0.0622728587433165 0.0011823051750613
"NA19239.1.E07.1" 0.579301228818718 0.0699289404037669 0.248124891903825 0.0744373384879387 0.0282076003857514
"NA19239.1.E08.1" 0.483507088474546 0.0138346092273139 0.326894610066428 0.0765732581605826 0.0991904340711298
"NA19239.1.E09.1" 0.272449731593483 0.170565242107081 0.430935334286672 0.0139668791819932 0.11208281283077
"NA19239.1.E11.1" 0.201248589086344 0.370040637782002 0.15629176046098 0.197363302826676 0.075055709843998
"NA19239.1.E12.1" 0.115087411615854 0.113739967605343 0.24587185682401 0.153332060461369 0.371968703493423
"NA19239.1.F01.1" 0.391990643532156 0.164060455131621 0.228669600794685 0.144639364768482 0.0706399357730554
"NA19239.1.F02.1" 0.481834744850178 0.244940320692269 0.201834465366551 0.0452014874920335 0.0261889815989695
"NA19239.1.F03.1" 0.0271614142253755 0.348982409229551 0.127039476544172 0.365376926449557 0.131439773551345
"NA19239.1.F04.1" 0.610271849373073 0.0263059990144959 0.362933946769599 0.000266542837019014 0.00022166200581278
"NA19239.1.F05.1" 0.0599771074252897 0.0549060955296902 0.0288465381335851 0.156996532551021 0.699273726360414
"NA19239.1.F06.1" 0.424245378047911 0.135073960961603 0.421566843985957 0.00066960695454833 0.0184442100499814
"NA19239.1.F07.1" 0.265264821378235 0.288814249150242 0.391774556951064 0.043927463112187 0.0102189094082718
"NA19239.1.F08.1" 0.0902341752608074 0.637908929848336 0.168121270538137 0.0224177402623809 0.0813178840903389
"NA19239.1.F09.1" 0.211601809883652 0.161785800777894 0.234884526335702 0.110321007021486 0.281406855981266
"NA19239.1.F10.1" 0.000781148634482503 0.288812558088336 0.000242606832778999 0.542238894109403 0.167924792334999
"NA19239.1.F11.1" 0.0842246377167086 0.000129432499607846 0.0821629381375306 0.745249406575284 0.0882335850708692
"NA19239.1.F12.1" 0.267117701831756 0.385381403457842 0.243113215163247 0.0296929859430682 0.0746946936040862
"NA19239.1.G01.1" 0.00105799231247003 0.201439006145982 0.0180303785467314 0.0656837206315444 0.713788902363272
"NA19239.1.G04.1" 0.117765170822246 0.802402535513403 0.017025434365361 0.0152216375446416 0.0475852217543478
"NA19239.1.G05.1" 0.164116741946421 0.299883434375864 0.100400116911407 0.287260933090632 0.148338773675676
"NA19239.1.G06.1" 0.562291289146775 0.0365153097145743 0.323377482628199 0.0774080333488427 0.000407885161608274
"NA19239.1.G07.1" 0.526659857851403 0.0555794688556826 0.249062416665281 0.164691000578327 0.00400725604930609
"NA19239.1.G08.1" 0.327619409312684 0.324008648638409 0.213421046762636 0.130456057025792 0.00449483826047903
"NA19239.1.G09.1" 0.399992209156371 0.0234201068415507 0.24753022752195 0.106000131189187 0.223057325290941
"NA19239.1.G10.1" 0.0781601115897258 0.0430334603732366 0.235407277596751 0.330310528175922 0.313088622264365
"NA19239.1.G11.1" 0.405675687987834 0.208783468759532 0.27790720064332 0.0669176908367455 0.0407159517725685
"NA19239.1.G12.1" 0.0237314421114544 0.000839652199439148 0.162910821064919 0.23852805418521 0.573990030438977
"NA19239.1.H01.1" 0.176937985842143 0.0122920744791395 0.15051426656269 0.219112394848853 0.441143278267175
"NA19239.1.H02" 0.17805350823076 0.0955779882326024 0.00870004547302265 0.538689954067018 0.178978503996597
"NA19239.1.H03.1" 0.155629001726393 0.220423535077319 0.0530517919632878 0.0901247944565047 0.480770876776495
"NA19239.1.H04.1" 0.000560987958231861 0.173247452099288 0.0155134471598834 0.719926182131924 0.0907519306506728
"NA19239.1.H06.1" 0.493104819898972 0.123818053082984 0.203572795136442 0.0800017253534601 0.0995026065281408
"NA19239.1.H08.1" 0.323404471405035 0.0527878571632814 0.0783012199950188 0.404929460809693 0.140576990626972
"NA19239.1.H09.1" 0.278972700413135 0.389169330996363 0.00321973306203919 0.0961702977449549 0.232467937783507
"NA19239.1.H11.1" 0.261074401862012 0.0569127236685641 0.164481824406346 0.403597964932113 0.113933085130965
