"1" "2" "3" "4" "5"
"wrd 1" 0.000249750552971336 0.000515518012906579 9.94612859839555e-08 0.000804459833366289 1.31865698117908e-06
"wrd 2" 0.000666507504494676 0.000417921521839323 0.000622703924458585 0.00220541782109051 0.000421063331753285
"wrd 3" 0.000128524426242177 0.000201809893273848 0.000591932225641786 7.93360342108364e-09 4.13652901435813e-06
"wrd 4" 0.000836532298092544 0.00170947208568162 0.0042384374163926 0.000306397932861514 0.00042916665564073
"wrd 5" 0.000342475885353848 0.000525689576658043 3.97467263577969e-05 0.000358961656048247 0.000149313161791851
"wrd 6" 0.00121594037801361 0.000884752478433698 0.00545137125002246 0.00196183661095851 0.00154653146124487
"wrd 7" 0.000358399926980539 0.000812685070609061 0.00151756284038613 0.00366629430482252 0.000331928639967608
"wrd 8" 0.000567167175224451 0.00177264692064013 0.000859533697060339 0.00120321069026802 0.00098260151698968
"wrd 9" 0.000982613341957077 0.00126052188868183 0.00242090972388657 0.000894524798047725 0.000381343597214173
"wrd 10" 0.000283758740470588 0.000688786188829066 0.000393952063076369 0.000476711855451558 1.47469922008563e-08
"wrd 11" 1.54270886075458e-07 0.000470616813199472 0.00155138985859726 0.00043592788786972 0.000207522675755474
"wrd 12" 0.000165293541132892 4.4250442993041e-08 0.000143548918601996 8.72850998729505e-09 2.27506442482244e-09
"wrd 13" 0.000119380867207225 0.000100374837050973 0.000466966994860177 6.07076873119907e-05 1.02924110754268e-05
"wrd 14" 0.000227210796570635 7.57719485378931e-09 0.000574264071717313 0.000489474292238896 3.95726259266862e-09
"wrd 15" 0.0015147880413807 0.000732947436120063 0.00117383150439883 0.00104482807999063 2.34589139145179e-08
"wrd 16" 0.000145857361258755 2.00102463183005e-05 9.64013179834605e-08 0.000655017314104633 2.04323907697825e-09
"wrd 17" 0.000807380369139394 0.00121854970117422 5.41185360710224e-08 0.00144617530546781 6.79641347886799e-05
"wrd 18" 0.00180700173132305 0.00173455515366389 0.00112448348299489 0.00517860850489977 0.000292909105389546
"wrd 19" 0.000566539864112818 0.000711116194823202 0.00213929581182936 0.00383835508081929 0.000807199787499435
"wrd 20" 0.00256184174569981 0.00322257577507062 0.00136754960803398 0.00184257653909584 0.0016164733486321
"wrd 21" 0.00129836426486758 0.000562964058421623 0.0031911425983114 0.00306142743509045 0.00122595471636835
"wrd 22" 0.000605550475301913 0.00134291057182691 0.000714020696092192 0.00305509046705518 0.000741098669643421
"wrd 23" 0.000426509861780777 9.97980697830782e-05 3.81337035429992e-08 0.000818419957394274 1.00126418649521e-05
"wrd 24" 0.00107505050992774 0.000659562177886696 0.00365631117977344 0.00841110945666137 0.000542691990378364
"wrd 25" 7.56905867488116e-05 0.0012911022380199 0.00203420570543999 0.000541589617468236 0.000143226761967958
"wrd 26" 0.000370603785256048 0.0008700796161783 0.00175803896104504 7.04631243332256e-05 0.000537958864627526
"wrd 27" 0.00119922434958364 0.00105866257118679 0.00116457493246837 3.89385437423463e-05 0.000185281892627157
"wrd 28" 0.000185384927353455 0.000715851180791546 0.00218749290601408 0.000784238019725139 0.00012684936049403
"wrd 29" 0.000236374242282917 0.000457475234242563 0.000497011009375865 0.000341333474144842 9.85358486244192e-09
"wrd 30" 0.000883559371186853 0.000797037498973231 0.000421039977704362 0.00251787967305585 1.12756795086678e-08
"wrd 31" 0.00165778685676661 0.000924391684616657 9.0071477920058e-06 0.00522384998828567 6.73338409044915e-09
"wrd 32" 0.000131236229258793 3.46240541626588e-05 0.000152175548838593 0.000333175556727739 6.78676134519473e-05
"wrd 33" 0.00157573239645511 0.00108535769266766 0.00170947222501967 0.000380724928672446 0.000574014908816003
"wrd 34" 0.00366766741347588 0.00147317362413534 0.00157958685699091 0.0019240368329865 0.000814733135020922
"wrd 35" 7.92953627743139e-05 9.59223031255207e-05 0.000462210945860069 9.05862964443517e-05 4.47355078360528e-05
"wrd 36" 0.000157562881662894 8.69932880562043e-05 0.000569851573728756 0.000106937283600682 1.63765694192222e-05
"wrd 37" 0.00274206111465811 0.00251417351779294 0.00139324190225132 0.00235918966190606 0.000501054739537516
"wrd 38" 0.00285931258485024 0.000367045706649661 1.15279577125916e-05 0.00715948864615164 0.000468294892702408
"wrd 39" 0.000317591853841855 0.000418600407511876 0.000223812150695894 0.000684880840311735 0.000104843367875951
"wrd 40" 0.00372483301379516 0.00271998607810608 9.19042704398041e-08 0.0129382834997346 0.00169744842134321
"wrd 41" 0.000358846635683457 0.00740246920668114 0.0113180825321402 0.0399899724036976 0.0030043584872477
"wrd 42" 4.89452929818346e-10 6.76888938338362e-06 7.66807669509097e-06 1.75103195807106e-06 4.52195305457543e-06
"wrd 43" 0.000215146020908174 0.000299682438123378 7.75163752054369e-06 0.000264084430778074 5.1773944919846e-09
"wrd 44" 0.000308816648894683 0.000170866814623082 0.000341991721554551 0.000172672974307567 0.000203248185854096
"wrd 45" 0.000206562096387654 0.000924703585854028 0.00281083095451272 0.000116967615129288 0.000286997658498347
"wrd 46" 0.000697867624407224 0.000816035591967107 0.00263872415404959 9.76312631142145e-05 1.67021850021085e-05
"wrd 47" 0.00277238483098121 0.00065330141954803 0.00829686328043845 0.00411229113513902 0.00106627346391379
"wrd 48" 0.000362364647119942 0.000212212368113119 0.000855204356803257 0.00034430749137189 0.000240861937253831
"wrd 49" 1.35373301367027e-05 9.97242957390305e-05 0.000237640517828309 4.71785448952422e-05 5.67656833443474e-08
"wrd 50" 0.00595850162143716 0.0121066707694107 0.0154017244496489 0.00507297942512995 0.00254695348735859
"wrd 51" 0.0013434917055684 0.00106339747242725 0.000506649492652006 0.00319353283894812 2.09254008638828e-08
"wrd 52" 0.00234002439355939 0.00153033823854385 2.29481433448226e-07 0.0138571079521893 9.84286321096482e-08
"wrd 53" 0.00209115149642884 0.000902321964747411 0.00145089672472442 0.00539628471557778 4.93009090190193e-05
"wrd 54" 0.00240634736420343 0.00147271679472274 0.000360390135406997 0.00797644832909406 7.80893642463798e-09
"wrd 55" 0.000108111991498205 6.37037365130472e-07 0.000457199652298275 0.000134839320400197 6.426772774286e-09
"wrd 56" 0.000798396201264271 0.00141261659662688 0.000475331506600416 0.000219796255920452 0.000510596118045245
"wrd 57" 2.02792365642706e-08 3.98547239848799e-05 0.000109650471079196 0.000419580141532073 9.89607093807392e-05
"wrd 58" 0.00550530961983421 0.00580570850897227 3.01827970586736e-07 0.00586059187503553 0.004476692929985
"wrd 59" 0.00922346920280098 0.0101119060364929 0.000619167023270889 0.0304309474986881 0.00735684636970204
"wrd 60" 0.00027751500570999 0.00161586082531764 0.0077714902113881 0.00239839428784537 0.00185248945155993
"wrd 61" 0.000185085403392032 0.000621827585778516 0.00147380290967115 2.58305603014294e-07 0.00012246616026713
"wrd 62" 0.000621911263018216 0.000294985746116793 0.000562890637939039 0.00119963123419593 0.000449266924249127
"wrd 63" 0.000337596659794619 0.000315740760548495 0.000125917175514152 0.00176689319636778 0.000191988037710916
"wrd 64" 6.34898057698448e-05 0.000184609137423265 0.000230874727431223 4.68281893433601e-08 5.66303512233278e-05
"wrd 65" 0.000401257339634018 0.0010041986793529 0.000506974463168232 0.000804266306884086 2.65163819892537e-05
"wrd 66" 9.40015435696101e-05 5.91271784352312e-09 0.000398198789909929 3.60946840437565e-09 5.32914528888369e-09
"wrd 67" 0.00264244321706113 0.00390846301463181 2.20360042238083e-08 0.0167840645024477 0.000441769742488366
"wrd 68" 0.000165090480954973 0.000205443387162557 0.000234142639602978 0.000124130400017359 0.000223387501831962
"wrd 69" 0.00105319211167693 0.00156157059424916 0.00183784546136592 0.00224004443580914 0.000325557494966435
"wrd 70" 0.00150063531103959 0.00654307704510652 0.0148719415101899 0.00582527235466001 0.00056356350790911
"wrd 71" 0.000543837700181675 0.00074311194758889 0.000426782296848589 0.00319483614777804 2.17820830862573e-07
"wrd 72" 0.000175012344991736 5.58841378196146e-05 1.00410342267316e-07 4.42702842893252e-09 4.27984526197728e-09
"wrd 73" 0.000196698022711113 0.000123705027724746 0.000642891811491985 0.000259105893612118 0.000123684176748501
"wrd 74" 0.000625800604399416 0.00108614226999771 0.000456658877277541 0.00121754594788803 0.000181860842701337
"wrd 75" 0.000155094806649604 0.000110233869947785 9.94346939921303e-05 0.000137802659115404 3.15359695148951e-08
"wrd 76" 0.000123886238336269 0.000847821902872251 0.00159272678744492 1.78939429823461e-08 0.000324902375608867
"wrd 77" 0.00405215911350208 0.010143900667468 0.0223332560845946 0.00352033618258322 0.00287663604095615
"wrd 78" 0.00124532535643672 0.000817284650409502 0.000590576841830181 0.00163475885870463 0.000458873615227574
"wrd 79" 0.000449802642954145 0.000328387573766925 0.000830152437576886 0.00104314547009204 7.78191544546917e-09
"wrd 80" 0.000845923501112044 0.00101480828246388 0.00450495476172551 0.000397695540705865 8.5237255526899e-05
"wrd 81" 0.0143919421452355 0.00975453369069608 0.000472799109765528 0.0133586690806362 0.00284442095338539
"wrd 82" 0.00342270407243036 0.00437953300186029 0.00446018359814725 0.00205669024163719 0.00135362337252715
"wrd 83" 0.000528293959613525 0.000618813916289531 0.00150602825885992 0.00019021134297162 0.000479162034402981
"wrd 84" 0.00191466460535889 0.00167461377605612 0.000490179615162938 0.000816598251913575 0.000475286315003315
"wrd 85" 0.000636415686879942 0.000700232857270015 0.00127276376222375 0.000790487570951841 0.000506303009983413
"wrd 86" 0.00193249667447903 0.00128506777582644 0.00266034779083358 0.00140856294023419 0.000347492299076879
"wrd 87" 0.000398260709661242 0.000467494299691896 0.00204442533777729 4.30565180205854e-05 0.000111306682187514
"wrd 88" 0.000477207663462948 0.000909233987211599 7.12108657810519e-06 0.001313192250646 0.000231054218106574
"wrd 89" 0.00137700898492171 0.00194657466339774 1.38124403562418e-07 0.00431431258862458 1.95518670207631e-07
"wrd 90" 0.000221590415271229 0.000227607031202919 0.000669083747376891 3.83402224824943e-05 1.40638069025145e-05
"wrd 91" 0.00256950891755575 0.000925260806099189 0.000851263892365451 0.00108626852374795 0.00119995839143626
"wrd 92" 0.000229953301088524 0.000404038843144887 0.000106442092886329 0.00059510274286215 3.68399698831973e-09
"wrd 93" 0.000180544097899163 0.000371032794069445 7.05699352361833e-05 0.000163870791674197 4.13463063455325e-09
"wrd 94" 0.000103159669460677 0.000150139781732395 8.66130820408717e-05 0.00034220657273797 1.96607734845395e-05
"wrd 95" 0.00572154435574734 0.00675154505979726 0.00891078946850388 0.00285667791786576 0.00153064757388367
"wrd 96" 0.000151285961489213 0.000500018250004086 0.00142896369618794 3.90481765013156e-05 6.34067387247863e-09
"wrd 97" 0.000413285285367598 0.000224411689756827 6.16174627287614e-05 0.00036104112952095 0.000256392873360408
"wrd 98" 7.99284825967151e-05 3.34831278606836e-08 0.000421545161502771 3.66130097614238e-09 8.59067079293092e-09
"wrd 99" 0.000220127784353664 8.40436987745066e-05 1.50989339199026e-07 0.00116508846993548 0.000589684201297804
"wrd 100" 0.000189275893754421 3.15114499088368e-05 9.07368951134903e-05 2.90403491482163e-07 0.000199707560727843
"wrd 101" 4.77613635436568e-05 1.32594387728355e-05 6.46208163836716e-05 0.000171528442918607 6.55533525273982e-05
"wrd 102" 0.000544944879390845 0.000670188413874057 0.00114967276637042 0.000625216121264964 0.00109022777470368
"wrd 103" 2.44157241101501e-05 9.74591196625908e-05 5.18011763724402e-05 2.09312409228937e-06 2.62324535239036e-05
"wrd 104" 0.000132489987659325 0.000275936984842753 0.00180495715997043 0.00213710766317302 0.000625021842764244
"wrd 105" 0.000364449544858396 6.90577991290517e-09 0.00061248840617154 4.25385079439255e-07 6.26091761201337e-09
"wrd 106" 0.000301529451549994 0.000225410581264001 0.000707918746372608 2.1328330930914e-05 0.000368365595279029
"wrd 107" 0.000109772665962771 0.000154457925478707 0.000360299985994522 1.77022356687534e-08 7.75473321007136e-09
"wrd 108" 0.00282221457998767 0.00236724547048029 0.00663846308920562 0.00671685666340719 0.000536075599924125
"wrd 109" 0.00486070854610807 0.00271002858926964 0.00446919812278551 0.0020615182200457 0.00421064759317625
"wrd 110" 0.000364905716509138 0.00171681457565751 0.00459587659659173 0.00112329453089129 0.000939521612663127
"wrd 111" 2.67931926233308e-06 4.74579500224064e-05 0.00109647224130038 0.00035907816174453 0.000347847372293088
"wrd 112" 0.000133829491036764 0.000816386673612783 0.00124510636800416 8.7280823210669e-05 0.000134059593805092
"wrd 113" 0.000250944131568443 0.000326789053844377 9.66619234575912e-05 0.000913382243141944 8.31863993543848e-06
"wrd 114" 0.00102019540495507 1.80887503963991e-05 0.00227086107495015 0.00175391711778754 0.000308007789713535
"wrd 115" 0.000171748194167589 0.000232022747658925 0.000720583737858723 0.00198218082059999 0.000495711526944552
"wrd 116" 0.000282652079806054 0.000404556093721516 0.00092097492629477 0.000235789346713374 1.16155690508951e-08
"wrd 117" 0.00166392984815009 0.000532486374612154 4.03434984947989e-06 0.00142263709643468 0.000409837649663351
"wrd 118" 0.00130578647420286 0.00160180650732306 0.000713795977289667 0.0032190320705829 0.000124629992011862
"wrd 119" 0.000472797045479882 0.000614872523393545 0.0028835480827137 0.000300264540241533 0.000285615299806264
"wrd 120" 2.32704979344783e-08 0.00127736500749619 0.00671193442928947 0.00440561878791836 7.05681899270203e-05
"wrd 121" 0.00015289092271023 2.16584777962218e-05 0.000441326388242812 0.000127813165987789 2.48372506998773e-05
"wrd 122" 0.000203960276069347 0.000473918143851993 0.000686230824612968 0.00018155816404148 0.000161217143205567
"wrd 123" 0.000884350809028058 0.00154190385979889 0.000825649645615574 0.000453049855487843 0.000346505656982673
"wrd 124" 0.000631030266888917 0.000306732492988787 0.00165717313498153 0.000388583950471646 0.000389435897335752
"wrd 125" 0.000163483787213958 0.000175182683600133 0.000298161174075911 4.67773051620035e-08 4.91850389622842e-05
"wrd 126" 0.000462620028574261 0.000530679537540852 0.000673873901840118 0.00134603702706142 0.000760033368010656
"wrd 127" 0.000238612461924644 0.000201484432636746 0.000365781292353459 0.000345197902380754 0.000267546167894916
"wrd 128" 0.00261555760659322 0.000302479927463007 0.00519090792878368 0.0021868899660591 0.000905346915343379
"wrd 129" 0.000157164568061237 0.000231064451969924 4.96514926998935e-08 0.000266470697601457 1.011138016611e-06
"wrd 130" 0.0026368980431277 0.00412335649549171 0.00202348920265341 0.0023509913322254 0.000115512410091606
"wrd 131" 0.000439205360558196 0.00101268675988142 0.00165513319335203 0.00075910013172314 0.000444968261338045
"wrd 132" 0.000687686205774176 0.0004993263780033 8.92303763083555e-05 0.00141406767898504 0.00016514112394191
"wrd 133" 0.000310769528138513 0.00122952238437577 0.000380043689323169 0.00208563129876844 1.83333411665997e-08
"wrd 134" 0.000920746821668527 0.000342564103800327 0.00263159479322079 0.00241011577671715 0.00156277649870913
"wrd 135" 0.000339168573921413 0.000961343409206138 0.000930376581205655 0.000571857021082796 0.000390526866837872
"wrd 136" 0.000185747056335451 0.000348606711016731 0.000613153184949489 9.70365274159169e-09 1.85052311987933e-05
"wrd 137" 0.00027212022098747 0.000678933805325757 0.00180274157886244 0.00528972551160184 0.000783326497825166
"wrd 138" 0.000821388256150994 0.00116984151029392 1.25689516159182e-08 0.00288832484876342 0.000164415342194334
"wrd 139" 0.000487020747990974 0.000216804079998338 0.000449111227201109 3.37022279057123e-08 0.00091366316664262
"wrd 140" 6.2162179697226e-09 0.000178468075296978 0.00135974616572196 0.000137809399864694 0.000304703504023103
"wrd 141" 1.77420643500795e-06 0.000402893789460135 0.000873797845175219 7.92222139911904e-05 0.000144650079554231
"wrd 142" 6.83972635691684e-05 2.3220684469486e-05 0.00021391284948877 3.80298547182753e-09 3.50061681360925e-09
"wrd 143" 0.00140149483906262 0.000484806388672164 0.00124908561258435 0.00132181014984832 9.30681335952652e-07
"wrd 144" 6.75096121952737e-05 0.000228738026232309 8.47434596063464e-09 0.000853612516773406 4.47126939365114e-05
"wrd 145" 0.000506907918567044 0.000313571798324283 0.000411145399153033 0.000393571670624442 0.000128624485989057
"wrd 146" 0.000386966775945488 0.000198327656811003 0.000818864761292939 0.000138387828737831 0.000325584591124751
"wrd 147" 2.43454053123584e-05 4.04112046376952e-05 3.68414929875015e-09 8.94616353565229e-09 4.55728230633974e-09
"wrd 148" 2.46148830673719e-05 0.000222242161761852 0.000565994319305232 0.000181215332388849 2.33820343746066e-08
"wrd 149" 0.000238433982054093 0.00044451415477857 0.00130567757154347 7.8412023810847e-06 1.238802168745e-06
"wrd 150" 0.00228702052109797 0.00137716738922091 0.00672251220669602 0.00198976187670892 0.00134631698436941
"wrd 151" 0.000732260550504385 0.000182951616805548 0.0019845225582968 0.00074586620056628 0.000706437821767566
"wrd 152" 0.000318602678330402 0.000789426098990516 0.00162504852544703 0.000317100525005579 0.000137779863578709
"wrd 153" 0.000351588886370692 0.000313546478234282 0.00146438091442392 0.00070455894026177 9.52998915948777e-09
"wrd 154" 0.000406604375531168 0.00019915004128374 0.00153742196530512 0.000231026146825471 0.000200947799587404
"wrd 155" 0.000967773008233557 0.00060083113317523 0.00213877276103226 0.0010848297670695 0.00102707580260709
"wrd 156" 4.19940731801009e-05 0.000693991566556924 0.00120891136369089 0.00182531695294734 7.91152104287554e-05
"wrd 157" 0.00143083274305372 5.2298521642361e-05 0.00201116878460243 0.00363431134180795 0.000249045157378627
"wrd 158" 0.000602468192455926 0.000948380390469643 0.00192912391312462 1.79725023047161e-08 0.000234657332776024
"wrd 159" 0.000337196913566126 0.000630918522163398 0.000849900603031346 0.000199742053369746 8.94014344451001e-09
"wrd 160" 0.00231834854269043 0.00211526393869933 0.00457861990395889 0.00134610274974243 0.000823142279046289
"wrd 161" 1.41374656312091e-05 1.61155439116643e-05 5.53202752444877e-09 0.000218592100790249 3.41109773277213e-05
"wrd 162" 0.00108952788984785 0.000989871141928654 0.00114767261224668 0.000965362163783486 0.000618490254405155
"wrd 163" 0.0014632943504459 0.00309589112926124 0.00188580794253646 0.00121592060486088 1.96218798416483e-05
"wrd 164" 0.00028343324466044 0.00148444130820664 0.00364979771467504 0.000839165360831106 0.000447324240568141
"wrd 165" 0.00238965350094694 0.000260936625236325 0.00180974532102935 0.00343526053363941 0.000634170343837697
"wrd 166" 0.000232375370771412 0.000179122981747479 0.000602376671005703 0.000238312996885835 0.000207372902394605
"wrd 167" 0.00117104494426075 0.00277630983182918 0.0131950248778179 0.00387438524056262 0.00175855696360628
"wrd 168" 2.72418240612994e-06 0.000314946950776593 0.00118464279093951 0.000658015281465912 0.000354450275655839
"wrd 169" 0.000172739497777445 0.000235832426933596 0.00176828417055393 0.000272267441352624 0.00025745653431999
"wrd 170" 1.44271244708846e-05 0.000150141184429063 1.72382267944165e-06 0.000222112688845991 4.11401274634968e-09
"wrd 171" 0.000478558583010596 0.000418691866756376 5.29811511426469e-06 0.00132226921807654 0.000701169051961193
"wrd 172" 0.000437328454322726 4.2716393794188e-05 0.000276884394208257 0.00139832759223364 0.000220276460719369
"wrd 173" 0.000329060027924502 0.00066143085974367 0.00293851668251661 0.00134704282627585 9.37157001409103e-09
"wrd 174" 0.00077973928785572 2.95803224412692e-08 0.000447013081642069 0.0012449752443707 0.000287453513618099
"wrd 175" 0.000496529219962844 0.000335868422551359 0.000266356619755457 0.00109991941883801 7.84733864166651e-07
"wrd 176" 0.00136281906225144 0.000446989327287013 0.00213117311722106 0.00430090093418928 0.00193012542648187
"wrd 177" 0.000567061099440795 0.00125759834674853 0.00137713132249945 0.00241033795531176 3.79274317852391e-08
"wrd 178" 5.2231079513586e-05 8.97314484447622e-09 1.33110707655352e-05 3.26697522786078e-09 7.96356140325359e-09
"wrd 179" 0.00129433018995427 0.000880183216176234 1.09163656536042e-05 0.00283610994104393 0.000122139608063065
"wrd 180" 0.000311224478366177 0.000213624187213855 0.000419671758322773 5.13991571551043e-06 5.63510886906231e-05
"wrd 181" 0.00126343576685765 0.000730121994786347 0.00103587762786373 0.000837376535728289 0.000102481245142167
"wrd 182" 0.00191747527907405 0.00108091857797445 1.59667272275824e-06 0.00275757782089493 0.000686347759037156
"wrd 183" 0.00223515754866016 0.00209320497696139 0.00216134389531939 0.00486360896786531 0.00109423304955334
"wrd 184" 0.00157150801205874 0.000818463691106784 1.63132086779417e-08 0.00704026183000293 0.0019114066802791
"wrd 185" 0.00415390182367297 0.00238696809737012 0.00575884398506198 0.00164399563760516 0.00191911159184404
"wrd 186" 0.00175308847252206 0.00125713708028563 0.00130649596478293 0.000835110954877669 0.00108170649816567
"wrd 187" 0.000995098575985811 0.00368017737963573 0.0181331887836051 0.00329746638153908 0.00354457049570041
"wrd 188" 0.000877047589778291 0.000342438506103285 0.00172154888468079 0.00100934982075245 0.00039464433414793
"wrd 189" 0.00316543791420073 0.00328480799741383 0.0034526777940255 0.00114934598238233 0.00114755621892548
"wrd 190" 0.00112475107909652 0.00089876786542878 0.000239275129013784 0.0019623770972711 0.00017878896871574
"wrd 191" 0.00100041155473846 0.00306968137715736 0.00788453852113145 0.00680656214313453 0.0419136390498999
"wrd 192" 0.000143037010987629 0.000138971187953796 0.000113756163952733 6.97405763612452e-09 8.82913054708794e-05
"wrd 193" 0.000119614258496259 0.000333178772433398 0.000474478991762346 1.69621389210338e-05 9.17268903921453e-05
"wrd 194" 0.000798743484143246 0.000400008860810132 0.000570735707970806 0.00130007816020667 0.000546984725671211
"wrd 195" 0.00151910147481505 0.000750133559327526 8.06710513813988e-08 0.00609554205986471 0.00243304160335977
"wrd 196" 0.000230176959947901 0.000435264868852885 0.00122660285316147 1.78093975465791e-08 0.000101342479280522
"wrd 197" 0.00129569163550413 0.000801079404867085 0.00138511669931118 0.00447361169680021 0.00131140570779912
"wrd 198" 0.00138703248873717 0.000505598074390392 0.000645715937259872 0.0048301963596388 0.00236940925422166
"wrd 199" 2.97154748367511e-05 0.000374233040799588 0.00230235734314556 0.00125392527852213 0.00183046145300099
"wrd 200" 0.00146296512703888 0.00215138187377378 0.00263096346338862 0.00159872315093037 0.000491063036536328
"wrd 201" 0.000101028651619683 9.90385625118071e-09 0.000151994266678315 0.000346351324287718 0.000600592975930345
"wrd 202" 0.00141629237410241 0.000892778585397222 0.00202527919533369 0.000202821359218579 0.000890743010955248
"wrd 203" 0.000389344513068991 0.000732103224218337 0.00125825801856053 0.000819637074415217 0.000269809465458502
"wrd 204" 0.000111783674436355 0.000220919011585985 0.000297504696031673 0.000136377541550274 0.000197634889475462
"wrd 205" 0.000615092742013562 0.000175276268787544 0.00173347168538361 0.000660779925695622 0.000191060644425184
"wrd 206" 0.00218871834005708 0.000159811941880372 5.20491666898289e-05 0.00391614266956459 0.00633944692119292
"wrd 207" 0.00435981916600783 0.00625909637541425 0.00634928347465273 0.00241777702114492 0.00245363882947274
"wrd 208" 0.000145949991063857 0.000146222760467355 7.36373484629054e-06 1.70064263878616e-05 0.0006876106892488
"wrd 209" 0.000223788685736076 0.000320743558221097 0.000770657025415152 0.000745550065760399 0.00113601275228003
"wrd 210" 0.00836016743094812 0.00497079283380105 0.000655986775767957 0.00233600759156453 0.0108577070769255
"wrd 211" 2.18172574036187e-05 8.79818510198655e-05 9.58028043016742e-05 5.42235563820127e-05 4.24503978936173e-05
"wrd 212" 0.000678860984812693 0.000606143507743445 0.00191230170566137 0.00168118993192939 0.00222446265780021
"wrd 213" 0.00250961209022119 0.000753846847343285 0.00420392353304216 0.00119350415177325 0.00119320687630329
"wrd 214" 0.00595823344553864 0.00444771228924544 0.000734800019996564 0.0113372937880131 0.00607248165009489
"wrd 215" 4.90931224563647e-08 6.7426895274683e-05 5.56293914285856e-06 2.23815209776618e-09 2.96655593458624e-05
"wrd 216" 0.000740172378584817 0.00021990662870113 0.000200835559559364 0.0017929387820189 0.00221803277113941
"wrd 217" 0.000160213055285264 5.57778709253503e-06 0.000518069187545592 0.000342044610915553 0.000761504224405933
"wrd 218" 0.00118840719584626 0.00214825929884935 0.00202431773518874 0.00044280142810818 0.0010465603561215
"wrd 219" 0.000474546849543303 0.000165172234045206 0.00020547346527121 1.24407333531958e-05 0.00103006967246228
"wrd 220" 0.000462213431018846 0.00021141994272855 0.000262902087211856 0.00108580721797068 0.00251745807218902
"wrd 221" 0.000734617198475657 1.09194975364311e-06 6.11641539477289e-08 0.000270906733594203 0.00204886950238999
"wrd 222" 0.000514866669466836 0.00014871407693608 9.6060461960502e-08 0.000389043912116912 0.00232900305312711
"wrd 223" 0.00181925071564957 0.00025478310422607 5.7081606504679e-06 0.003591932668364 0.0111128824733338
"wrd 224" 7.47465104885465e-05 0.000159483156666447 0.000483265776062336 9.03269094463563e-05 0.000190553428106011
"wrd 225" 1.03503608090707e-09 1.79386785507151e-05 2.55347797520047e-07 1.06904218236244e-05 2.4493438203111e-05
"wrd 226" 0.000219475481351521 0.000464344836135399 4.54599072438534e-06 0.000157357206833251 3.71005435106005e-05
"wrd 227" 0.000446114975299217 1.39283194855197e-05 0.000860738186252732 0.000101454263190313 0.000684076550568712
"wrd 228" 0.000453248916213689 0.00244320599257136 0.00598466899086258 0.000402715423813757 0.00104632264703744
"wrd 229" 1.20785588439993e-05 3.15925419497132e-05 6.32157758373221e-09 5.22647605517605e-09 3.69465258213379e-07
"wrd 230" 0.000155595211773973 4.98740705211685e-05 0.000447826817382329 1.15744671613918e-05 5.74151712862113e-09
"wrd 231" 0.00195614068787346 0.00130695210989456 0.000330379974184451 0.000222071826780185 0.00135152814079612
"wrd 232" 0.000788816239883484 0.000834933088206997 0.00258094252434467 0.00178326676247238 0.00512445862163457
"wrd 233" 8.18949828889502e-05 3.74464150481349e-05 0.000677211569460296 0.000200880830096964 0.00222689483989334
"wrd 234" 0.000267544831732315 0.000544535586591883 0.000697965016663559 5.2188847799365e-07 0.000290072521661761
"wrd 235" 0.0014240575529202 0.00147922268153209 0.000726844036859343 0.000244015581640814 0.00178456741232893
"wrd 236" 0.000779889199278211 0.000814667011464379 0.000793825543455492 0.000410319789176668 0.000419116530248528
"wrd 237" 0.000414941305804552 0.000451336572695428 0.000149458096006186 0.000450658957292256 0.000656925662361078
"wrd 238" 1.56690263884217e-08 9.69121500230135e-05 0.000274892448847196 3.97214761073795e-05 3.99538984343867e-06
"wrd 239" 6.01274607339678e-05 0.000244884993292846 0.000747515257177313 0.000473141292330155 0.000349207477784712
"wrd 240" 0.000821435943284014 0.000493785609948187 0.00061015842077362 0.000949420574864818 0.000492103446699075
"wrd 241" 0.000582972204458775 0.000145859926867942 0.000376451890158397 4.59651619769894e-09 0.000799227796223962
"wrd 242" 0.000145715133223582 2.13224469298598e-05 0.000188286384519444 3.92275729824896e-09 4.46664051400935e-09
"wrd 243" 0.00108177884130209 0.000552571530788366 0.0016925386201923 0.0026529270936349 0.00119345200398647
"wrd 244" 0.00114629014541487 0.00122578782448668 0.00298211527130398 1.52424428446885e-08 0.00473346993763016
"wrd 245" 0.000904965427095245 0.000701618268510217 0.000876752681254518 0.000293017419533619 0.00074953890022899
"wrd 246" 0.000102929186456226 5.82379893191307e-05 2.19567596144959e-05 3.54504994846139e-09 4.97997199884551e-09
"wrd 247" 0.000147123178133134 4.56529373933337e-08 0.000299900760037227 6.70015375135715e-05 0.000513812506686023
"wrd 248" 0.000489476504086991 0.000163156803507549 0.000706570436094628 0.000406306971936726 0.0012987596577994
"wrd 249" 0.000498009772078187 1.80550530421786e-06 5.26840954212948e-05 0.000572862278317857 0.00100509627025991
"wrd 250" 0.000235673160146774 4.12839326938546e-05 0.000187801828927433 5.90585616349817e-05 2.52917275568385e-06
"wrd 251" 0.000632406899520575 0.000935959963966332 0.00187597602707839 0.000525363527469843 0.00014368953840859
"wrd 252" 0.000164542580962091 0.000212120774825595 9.67964967977141e-08 0.000887909183430763 0.00274276622057515
"wrd 253" 0.00665859381505414 0.00318068098771144 0.000724103484409765 0.00983138790333483 0.0159133642125025
"wrd 254" 0.00498169655010582 0.00283210070749019 2.30898415694141e-06 0.00259970415045505 0.00774577466706438
"wrd 255" 0.000912394279959281 0.000657584763668758 0.0038714901985857 0.000681009624652034 0.00153386637768791
"wrd 256" 0.00326550894881904 0.00132103070849401 0.0019151738029949 0.00167256826652088 0.000824334883310146
"wrd 257" 0.000272450057933825 0.000587350380703765 0.000528611278514332 0.000130951620684361 0.000399610071759403
"wrd 258" 2.13664745768508e-05 4.43458066726855e-08 0.000317904003599469 0.000443903522570641 0.000315860853355835
"wrd 259" 0.000692844028249734 0.000639143245212924 0.000457327173431556 3.6580634883271e-05 0.000724851029373326
"wrd 260" 0.000240021750923705 0.000250638914540052 0.000204388665109861 0.000183873453261565 0.000533101891370207
"wrd 261" 0.000820145299773724 9.02710846883479e-06 0.0025171535734314 0.000233337207924038 0.000821697861822778
"wrd 262" 0.000354233180022312 5.42419924887245e-05 0.00102663898979761 0.00132438950408797 0.000780619833828375
"wrd 263" 0.000652174949893109 0.000914016266049906 7.12421899583307e-06 0.000153458109512863 0.00220438826731593
"wrd 264" 0.00104706391668098 0.0019640353114267 0.00790983080642085 0.00524080136652137 0.00690300994060305
"wrd 265" 0.000921471997479208 0.000325965138800988 6.36425220960782e-05 0.00186478868341111 0.00191335066959034
"wrd 266" 0.000245115533215152 0.00014983006128938 0.000784828394459881 0.00132217309045276 0.0038491696388813
"wrd 267" 0.00119176042492619 0.0017839856297469 0.0036153485506662 0.00148838565459038 0.00217429873082718
"wrd 268" 0.000368112403362752 0.000116912973566342 0.00085909530643052 0.000113730874664757 0.000360575327481316
"wrd 269" 0.0070566434787124 0.00230210758361049 4.16119470977254e-08 0.00252876126351879 0.0328978351122918
"wrd 270" 0.000541447822427767 0.000614291469355382 0.00804601001447718 0.00285682884796754 0.00319253264042319
"wrd 271" 3.43382973016675e-05 6.78915080811038e-05 1.19761839317483e-08 2.65758067917969e-08 4.51275902954685e-05
"wrd 272" 0.0013931475599504 0.00262954906759778 0.000621842056093591 0.00421638614675956 0.00276313609494588
"wrd 273" 0.00400747846720731 0.000816847187227904 3.79485087676392e-07 0.0088248086076937 0.00531079014621703
"wrd 274" 0.000546058820095512 0.000507076307509054 6.28654802061511e-06 0.00221122008822608 0.00100015392758917
"wrd 275" 0.000247529759933961 0.000564238407222421 0.000951630919345174 4.4262313903163e-05 0.000177978908671278
"wrd 276" 0.00119995949044469 0.00073411990484829 0.00325295690131776 1.78435842355161e-08 0.000193418617524182
"wrd 277" 0.0016837075803447 0.0010013883521608 0.00663763821583653 0.00271398975920152 0.00318656243196537
"wrd 278" 0.0012052292184294 9.85464312473779e-05 0.000771255892869644 0.00236273722061043 0.00102075170960807
"wrd 279" 0.000408769074896248 4.03238014537017e-05 0.000610494798477487 0.00112798065254429 0.000423503417953496
"wrd 280" 0.00040744296727802 0.000410223538213204 0.000570922576923531 0.00199462660596514 0.00147005280755565
"wrd 281" 0.000359055000972461 0.000193290102350343 0.000275709726025283 0.000131733774357608 0.00013539369034906
"wrd 282" 0.00090915462990505 6.9720919118712e-05 0.000271165007557518 0.00141276486204294 0.00459373458328045
"wrd 283" 0.000115920381346188 4.48183209853066e-05 0.000290377240726161 3.94278576846443e-05 0.000304567294351277
"wrd 284" 9.07118107094236e-05 3.43133906378055e-05 9.2539458132327e-05 0.000162785953828165 5.20164239465628e-09
"wrd 285" 0.000765685815913531 0.00150780781509378 0.00581320933371403 0.00087674075643152 0.000856636411011256
"wrd 286" 0.000171032130535584 0.00014049460776156 0.000310756321493675 5.66142052498807e-06 0.000119377928404806
"wrd 287" 0.000263737322439382 0.000138733938341269 0.000889974392986873 8.70390715709795e-05 2.98891660515229e-05
"wrd 288" 0.0168026379642676 0.0152691691411939 0.0191356990837201 0.0172087481739646 0.0117929492202203
"wrd 289" 0.000334075966132951 0.000459490324584683 0.000376065551917889 0.000142668591341667 1.16090327519542e-05
"wrd 290" 0.00270544329545192 0.000201486314859864 1.09716225997781e-06 0.00491846909074892 0.0116026027774693
"wrd 291" 5.33684031745452e-07 0.000455064998349323 0.0016659359076918 1.89877710930602e-08 0.00233250348908818
"wrd 292" 0.000323088841881879 0.000400654831610891 0.00067969867368933 0.000270922254959599 0.00026229695177367
"wrd 293" 3.45479998031518e-05 0.000101206461152847 0.000593077460152822 0.000654923152272937 0.000173182285361973
"wrd 294" 0.000715853796062521 0.000599910654475346 0.0010680563892682 9.09830484059352e-05 0.000173431785529765
"wrd 295" 0.00758603872758207 0.00254057711172823 0.0040007416565691 0.00617977110807168 0.00270707689309431
"wrd 296" 0.000470905918915262 0.000211415494778982 0.000611909124074911 9.33722822767605e-07 0.00168495358468555
"wrd 297" 0.000816271027128252 0.00113271415541057 5.51154669558986e-07 0.000517509408708112 0.00134977025971653
"wrd 298" 2.5795782859395e-05 0.000312054059120622 0.000147938882016996 6.03682345996377e-05 0.000372073323607108
"wrd 299" 0.00213215727345491 0.00373484636290379 0.00846235648187735 0.00118440929470467 0.000602611508902233
"wrd 300" 0.000684296657433065 6.68508963495788e-05 0.00229243773214048 0.000460767385776004 0.000354522647838
"wrd 301" 0.000267378680207752 9.6279849038789e-09 1.09774288264479e-08 0.000438179724766197 0.000405687630607355
"wrd 302" 0.00213194071519438 0.000166053544382151 0.00235516098295463 0.00304228533756101 0.00136974965010967
"wrd 303" 0.00117133875410646 0.00143729119271532 0.00525123763278534 0.00636431309265925 0.00628848639541545
"wrd 304" 0.000857003038694943 0.000610480356391671 0.000504033774919762 0.000189899653374607 0.000231882839627181
"wrd 305" 0.000211862326420954 0.000346419905532134 0.000443754627654351 0.000538635862883669 0.000571584974837079
"wrd 306" 0.000101483976645767 7.57516149317616e-05 0.000159199666522181 8.72391079231814e-09 4.38611908052604e-05
"wrd 307" 0.000711901870248645 0.000798089814189386 0.000556752637452235 0.000419474715261572 6.6991861548871e-05
"wrd 308" 1.08431344095446e-09 3.19800918981562e-06 1.11331148914072e-09 6.783865804315e-06 4.75738613356595e-06
"wrd 309" 0.00133619907528764 0.00132483413731803 0.00235185796400124 3.64615724071591e-06 0.000182558608596325
"wrd 310" 0.000273926680160981 3.17114026446802e-05 0.000207586291156774 0.000141792623817668 0.000165951123033449
"wrd 311" 0.00227032073377506 0.000997254302872456 0.00276079763773173 0.0049100212521193 0.00348330281905
"wrd 312" 0.000579618880130471 0.00069258419304574 0.00130054867585652 0.000397370732860204 0.00110907628749286
"wrd 313" 8.59751396874589e-05 0.000186792672572147 0.000245260752937046 0.000393224958397351 0.000343457826681623
"wrd 314" 0.000266138466782702 0.000159304776132448 0.00075607494426828 0.000550736259573958 0.000617081857627027
"wrd 315" 0.000236304631427763 0.000173892713796622 0.000258776389630336 4.91008185960088e-05 1.44759128206615e-08
"wrd 316" 0.00123513758784012 0.000858449539937679 0.00200712861327763 0.00193332763358922 0.000807922546569819
"wrd 317" 0.00609453331970928 0.00129547109901408 8.02703049046489e-06 0.00632020210083479 0.00676633562379746
"wrd 318" 0.0245760955855922 0.00763189939773831 0.000499501004628994 0.0306298450874769 0.0214257023798391
"wrd 319" 0.00248326755891319 0.00139163992314969 0.00190905913321595 3.13866295073227e-06 6.5052633892648e-06
"wrd 320" 0.00217813054323131 0.000925955674697923 0.000969254053544289 0.00222124429095291 0.00261271898512569
"wrd 321" 0.000363668400889554 0.000435002635596455 0.000674811262831485 2.54109341953784e-06 0.000344004113931083
"wrd 322" 0.00088980362186309 0.000904858164807159 0.00277259362549455 4.45673634993933e-08 0.000245819996119885
"wrd 323" 0.00244768263146245 2.65012851552254e-08 1.53735982731996e-08 0.00123919441627762 0.022861554421178
"wrd 324" 0.00229361637102286 0.00165517581049539 0.00228090502560954 3.02184162964682e-08 0.00175383621228834
"wrd 325" 0.00289626213912742 0.000897299976894253 0.00228344305649186 0.00162461845113907 0.00110479328902326
"wrd 326" 0.00241944171401478 0.00199234290001817 0.00603822097295059 5.65955858275432e-05 0.00140333218903726
"wrd 327" 0.000183057356968503 0.000333443310440877 0.000730891000160883 0.000192965629009571 5.95549573976082e-05
"wrd 328" 6.1352322553637e-05 9.56949331669153e-05 1.71455021476972e-07 1.7833931500034e-05 1.16653576143674e-05
"wrd 329" 0.00041873324309188 0.000205942189458061 0.00320581339113668 0.000749070535626165 0.000817569407441146
"wrd 330" 0.000563655964700678 0.000410232686661885 0.000913195232328394 1.215190016692e-08 0.000214224204155325
"wrd 331" 0.00045683968006899 0.000248072008335818 0.000903777378488575 0.000397145785143637 9.92074816728056e-09
"wrd 332" 0.00232978173972157 0.00272151444171724 0.000325496093555733 0.000759483708851858 0.00102800593759324
"wrd 333" 0.00693053263268569 0.00589230627827098 0.00440663275468402 0.0039037581660145 0.00545864177536569
"wrd 334" 0.000625531976810776 0.00122226915704824 0.00594365088770178 9.03272128986158e-08 0.00338143678947074
"wrd 335" 0.000605384509252319 0.00114507504183608 0.00168896528683501 0.000344710441484336 0.000441009441122464
"wrd 336" 0.00101910074482929 0.000151485040858458 9.55801855484864e-07 1.05325577646703e-08 0.00706313172820108
"wrd 337" 0.000679759917262391 0.000683690763531647 0.00115291784115184 0.000165591378574128 5.83715147909745e-06
"wrd 338" 0.00198838955106376 0.000715147274087783 1.44296989906125e-08 0.00272343442611345 0.0043182552112804
"wrd 339" 0.000981643812500836 0.000429091252564582 0.00327455679882165 0.00327993216963627 0.00576223473726849
"wrd 340" 0.000185103707549803 0.000111251391032964 0.0020387513515757 3.32616309992349e-05 6.81225750512492e-05
"wrd 341" 0.000636079649971138 0.00174599859380056 0.0126129501502059 0.00182250256223103 0.00181853283812116
"wrd 342" 0.00222782958844959 0.000634795875204324 0.00174699854800429 0.00168367141256364 0.00109235581782795
"wrd 343" 0.00212376567248701 0.000183994640809815 2.42716885628577e-06 0.00167336254606098 0.00539146462924182
"wrd 344" 0.00216958447506126 6.1078911851656e-06 2.21554606209626e-07 0.000546254026305729 0.00746907374679168
"wrd 345" 0.000201400434871704 4.28075544260265e-05 0.000225510847732095 0.000235165557502081 0.000337784908429927
"wrd 346" 0.000956383711978477 0.000505480581048119 0.00159049586389018 0.000336239087423061 0.000987712855841551
"wrd 347" 9.24422086621139e-05 4.93540292224322e-09 4.48329894919251e-05 3.79515376075031e-09 4.20989234944178e-09
"wrd 348" 4.71186795645577e-05 8.52402201150213e-07 2.65571934022304e-08 5.21634862834096e-05 0.000409217089265917
"wrd 349" 0.000195147226306551 0.00152290133731286 0.00498917841798933 2.04773549065353e-06 0.0126797097875984
"wrd 350" 6.67795152762888e-05 0.0125335469118101 0.0107572295302494 0.00895682702577717 0.0466015947174474
"wrd 351" 5.77977344835872e-05 8.80336266013732e-05 4.32851901769172e-05 0.000401303973204637 0.000643822913581725
"wrd 352" 7.03721070126077e-07 0.00032292958668076 0.00171130603585807 0.000573493423929628 0.000762619776585896
"wrd 353" 0.00214579106441 0.000558868768526492 0.00262930227571646 0.0011084940748673 0.00563591899450054
"wrd 354" 0.0205557085442148 0.00514518380560371 4.57220739647797e-05 0.01936612097365 0.0289579111686462
"wrd 355" 0.0161306246529142 0.00768351909744452 0.00260298210494445 0.00922721072570718 0.0457699899733274
"wrd 356" 0.000943082696138179 0.000830039167218474 0.000655274078276872 0.00120374886333234 0.000209952591739767
"wrd 357" 4.71546573424495e-05 0.000153062270322107 0.000100004293770354 0.000155152798572449 0.000262362947734065
"wrd 358" 0.00099954748082175 0.000497188111720037 0.00227690810665537 0.00114575921610373 0.00115825119512802
"wrd 359" 0.00399569107426946 0.00435421406185243 0.00317808398189702 0.00384999268629632 0.00273179972162717
"wrd 360" 0.00115918259436157 0.000442721864040855 0.00363824359961205 0.00109065886575395 1.99298942053722e-07
"wrd 361" 0.000174747366419771 0.000143772202739414 0.000771373159145472 0.000375405040383732 0.00390029664921463
"wrd 362" 0.00137323569099726 0.000186475448906176 0.000448381492354522 0.000280425227286112 0.00177518304296187
"wrd 363" 0.000172673755086294 0.000127872216367407 0.00263010286197116 0.00183189210948297 0.0012329152894411
"wrd 364" 0.00306068161640415 0.00101452032063387 0.000962040821702062 0.00109756816409094 0.0108338962351032
"wrd 365" 0.0141362494218572 0.00530324944621542 0.00439011399018675 0.00608808181838678 0.00440308839597227
"wrd 366" 0.000967480396367428 0.000620124368633503 0.00106348571371246 0.000393797909453975 0.000846815078259677
"wrd 367" 0.000765042405197142 0.000401003695120457 0.00175535439884221 0.000574806607040607 0.000417694088063579
"wrd 368" 0.000291037637838595 0.000279921935822395 0.000330241234539535 0.000148119427409733 1.28609532295318e-08
"wrd 369" 0.000334339369484212 0.00081858656464995 0.00151413295882859 0.000499217412631654 0.00370801264998915
"wrd 370" 0.00306720374532999 0.00134086502927063 0.00160141577186308 1.10787192350366e-05 0.000497040122219194
"wrd 371" 0.000212120064888918 0.000308543098823121 0.000256497758938379 0.000694193401316356 0.00041129077905468
"wrd 372" 0.000273787798744634 0.000721292307538427 0.00142676628404672 0.000104121738141268 0.000233748112009673
"wrd 373" 0.000201231347995061 0.000304309537979261 0.000599514865176543 0.00012895704961727 1.2446715042837e-07
"wrd 374" 0.000774810391121211 0.00072322933858608 0.000208331332243792 0.000354370002575852 0.000684821469269513
"wrd 375" 0.000238578544812129 0.000306470962196076 8.42628419447859e-05 0.000123362144271527 0.000210460585285665
"wrd 376" 0.000404187802096614 0.000248469860225955 0.000727711929612706 0.00065736821141892 0.00323296826995308
"wrd 377" 0.00053426888575884 0.000572783241463651 0.0027139258263726 0.00329996207324846 0.000454934634803438
"wrd 378" 0.000221658419352143 0.000237962534837178 0.000773099006833101 0.000172973967864926 0.000182474913480655
"wrd 379" 0.00480035062744771 0.00358426487072181 0.00146396055385182 0.0019594311231697 0.00622865602000511
"wrd 380" 0.00141169323336961 0.000382514786709114 0.00129312179248713 0.000414589171766735 0.00863746747701031
"wrd 381" 0.000337915161064815 0.000554291697105837 0.000808506667042245 0.000205503980372091 0.000208452307122408
"wrd 382" 0.000392418456323875 0.000507056216851796 0.00161418135550751 0.000395253109284815 0.000104568824924819
"wrd 383" 0.00035017091008284 0.000651426396801281 0.00173045899289414 0.000206216640924762 0.000559780615034488
"wrd 384" 0.0389187870934329 0.0142892999731861 0.00505966391394931 0.0333966210440921 0.016924596001589
"wrd 385" 0.000593251547859731 0.000480785342105805 0.00309287943408618 8.9089637809255e-08 3.35664917950261e-05
"wrd 386" 0.000547811746927888 0.000184499949899166 0.00110812185730325 0.000316562397898706 0.00438920337340335
"wrd 387" 0.000477107341341239 0.000199418167472887 0.000860622345019131 1.44763499086339e-07 0.00234356087134952
"wrd 388" 2.866912229979e-09 1.52800275122451e-09 2.3792358789069e-05 8.54393882404347e-05 2.53427234666769e-05
"wrd 389" 0.000343749441896813 0.00052391240154972 0.00062501685725619 2.04359541339941e-06 3.11467372787374e-05
"wrd 390" 0.000188279564099659 0.000546727232727339 0.00169681138648259 0.00222008062296144 0.004286812732762
"wrd 391" 0.00116712698510171 0.00155707626353802 0.0043497159234902 0.00304472274370244 0.00131740050738973
"wrd 392" 0.00125233773397641 0.00092259694550945 0.000189278166261152 0.00151133698130126 0.00141965457883287
"wrd 393" 0.000710619994018027 0.00116798827696126 0.000532332716375539 0.00137573789768182 0.00250130461570693
"wrd 394" 0.000484770252050414 0.000425534936979332 0.000290251415617396 1.26195436493449e-08 0.00229737505835162
"wrd 395" 0.000449530610007264 0.000388884397778953 0.00119792979595523 0.00156531015863321 0.00351212032785537
"wrd 396" 0.00163872373021966 0.00108728303876963 0.00047250922042379 0.00154280300619049 0.00245806070774897
"wrd 397" 0.000489433268228452 0.000407168555009032 0.00232617519347403 0.00111653733493214 0.000697036923920117
"wrd 398" 3.81154975097814e-05 0.000188047205454474 0.000160729720715103 2.41915512316643e-08 0.000488180222998511
"wrd 399" 0.000110994737207707 0.000162589702982716 0.000351120620431302 1.41503010841921e-05 1.22652859835404e-05
"wrd 400" 0.000147220497188786 1.95943824595782e-05 0.000604780629937381 0.000204478515139928 0.000597631486559572
"wrd 401" 0.00064518254334742 0.000215776884734197 0.0024441312392605 0.00053307820976868 0.000752636037055634
"wrd 402" 0.000793207884349264 2.08662439383784e-05 0.000484786086047493 0.000148732689971623 0.00445219940603535
"wrd 403" 0.000518399776178191 0.000344103533970905 1.47981423443185e-06 0.000114197695483332 0.000286677278713818
"wrd 404" 0.000226732310832259 0.000759891049773777 0.00220901174414838 0.000253169381520597 0.000204696786717898
"wrd 405" 0.000385652666828501 0.000113502921093709 0.00101257331549176 0.000847764069393806 0.000120025922514004
"wrd 406" 0.000328247205168338 0.000760206804737471 0.00205178243030836 0.000674173021647357 0.00446030815888588
"wrd 407" 0.000593412107059646 0.000403027999676009 3.97453690626589e-07 0.000861882896837937 0.000310387560955248
"wrd 408" 0.00109713484872638 0.00113129835033361 0.00119261357204062 0.00105157095924813 0.000374130567356677
"wrd 409" 0.000350295263933403 0.000485224062875013 0.000760025585298798 0.000226136400770862 0.00014172994690008
"wrd 410" 0.00478157214118911 0.00531229101844539 0.00237200615343553 0.00189401044853387 0.00130484693297344
"wrd 411" 0.000639798396848653 0.000396607850161114 0.00222236506186249 0.00114308987991604 0.000547302329943667
"wrd 412" 0.000940621642996152 0.0011324971422041 0.000135240338824143 0.000712150102667033 0.000387814567486261
"wrd 413" 0.00575161370722087 0.00404353321572677 6.90267407187574e-07 0.0021539335971788 0.00296381052912147
"wrd 414" 6.86248353076809e-05 0.000105409132597641 9.33009643104463e-07 5.51249379372582e-05 1.00208673710607e-08
"wrd 415" 0.000973289026425958 0.00155107721173138 0.00475443688511824 0.00130388228443304 0.000880667346810718
"wrd 416" 0.000566792593134262 0.000456952197557103 2.00698450731865e-05 0.000339137961414947 9.29664006832968e-05
"wrd 417" 0.00316937700502545 0.000120491749967184 0.00216333542284187 0.00310598821846859 0.00101460070237006
"wrd 418" 0.000301964235190323 0.000409037387287678 0.000137930616210414 0.000121281567074451 2.62073775245391e-05
"wrd 419" 0.00867518719561759 0.00156983949211395 0.00974885292838635 0.0162165000102009 0.00155575686266161
"wrd 420" 4.50938445571111e-05 2.93862442828207e-05 0.000331763573631797 0.000118814187466564 0.000318335815303864
"wrd 421" 0.0071650731021909 0.00558198571788206 0.0126609272251274 0.0039137021081476 0.00481154640348296
"wrd 422" 0.000889441726912062 0.0008915587627179 0.000287751219166877 0.000982326998787506 0.00640190822101994
"wrd 423" 0.000239032888217745 0.000305014728757594 4.44004718312355e-07 0.000385691372801606 0.000896965781817702
"wrd 424" 0.000897306075266937 0.000372884800184449 2.31278275044591e-06 0.000497127977625881 0.000339142731488527
"wrd 425" 0.000575305554254219 3.62456349935049e-05 0.000513188730019039 0.000309029066712321 1.51021117759665e-08
"wrd 426" 0.000389836555221331 0.000154983285991832 0.000587777598629827 0.0011653004305632 0.00139989753901919
"wrd 427" 0.0011097594367533 0.00345044877287378 0.0092066458460496 0.000538550530536274 0.00107067473620523
"wrd 428" 0.000347769121573453 0.000328522220378285 0.00100566370378332 9.99603049850082e-05 0.00023884012179553
"wrd 429" 0.0227406394515259 0.0125414576133979 0.0016823574298346 0.00887443748054643 0.0156721435153781
"wrd 430" 0.000847335321767093 0.000756771719477632 0.00122668654564087 0.00111008404778887 0.000968975430177618
"wrd 431" 0.000450319199014842 0.000352517745332986 0.000927606144576135 0.000389311075040395 0.00014017421996384
"wrd 432" 0.000528704084573724 0.00036582872520026 0.00126139148987401 0.00124488348255943 0.00155025245849547
"wrd 433" 0.00613381663101962 0.00327781374981088 0.00598580441146851 0.00749516913405077 0.00176493068887714
"wrd 434" 0.000445449421462093 0.00069854019609216 0.00049742145952489 0.000520892140875126 0.000301196688251297
"wrd 435" 0.000676662656584853 0.00162067939492838 0.001143555562709 0.000710228631531591 0.00057217768188712
"wrd 436" 0.00154433880985947 0.000490742526353173 0.00507021838259944 0.00381820298745481 0.00174214218737283
"wrd 437" 0.000873892502336756 4.34578574972209e-05 0.000875346788807483 0.000596935971717924 0.000412919293894642
"wrd 438" 0.00117194087806899 0.000295805683455944 0.000235114663740202 0.00141604147646222 0.00566514187751026
"wrd 439" 0.00060365283441694 0.000527843051775156 5.14296436721615e-05 0.000650422302418513 0.000506020340510906
"wrd 440" 0.00126748335164804 0.00142597771114646 0.0002629227022628 0.000672529764407381 0.000574464278177107
"wrd 441" 0.00235413329346793 0.00290214665113118 5.50101069512713e-07 0.0028790763367965 0.00121419808492076
"wrd 442" 0.000727367295290676 1.34903976869534e-06 0.000536917462894541 0.00301899580245831 0.00340567577234089
"wrd 443" 0.00217690691103091 0.00140293104035752 0.00153702401179318 0.000883478472382845 0.00206973713508779
"wrd 444" 0.00171012749273847 0.00194413423892728 0.00132074927644939 0.00197497375577137 0.000328049744390429
"wrd 445" 0.00745040175969856 0.00421788236782291 0.00460490543047907 0.00241425585909532 0.00220448238767434
"wrd 446" 0.000274391192296331 0.000153636021594585 0.00078217738829594 7.84454389196507e-05 0.000352310570347995
"wrd 447" 0.000730598668109047 0.00101592662954433 0.00301825425054078 0.00103847585587349 0.00146070355270305
"wrd 448" 2.50819611183546e-05 0.000435995580443013 0.000451982886121215 2.59483529888177e-08 0.000478565206081348
"wrd 449" 0.00111767103966954 0.000724478378239866 0.000572588333779441 0.000384328182405053 0.000738780993965486
"wrd 450" 0.00253711387469229 0.00202557066824945 0.00033803951661237 0.0037122990313469 0.00318287411873114
"wrd 451" 0.00166565067840345 0.00113133661219734 0.000506668130856442 0.000169815314068962 0.000354582818970998
"wrd 452" 0.000183543178823456 8.98067259659227e-05 0.000233940186653848 0.000212363041098934 0.000218989862143335
"wrd 453" 0.000862525596281967 0.000240523223191216 0.00214400230315725 7.83655726493799e-09 0.00058821732106766
"wrd 454" 0.00488287143314355 0.00457294311626108 0.00727595313387453 0.00142133232803631 0.00183012582129941
"wrd 455" 0.00116631291805618 0.000890429985040397 0.00118789555624606 0.000695139855931127 0.000601791195805055
"wrd 456" 3.55638670118837e-06 1.45287756414076e-05 3.04162158465404e-05 1.71204617782148e-05 2.47092397047868e-05
"wrd 457" 0.000627951557218968 0.000554747562679199 0.00285754375718373 0.000281442756808955 0.000436181763575247
"wrd 458" 0.00030771216090083 0.000766914668583659 0.00224898672902669 1.58385380718972e-08 6.60364805218896e-06
"wrd 459" 0.000295802308585292 0.000249955920911165 6.21919401178723e-05 1.54979591010208e-05 7.64922439056108e-05
"wrd 460" 0.00045844703134788 0.00147081398995628 9.44240120197854e-05 5.98587962432104e-05 0.000326803530895052
"wrd 461" 0.0133711497761526 0.00641752355338019 0.00301644858367443 0.0110738014717588 0.00614361022550109
"wrd 462" 0.00310357728801981 0.00287535734291782 0.00142815098685974 0.00170642089604522 0.000931603285831683
"wrd 463" 0.00332234199371913 0.00221600216846201 0.00163732053026652 0.000316354756789001 0.000581444110575616
"wrd 464" 0.00205283103368642 0.00128719612319721 5.08384793624542e-08 0.00171044003628381 0.00787929593459692
"wrd 465" 0.000831991429398754 0.00137125541005627 0.00027308431406217 0.000210336844726468 0.000996140498200164
"wrd 466" 0.00987368769286933 0.0136921546399244 0.00770917058883969 0.00452987550968167 0.0106163495683883
"wrd 467" 0.00106666227165512 0.00114964904738901 0.00144664137185793 0.000619617761257097 0.000717014515638999
"wrd 468" 0.00429749346850769 0.00192356544320312 0.0042508062165871 0.00187805311188537 0.00105790972625291
"wrd 469" 0.000669495872576231 0.000376982868767125 0.00127390301581793 0.000129906219667585 0.000267026967107418
"wrd 470" 0.000478356501605364 0.000626120256806791 0.000433313040147172 0.000744920631131007 0.000628699264508209
"wrd 471" 5.0742591118209e-09 4.98529265770891e-05 9.8392648858175e-09 3.59452705054251e-09 4.7660350003707e-09
"wrd 472" 0.00441527299700515 0.00502834025090069 0.00125558283499242 0.00347804127579542 0.000721392304693303
"wrd 473" 0.00462322482727044 0.00129122608040727 0.00338650765547531 0.00187611287033248 0.0013971876329964
"wrd 474" 0.000593748563108462 0.000737315956871715 0.00221231523202765 2.02557405957425e-06 9.19771490565441e-09
"wrd 475" 0.0192763328358615 0.00858780699930416 0.00196245080510964 0.0098697520985011 0.00766531399756475
"wrd 476" 0.000529307240859084 0.00024319278682234 0.000486511256830458 0.000223198557976485 0.000152694826227514
"wrd 477" 0.000615144892555467 0.00118312653889683 0.00123981513790387 0.000127020350649342 1.70552402934084e-08
"wrd 478" 0.00817893195897055 0.00532984358660302 0.0104729208892241 0.00209461135276798 0.00425523821649126
"wrd 479" 0.00175107385098649 0.000645626337688931 0.00189824865447159 0.00100568048479983 0.00106483684802013
"wrd 480" 0.00030783432509238 0.000634021495919715 0.000923453767345025 0.00121348515618118 5.7536753430284e-05
"wrd 481" 0.00583578896735402 0.00451808854488167 0.00853739834112391 0.00150009757586854 0.00156231156384239
"wrd 482" 0.00672419880483894 0.00767355497043682 0.00284678971736663 0.00599953390673983 0.00486891505328779
"wrd 483" 1.83527714241717e-06 1.04930316745127e-09 1.54944273878377e-09 2.02034790653649e-08 3.69426911647942e-09
"wrd 484" 0.0042725346231105 0.00344684846005763 0.00361176084989937 0.00116852472337549 0.00138805410125203
"wrd 485" 0.00334827412769579 0.00189016371622769 0.000600091245957172 0.00127681149709161 0.000649867061640966
"wrd 486" 0.00273971144076197 0.00423231835998604 0.00358533978338942 0.00198900500514261 0.00150145993997161
"wrd 487" 0.00133493900398213 0.00062488988348255 0.0021298755349737 0.000294066323427828 0.000819349497349705
"wrd 488" 0.00216862672900664 0.00135152145169898 0.00337014272567056 0.00191223541772253 0.00043695175403511
"wrd 489" 0.000491790324156142 0.00292549406053737 0.0078583819710625 0.00129123589997126 0.00064974864662173
"wrd 490" 0.000359550690040875 0.000766961107704873 0.000463696997827863 3.52354650763053e-05 0.000118224025504055
"wrd 491" 0.0221423823952992 0.0154329828482945 1.24271856311972e-06 0.0126438035553611 0.00571977299098726
"wrd 492" 0.00108193514307288 0.00186052080785216 0.0146220635682204 0.00459389861605238 0.00178312387168959
"wrd 493" 0.00223253633102343 0.000461646901668249 0.0137795031796009 0.00150676898860044 0.00152573063393773
"wrd 494" 0.000231437849249065 0.000136844297725372 0.000615928241238418 0.000240198596310639 0.000599545031088099
"wrd 495" 0.0080771045017008 0.00589062789552901 0.0141901399735468 0.00622405128601049 0.00418206744485556
"wrd 496" 0.000856695248713241 0.00133503544124101 0.00293601131078914 0.00336320352611661 0.00266424059478535
"wrd 497" 0.00395941630904113 0.00450705086287386 0.00732556612037862 0.00285694172133266 0.00200646287544486
"wrd 498" 0.0246062638071467 0.267565481440761 2.64295039737151e-06 0.00263328187732176 0.027007996189868
"wrd 499" 0.000321658918952413 5.06230599222599e-06 0.000758358148401858 0.00025606175387985 0.000441834255739848
"wrd 500" 0.0030972415417718 0.00295966209770202 0.00255987348588604 0.0015257491756019 0.00123395355353675
"wrd 501" 0.00571746275789848 0.00305843385904207 0.00390352273905374 0.00199474860295049 0.00249700340217263
"wrd 502" 0.00214465469525783 0.00169297728081031 0.0022191165190282 0.00172729773298171 0.000642712715920001
"wrd 503" 0.00303743219796994 0.0018310811874185 0.00123364197027689 0.000912586720467062 0.000707097875120365
"wrd 504" 0.00155919994314064 0.000906603145837945 2.77897096251443e-05 1.44854681468539e-05 0.000426475773752873
"wrd 505" 0.000514264545626158 0.00048426473834966 0.00150454940661384 0.000498169034760479 0.000300771356996982
"wrd 506" 0.000221286897324373 9.82675615728457e-05 0.000271857941760198 0.000142635856228489 8.96005230073184e-05
"wrd 507" 0.000265927354155542 0.000506919737115935 0.00171416844938437 0.000397376188942213 0.000156644526779267
"wrd 508" 7.96830274946603e-05 6.28718079192919e-09 1.38622591662196e-05 9.71490602468573e-09 8.22761504391322e-09
"wrd 509" 0.00150286728108297 0.00156634243102204 0.00620358468500927 0.000973856567472878 0.00145476406938712
"wrd 510" 0.00300817508813333 0.0022307538599573 0.000972036453292949 0.000607234726474383 0.00183480718595782
"wrd 511" 7.11022296537905e-05 0.000193299865600934 0.000499945411722478 5.20498446019073e-05 3.83535821966586e-09
"wrd 512" 0.00334282551363892 0.00338344982052108 0.00170090630390849 0.0033268749198197 0.000438504214365954
"wrd 513" 0.00152004449558154 0.000484401209455696 0.00078798209756823 0.00043431319096652 0.00136878501628725
"wrd 514" 0.00223446211775368 0.00187195082612342 0.000672177477793652 0.00220485037846242 0.00132554673094279
"wrd 515" 0.00177621957632164 0.000950298316190402 0.00471575031299282 0.00115980058347516 0.000792753711185182
"wrd 516" 0.00086310008470933 0.000665912950351039 0.00330190896639254 0.000676029173189744 0.000671858471158706
"wrd 517" 0.000232587435490659 0.000684147477226574 0.000885367755773408 0.000826678608248832 0.00359931169751005
"wrd 518" 0.000147183174513531 0.000242153273937936 0.00172612918549725 0.000263367265585074 0.000135804590662125
"wrd 519" 0.00109420436045418 0.000502740347668669 0.000700146798476191 6.41928529324269e-08 0.000378690435111847
"wrd 520" 0.0191210999532953 0.00482767391050314 3.7851336362686e-05 0.0108206265220586 0.0220692189086209
"wrd 521" 0.00297867526922344 0.0019217973188221 0.00437480671095475 0.00523623918439327 0.00299055529770183
"wrd 522" 0.0472847808577146 0.0222475881414256 8.78671740718319e-05 0.0167218963940639 0.0155575517250189
"wrd 523" 0.00137414609190207 0.0011284403719035 0.00141067320223353 1.71219652579337e-08 0.000909432983731534
"wrd 524" 0.0371366942236801 0.014542824232822 0.000846438878177586 0.00581303632074999 0.00488766627854727
"wrd 525" 7.48198594918939e-05 0.0084969149229751 0.00870312199293793 0.00226290983892211 0.00274533832052862
"wrd 526" 0.000690210783320958 0.000750908233764525 0.000429184202136453 0.000420869140574536 0.000657877465477444
"wrd 527" 0.000308116486179423 0.000165257343014931 0.000557250619860131 1.55248592918554e-08 0.000268567526490425
"wrd 528" 0.00709347328932851 0.00723808357440345 0.00289872483276291 0.00827013024462981 0.0029627375917393
"wrd 529" 0.00538507260597874 0.00396324106962179 0.00195641815337338 0.00133894533667729 0.0019034228783676
"wrd 530" 0.00290267952207529 0.0013241274136188 0.00672056652350573 0.00171564535986082 0.000959586375990331
"wrd 531" 0.00147968258983565 0.00123417750757381 0.00244069917443115 4.24080734166623e-08 0.00146001257991783
"wrd 532" 0.00279427596246471 0.00310507012958728 0.00228100729410928 0.00271880690665619 0.00120718521021351
"wrd 533" 0.000458262420297666 0.000306513529453599 0.000406405752072716 1.40067696413671e-06 0.00112445676960309
"wrd 534" 0.00173108034183667 0.00124753447090567 0.00173943063609417 6.61288347570693e-09 0.000846036330494095
"wrd 535" 0.000194953540641653 0.000307231619383841 0.000471392947810721 1.19348925009075e-08 0.000242116886167199
"wrd 536" 0.00310829129445976 0.00427267248291876 0.0115528339690333 1.67952555756116e-08 0.00175554982334604
"wrd 537" 0.000148655433427876 7.36383626861581e-05 0.0013020590441831 0.000367968632839812 0.00035880515600761
"wrd 538" 0.000683239199579682 0.000294697043901212 0.000550859476048773 9.33925838105494e-05 5.74345717221134e-05
"wrd 539" 0.00281080321680056 0.00358140328792691 0.00500012985954453 0.00129410357750601 0.00111986906508439
"wrd 540" 2.08093843073809e-07 0.000811953353458493 0.00119080483034486 6.72095240813523e-05 8.39775923071118e-05
"wrd 541" 0.0023078434077572 0.00170706462187226 0.00153383235020025 0.001310163605423 0.000678581801797717
"wrd 542" 0.00260015109876513 0.00196901140077618 0.00300206773804175 1.62651400475574e-08 0.000758344789157478
"wrd 543" 0.00533348089229257 0.00287103544663001 0.011044032062836 0.000630019921728465 0.000503935602660794
"wrd 544" 0.00152535388995742 0.00134579342463023 0.000204032076905307 0.000379457830972124 2.63099486699479e-08
