"1" "2" "3" "4" "5"
"NA19098.1.A01" 0.432555567018294 0.430437757661153 0.0214236196360107 0.0747898860333222 0.0407931696512204
"NA19098.1.A02" 0.678975754015451 0.160631300969105 0.120618809649887 0.0333294745928799 0.0064446607726777
"NA19098.1.A03" 0.567547368022874 0.318310762182818 0.0419114884932553 0.0488142100812904 0.023416171219762
"NA19098.1.A04" 0.465073912569802 0.357703273416604 0.0884215396721145 0.0725659005746865 0.0162353737667935
"NA19098.1.A05" 0.542051595569141 0.316344275977891 0.0955741222811292 0.0287700775119572 0.0172599286598809
"NA19098.1.A06" 0.454883447421937 0.296402448005551 0.0835487466140633 0.143010523903969 0.0221548340544791
"NA19098.1.A07" 0.5869087426203 0.289820697021908 0.0358867633877172 0.03832316523443 0.0490606317356449
"NA19098.1.A08" 0.496652241545497 0.238898507455455 0.111167086074158 0.15276891435263 0.000513250572260344
"NA19098.1.A09" 0.508103892749457 0.395309932541062 0.0106143401640529 0.0548327601891203 0.0311390743563074
"NA19098.1.A10" 0.493133549014339 0.263748448945762 0.034974122381181 0.201533667531327 0.00661021212739059
"NA19098.1.A11" 0.462381672261541 0.325845759469303 0.0758104470915901 0.0937160629452908 0.0422460582322759
"NA19098.1.A12" 0.533491170640429 0.335198560705231 0.0543414126337111 0.0281553490229239 0.0488135069977055
"NA19098.1.B01" 0.636664470494282 0.187920865769575 0.101069122798297 0.0450973097276818 0.0292482312101639
"NA19098.1.B02" 0.499466666665821 0.329403993832212 0.128540488104941 0.0188437759586029 0.0237450754384225
"NA19098.1.B03" 0.339117049623887 0.383666270031989 0.0354883873624381 0.214003056796698 0.0277252361849883
"NA19098.1.B05" 0.49623474049112 0.354717504573397 0.0654957636203426 0.0439267475777435 0.0396252437373965
"NA19098.1.B06" 0.471562660011988 0.324321737781088 0.10405211397161 0.0710036953380138 0.0290597928973008
"NA19098.1.B07" 0.587177324295972 0.25056050559011 0.117443933661288 0.0199738984061053 0.0248443380465251
"NA19098.1.B08" 0.433516657940054 0.262636831847792 0.00142768250762044 0.274638587528362 0.0277802401761716
"NA19098.1.B09" 0.328145292180739 0.397280289432467 0.0725499480739864 0.156812601617779 0.0452118686950287
"NA19098.1.B10" 0.379517975328705 0.504481931991453 0.023187484451202 0.0765336833660025 0.0162789248626375
"NA19098.1.B11" 0.44052207362463 0.391038383538512 0.0527127195147869 0.101077393474227 0.0146494298478442
"NA19098.1.B12" 0.544495346422845 0.253047340315345 0.100380546347031 0.0649117307596083 0.0371650361551709
"NA19098.1.C01" 0.586932018016888 0.251316340838257 0.0405651834921253 0.116158045100515 0.00502841255221508
"NA19098.1.C02" 0.568552318062635 0.23254324773883 0.079165541997663 0.0888919713263851 0.0308469208744866
"NA19098.1.C03" 0.558401538974338 0.310909322621318 0.0812209128676615 0.029224312538617 0.0202439129980657
"NA19098.1.C04" 0.46345240153077 0.350393899020272 0.0972635795062433 0.072062660025838 0.0168274599168767
"NA19098.1.C05" 0.418786577445957 0.359079783126431 0.0504582363774576 0.152423966138296 0.0192514369118584
"NA19098.1.C06" 0.340881089143785 0.362151163173859 0.19936124318117 0.0612313003776153 0.0363752041235702
"NA19098.1.C07" 0.476829193223527 0.270013063931988 0.0238240778370005 0.184708105041501 0.0446255599659839
"NA19098.1.C08" 0.513202216702544 0.420730536539489 0.00606760088499417 0.0325220092327251 0.0274776366402473
"NA19098.1.C09" 0.561265135679876 0.347292210448206 0.00882294582523031 0.0805406559934077 0.00207905205328022
"NA19098.1.C10" 0.601162334730967 0.228874445911273 0.114651234398037 0.0378562844944866 0.0174557004652364
"NA19098.1.C11" 0.468405654263701 0.258489822265358 0.0422680145003845 0.20926542390587 0.0215710850646858
"NA19098.1.C12" 0.409967817799076 0.371636491585682 0.00329359253130501 0.138777490121914 0.0763246079620236
"NA19098.1.D01" 0.523936359182697 0.299839451695522 0.0948396752466572 0.0609694364039613 0.0204150774711619
"NA19098.1.D02" 0.461733591425346 0.351554132679683 0.0569273302664546 0.123064875568399 0.00672007006011777
"NA19098.1.D03" 0.606136118048015 0.239030603616575 0.101334162471302 0.0313107605968053 0.0221883552673036
"NA19098.1.D04" 0.400568189405808 0.231177469979328 0.138420860030414 0.18361136877769 0.046222111806761
"NA19098.1.D05" 0.503599422837108 0.39593108897284 0.0348483515352874 0.0645518291785973 0.00106930747616747
"NA19098.1.D06" 0.522919003945421 0.190065152262409 0.0993675798869153 0.173689273946941 0.0139589899583135
"NA19098.1.D07" 0.250691036801342 0.617337078887242 0.0105622028033547 0.098936269067772 0.0224734124402892
"NA19098.1.D08" 0.43164444390764 0.353681448445205 0.000916865043831765 0.212370167202963 0.00138707540036043
"NA19098.1.D09" 0.410261506939104 0.471405188178077 0.0098459935410518 0.0506118570440113 0.0578754542977559
"NA19098.1.D10" 0.577174882264143 0.283049325205801 0.0386240795124307 0.0770381841581667 0.0241135288594578
"NA19098.1.D11" 0.439241519506655 0.394701315264254 0.0949746074616334 0.0375143141760591 0.0335682435913983
"NA19098.1.D12" 0.633877363773517 0.237319623997157 0.0889801384486424 0.0184249215624546 0.0213979522182294
"NA19098.1.E01" 0.472333967357409 0.357748762429935 0.0860422286587015 0.0778160596677858 0.00605898188616837
"NA19098.1.E02" 0.517954264010614 0.274266661808916 0.0766066681474203 0.0941939308940591 0.0369784751389905
"NA19098.1.E03" 0.568104403640132 0.28703832651267 0.0677617711143557 0.0336743065514288 0.0434211921814133
"NA19098.1.E05" 0.622008814001066 0.269947360983006 0.0551967733453779 0.0297905167647524 0.0230565349057977
"NA19098.1.E06" 0.533780363535561 0.323074664590616 0.0856138565942335 0.0245994813281883 0.0329316339514017
"NA19098.1.E07" 0.41043955849088 0.454956177478456 0.0461678295399662 0.0479856768745106 0.0404507576161867
"NA19098.1.E08" 0.52864330170841 0.259438470997736 0.0409277616911242 0.163619118330073 0.00737134727265683
"NA19098.1.E09" 0.453762167007723 0.293702492759883 0.0322199612081206 0.170458560817826 0.0498568182064464
"NA19098.1.E10" 0.514530228893482 0.306844696507017 0.071949103557501 0.0750170549154515 0.031658916126549
"NA19098.1.E11" 0.488357705198963 0.244636598006011 0.0217452385560321 0.224672311362066 0.0205881468769272
"NA19098.1.E12" 0.483316986127797 0.249102888037668 0.0941248215331988 0.146269727448441 0.0271855768528951
"NA19098.1.F01" 0.364197888058061 0.40251011681196 0.0642605147840289 0.121231826104312 0.047799654241638
"NA19098.1.F02" 0.563307566980955 0.185830410108446 0.148179965544647 0.0919519906967183 0.0107300666692331
"NA19098.1.F03" 0.597816920658453 0.256267220527193 0.0996131866395617 0.0174701290399498 0.028832543134843
"NA19098.1.F04" 0.427950389500529 0.36988350842465 0.0614256170460176 0.128473420941454 0.012267064087349
"NA19098.1.F06" 0.322096399842443 0.521077327040999 0.0283680580005927 0.0905439423046611 0.0379142728113038
"NA19098.1.F07" 0.466148628174997 0.458489358757504 0.00382349274546162 0.0621919524256852 0.00934656789635161
"NA19098.1.F08" 0.544285114532148 0.262016548720592 0.128073086256715 0.0608762914748259 0.00474895901571803
"NA19098.1.F09" 0.50316224283022 0.309020174463308 0.00168803100030609 0.146493428765191 0.0396361229409745
"NA19098.1.F10" 0.563617127013706 0.200232648939797 0.112602719607444 0.0822296774039557 0.0413178270350977
"NA19098.1.F11" 0.586732925461503 0.359062925898084 0.0111599441334658 0.0170844029306225 0.0259598015763249
"NA19098.1.F12" 0.498886189980442 0.364141237777093 0.00342659234223554 0.102106290806063 0.0314396890941661
"NA19098.1.G01" 0.50481717253718 0.318985767523967 0.00820317717534059 0.131856624795898 0.0361372579676145
"NA19098.1.G02" 0.540693896013965 0.271154165010625 0.0962633709745392 0.0732999567510593 0.0185886112498113
"NA19098.1.G03" 0.429227098975315 0.405034990850318 0.064367986596301 0.0878505436268845 0.0135193799511814
"NA19098.1.G04" 0.550289227411522 0.302408762542094 0.0199846089590473 0.119068177577832 0.00824922350950521
"NA19098.1.G05" 0.556471992030943 0.331307738617472 0.0103979002051669 0.0813708353834288 0.0204515337629898
"NA19098.1.G06" 0.45065103730441 0.31923617455339 0.026796821694037 0.192857916847934 0.0104580496002291
"NA19098.1.G07" 0.470360042448923 0.334888604232078 0.00179896099657052 0.164979450761857 0.0279729415605719
"NA19098.1.G08" 0.532885990548996 0.311460971292193 0.0493458681607327 0.0829643158945523 0.0233428541035258
"NA19098.1.G09" 0.516302547633994 0.349034527731815 0.0490497981005458 0.0668410337762788 0.0187720927573673
"NA19098.1.G10" 0.516511535970258 0.238949883477258 0.0217854250326061 0.214776627944542 0.00797652757533553
"NA19098.1.G11" 0.571368979663255 0.192000403296739 0.0163803986071382 0.190947517165295 0.0293027012675727
"NA19098.1.G12" 0.575108115789538 0.356544986724255 0.00901680806414679 0.0567662923130857 0.00256379710897454
"NA19098.1.H01" 0.623837489833695 0.244491150378846 0.0471612617298028 0.067774654703304 0.016735443354352
"NA19098.1.H02" 0.512878581243805 0.368403796762438 0.0533790892702625 0.0371810438402667 0.0281574888832285
"NA19098.1.H03" 0.482021877629124 0.424316444178599 0.0386522869158197 0.0323442832588906 0.0226651080175673
"NA19098.1.H04" 0.591188184077997 0.33524068395897 0.0368836201800195 0.00361932372443711 0.033068188058576
"NA19098.1.H05" 0.663958168715182 0.229649774918508 0.0294780513600447 0.0431080976569854 0.0338059073492797
"NA19098.1.H06" 0.321479360442176 0.543922492229217 0.0421594692786527 0.0661921522570696 0.0262465257928845
"NA19098.1.H07" 0.42903231691788 0.444718183222414 0.0729350252999778 0.0428415256797504 0.0104729488799779
"NA19098.1.H08" 0.355027595579654 0.53611164875916 0.0178713389267947 0.0608594813815119 0.0301299353528794
"NA19098.1.H09" 0.37269849989134 0.45909232340127 0.00969835862924403 0.132879611472582 0.0256312066055634
"NA19098.1.H10" 0.558421950343501 0.250942742396746 0.123144505279659 0.0492216283845627 0.0182691735955313
"NA19098.1.H11" 0.538888248567004 0.283120788385574 0.115204634183605 0.0396009483371179 0.0231853805266991
"NA19098.1.H12" 0.574220751363844 0.296668292983548 0.033075137276923 0.0578178942437645 0.03821792413192
"NA19098.2.A01" 0.0785502310863349 0.717837802789223 0.0720025735998405 0.123947289126457 0.00766210339814428
"NA19098.2.A02" 0.40091054066009 0.272535836011946 0.241370503332178 0.0396001858285518 0.0455829341672336
"NA19098.2.A03" 0.430428449875156 0.269796608909303 0.235827428898731 0.0224893228606482 0.0414581894561622
"NA19098.2.A04" 0.484846913569846 0.257501652521724 0.193221584793093 0.0419178978220173 0.02251195129332
"NA19098.2.A05" 0.445149010663171 0.254022302289157 0.137075818890122 0.150626419346578 0.0131264488109724
"NA19098.2.A06" 0.262189600804462 0.508066444901944 0.14951845090059 0.0631550712008327 0.0170704321921708
"NA19098.2.A07" 0.384872501430599 0.223794125430962 0.21280505267271 0.16025538406994 0.0182729363957887
"NA19098.2.A08" 0.373013912430926 0.273026419159173 0.253044074626307 0.0722011010835523 0.0287144927000425
"NA19098.2.A09" 0.191406519935137 0.574890058759121 0.148575529058852 0.0658601221395365 0.0192677701073533
"NA19098.2.A10" 0.430097811143957 0.340430516574304 0.148356798927168 0.0475778042237874 0.0335370691307836
"NA19098.2.A11" 0.345317262145402 0.308327964462312 0.268277010960322 0.0634830285318706 0.0145947339000931
"NA19098.2.B01" 0.234008688532108 0.480438783612729 0.153701488345939 0.0952404464412077 0.0366105930680166
"NA19098.2.B02" 0.388766124542504 0.29945481809405 0.155692117822931 0.129961319555742 0.0261256199847733
"NA19098.2.B03" 0.376098792144434 0.267356299306402 0.178654505482674 0.141499988785433 0.0363904142810571
"NA19098.2.B04" 0.429107562062603 0.323372026544351 0.208419097407206 0.0356435272143176 0.00345778677152198
"NA19098.2.B05" 0.363043962133887 0.28941426142473 0.147440435068037 0.169824193792097 0.030277147581249
"NA19098.2.B06" 0.330128313986917 0.296348797224491 0.178344728284782 0.190511536981827 0.004666623521982
"NA19098.2.B07" 0.460186118582746 0.22064198923186 0.224905235525229 0.0486550552778879 0.0456116013822773
"NA19098.2.B08" 0.3899621078782 0.25601818573029 0.153265979240196 0.166868380812149 0.0338853463391656
"NA19098.2.B09" 0.363146897689031 0.301812931005143 0.103806078257799 0.222321396949821 0.00891269609820546
"NA19098.2.B10" 0.396852675495237 0.271229569045406 0.226557317303784 0.0857061861577069 0.0196542519978664
"NA19098.2.B11" 0.175048269972362 0.605032463497308 0.100385965628344 0.0871377129071861 0.0323955879948001
"NA19098.2.C01" 0.391193614760477 0.271772653412095 0.242754606873576 0.0752812329979049 0.0189978919559467
"NA19098.2.C02" 0.306999581759534 0.335325279097216 0.152252354929482 0.19446860291737 0.0109541812963976
"NA19098.2.C03" 0.307347816266317 0.345241121263788 0.140260091981898 0.189873435338652 0.0172775351493451
"NA19098.2.C04" 0.0809683698769417 0.580035771107333 0.228914942692985 0.0789133219237395 0.0311675943990007
"NA19098.2.C05" 0.399300134627859 0.296357374894806 0.208814850901019 0.0803511664829774 0.0151764730933383
"NA19098.2.C06" 0.337765701275709 0.415144246566689 0.124885532599968 0.108417089990545 0.0137874295670892
"NA19098.2.C07" 0.419973157692828 0.279283097699011 0.152591207996505 0.122578821268375 0.0255737153432818
"NA19098.2.C08" 0.326488190431539 0.317702854089682 0.259694068629265 0.086173794562108 0.00994109228740638
"NA19098.2.C09" 0.17569354269889 0.592170445598929 0.0791051927650308 0.118764798660422 0.0342660202767279
"NA19098.2.C10" 0.297084390515014 0.339126746839633 0.278836938340576 0.0677668083115669 0.0171851159932102
"NA19098.2.C11" 0.406097758128853 0.333727937423917 0.196933702960597 0.0255839573946813 0.0376566440919511
"NA19098.2.C12" 0.551818737349731 0.278264899743414 0.120371138164194 0.0173339028832442 0.0322113218594174
"NA19098.2.D01" 0.423682179081078 0.377230384536199 0.132744339410163 0.0325171859269951 0.0338259110455649
"NA19098.2.D02" 0.352464651624445 0.44950701026268 0.129120503704715 0.0518953134998968 0.0170125209082638
"NA19098.2.D03" 0.392885519248519 0.422344342846684 0.109177329942103 0.0461611409621619 0.0294316670005324
"NA19098.2.D04" 0.330046326623429 0.368257422833516 0.211398667723101 0.073335994239953 0.0169615885800007
"NA19098.2.D05" 0.331734526360904 0.222994343802093 0.222937914421462 0.221776663897628 0.000556551517912845
"NA19098.2.D06" 0.330464502866386 0.293947691234897 0.142255421844451 0.208878318256444 0.0244540657978214
"NA19098.2.D08" 0.390726266498481 0.23070011339078 0.268297852447542 0.0834030632531716 0.0268727044100248
"NA19098.2.D09" 0.143545155443735 0.599895800080843 0.147023260284456 0.0720611934423652 0.0374745907486012
"NA19098.2.D10" 0.351946825810845 0.311276231827327 0.272880184783051 0.0310572345382778 0.0328395230404994
"NA19098.2.D11" 0.315698169273034 0.29564644885884 0.143350234782493 0.225834876619145 0.0194702704664882
"NA19098.2.D12" 0.475704096991784 0.302897494720334 0.0868534676649898 0.126589155980909 0.00795578464198336
"NA19098.2.E01" 0.442162679757757 0.255530561814278 0.261224116255494 0.00519691859514422 0.0358857235773266
"NA19098.2.E02" 0.396978391725385 0.23659807601091 0.280534396504918 0.0598023084847353 0.0260868272740515
"NA19098.2.E03" 0.415149035575493 0.245646116111698 0.268999117635462 0.0459377264906027 0.0242680041867441
"NA19098.2.E04" 0.177755497102989 0.466332601116136 0.259047212078537 0.090634382720855 0.00623030698148277
"NA19098.2.E05" 0.391290373389806 0.304107143181636 0.246532882820845 0.0413793292494128 0.0166902713582995
"NA19098.2.E06" 0.420408869985699 0.31804867851506 0.244262399826418 0.00250680999836789 0.0147732416744543
"NA19098.2.E07" 0.29114375754489 0.379406315106224 0.220097672337215 0.0691709712119299 0.0401812837997413
"NA19098.2.E08" 0.440854617314431 0.273489691194489 0.217913240130116 0.0392411369690723 0.0285013143918914
"NA19098.2.E09" 0.509255887051686 0.186607690956187 0.231610371088331 0.0619460028851556 0.0105800480186416
"NA19098.2.E11" 0.35625151740996 0.210830171174153 0.221590931437043 0.197970351054858 0.0133570289239863
"NA19098.2.E12" 0.361780258581356 0.359797310242279 0.206795235843899 0.0611450770624347 0.0104821182700314
"NA19098.2.F01" 0.192061516510153 0.598490060315966 0.0735833001105876 0.104217359345132 0.0316477637181622
"NA19098.2.F02" 0.446926822581895 0.249628671257225 0.200669260565357 0.0852716949996339 0.0175035505958893
"NA19098.2.F03" 0.439123973449723 0.265528496328291 0.18440696768878 0.0957693706187825 0.0151711919144236
"NA19098.2.F04" 0.353842936885794 0.401587440148628 0.164323210912217 0.0522342476581657 0.0280121643951953
"NA19098.2.F05" 0.390948095568245 0.215200443488104 0.153232441855349 0.217534798414138 0.0230842206741649
"NA19098.2.F07" 0.414540512454691 0.268703502292316 0.17526606475886 0.113301647984947 0.0281882725091867
"NA19098.2.F08" 0.428098049988888 0.272340482212156 0.220179497452562 0.0529197923381804 0.0264621780082134
"NA19098.2.F09" 0.529471209340809 0.232845115826279 0.200472509042173 0.0274345224320602 0.0097766433586785
"NA19098.2.F10" 0.45131221624521 0.311491316400756 0.175819631933821 0.0434534654062042 0.0179233700140092
"NA19098.2.F11" 0.130508589449311 0.591635904631401 0.127924786913041 0.127007746594979 0.0229229724112691
"NA19098.2.F12" 0.486207473810138 0.284946855778978 0.143050261906831 0.0553950048057892 0.0304004036982632
"NA19098.2.G01" 0.22782241201053 0.512915870953645 0.131802919695735 0.0996347169540828 0.0278240803860067
"NA19098.2.G02" 0.405752130376727 0.293946091305783 0.219543225213592 0.0356332239637931 0.0451253291401051
"NA19098.2.G03" 0.450699131209127 0.281865693795341 0.205998926202879 0.0180561298772055 0.0433801189154477
"NA19098.2.G04" 0.47711886812895 0.170332840790586 0.21795177572936 0.113805546062986 0.0207909692881188
"NA19098.2.G05" 0.295398300575889 0.370036013313985 0.206362170965653 0.0990316361350875 0.0291718790093858
"NA19098.2.G06" 0.4234434864338 0.30125272498238 0.234395861718257 0.0180207317630096 0.0228871951025538
"NA19098.2.G07" 0.369830619193196 0.355080710368084 0.1251053543644 0.148877098561174 0.00110621751314551
"NA19098.2.G08" 0.377877373949266 0.345155781042392 0.198623786938775 0.030794625678445 0.0475484323911219
"NA19098.2.G09" 0.480819797327154 0.291017558821576 0.189325117950465 0.0126083123742646 0.0262292135265407
"NA19098.2.G10" 0.220643312161798 0.447715421310334 0.188662575592264 0.0978012168100245 0.0451774741255795
"NA19098.2.G11" 0.254799401353644 0.437472455541709 0.213360639186617 0.0748766210570058 0.019490882861024
"NA19098.2.G12" 0.240330548464891 0.409697027153881 0.284086611222264 0.0305761510034565 0.0353096621555068
"NA19098.2.H01" 0.191553832712229 0.532594888137693 0.154990880137437 0.100384514175975 0.0204758848366653
"NA19098.2.H02" 0.348820104053356 0.329007960278575 0.229995450846543 0.0709830844523756 0.0211934003691505
"NA19098.2.H03" 0.353138553812337 0.315102426463898 0.247603775905565 0.0713149361088607 0.0128403077093402
"NA19098.2.H04" 0.385769096713612 0.290371314126074 0.257773104949847 0.0500579867119779 0.016028497498489
"NA19098.2.H05" 0.469567541589895 0.29113193908551 0.217611830045536 0.0133579381616365 0.0083307511174227
"NA19098.2.H06" 0.393325477838324 0.332251121699506 0.223427501320007 0.0361648147684336 0.0148310843737299
"NA19098.2.H07" 0.131891213753717 0.605717919585368 0.17539754597017 0.0696168988798459 0.017376421810899
"NA19098.2.H08" 0.165539978124823 0.535556220205545 0.171047338504447 0.0957474749279729 0.0321089882372121
"NA19098.2.H10" 0.369586150432834 0.274603491511391 0.186400390588356 0.15420986727341 0.0152001001940093
"NA19098.2.H11" 0.406164038153071 0.350579198311641 0.159361014882759 0.0326686224421256 0.0512271262104041
"NA19098.2.H12" 0.213876134700425 0.515240618272587 0.169801481172448 0.0783430690211523 0.0227386968333873
"NA19098.3.A03" 0.416634938048683 0.338534751901654 0.152870392187265 0.0837760277683287 0.00818389009406979
"NA19098.3.A05" 0.207219235849728 0.517641100461057 0.10833443174946 0.156267831787083 0.0105374001526714
"NA19098.3.A06" 0.311617356537149 0.399104513987186 0.185666776264363 0.10044427296207 0.00316708024923221
"NA19098.3.A07" 0.192870708786143 0.498832286731509 0.156131124682656 0.141675769304031 0.0104901104956602
"NA19098.3.A08" 0.33091093761083 0.296784599238883 0.136017895935464 0.213381458092427 0.022905109122396
"NA19098.3.A12" 0.351761590705064 0.320643101392153 0.194045534335929 0.122335466887693 0.0112143066791604
"NA19098.3.B01" 0.373062683997529 0.363549800202469 0.165450985344055 0.0847858464758283 0.0131506839801177
"NA19098.3.B02" 0.257589502785694 0.476255705838324 0.135832595040463 0.127627755073797 0.00269444126172279
"NA19098.3.B03" 0.397382344020452 0.360930610130179 0.125987705394328 0.109470559018573 0.00622878143646804
"NA19098.3.B04" 0.352685870001766 0.253994848407002 0.189920089231517 0.187949566308279 0.0154496260514364
"NA19098.3.B05" 0.376012458573646 0.26567904764116 0.153616169014063 0.201762699808594 0.00292962496253708
"NA19098.3.B06" 0.229896279982658 0.525255521441673 0.106214385745661 0.124108116937491 0.0145256958925168
"NA19098.3.B07" 0.444787926742884 0.326846570732604 0.0840926447558375 0.115741634883455 0.0285312228852196
"NA19098.3.B08" 0.294180247170887 0.388377693169849 0.147149371514067 0.143514150285846 0.0267785378593505
"NA19098.3.B09" 0.392521510818659 0.3076423922907 0.21959566046077 0.0770479879545231 0.00319244847534814
"NA19098.3.B11" 0.407229837720965 0.266673705917473 0.166612444135469 0.141812024062254 0.0176719881638383
"NA19098.3.B12" 0.319966301210326 0.3374323481574 0.165571944924494 0.175002075690655 0.00202733001712525
"NA19098.3.C01" 0.449161120629219 0.258478787405782 0.137245796726425 0.153829252704124 0.00128504253445021
"NA19098.3.C02" 0.230270914877431 0.461525165204822 0.159254157460281 0.122570720092753 0.0263790423647136
"NA19098.3.C03" 0.381090211054299 0.363344917132632 0.160736535475502 0.0828063018676314 0.0120220344699353
"NA19098.3.C04" 0.388697000721599 0.325649197140799 0.183471322370529 0.0789886505083581 0.0231938292587142
"NA19098.3.C05" 0.405814942421323 0.265346241608574 0.216317904494283 0.106728109925512 0.00579280155030766
"NA19098.3.C07" 0.221434497755375 0.556853717483763 0.115845254356307 0.103139926868559 0.00272660353599602
"NA19098.3.C08" 0.279837812565306 0.52227696724368 0.0738761625333362 0.122604802753708 0.00140425490396931
"NA19098.3.C09" 0.39397697661078 0.230915583839916 0.132869344116257 0.240175065892228 0.00206302954081875
"NA19098.3.C10" 0.376440770913787 0.335123507279618 0.207702081130351 0.0699594666578007 0.0107741740184435
"NA19098.3.C11" 0.393087383611665 0.303243937392882 0.196864403051471 0.076209472387947 0.0305948035560354
"NA19098.3.C12" 0.378018123842083 0.296505337605295 0.177940306048159 0.143925876653219 0.00361035585124426
"NA19098.3.D01" 0.273899024414877 0.439438403468915 0.154549881025552 0.124604012843718 0.00750867824693858
"NA19098.3.D02" 0.210432052931433 0.497067740009204 0.177676504193938 0.103813437319992 0.0110102655454324
"NA19098.3.D03" 0.395668942256712 0.29613005598349 0.0798050798192535 0.209635787656034 0.0187601342845108
"NA19098.3.D05" 0.385305393707716 0.212463187602018 0.139002322997136 0.255104133242469 0.0081249624506604
"NA19098.3.D07" 0.35039249595676 0.305051935573058 0.221872012874391 0.111086856037312 0.011596699558479
"NA19098.3.D09" 0.381293499964394 0.297690296342731 0.092985994154771 0.218573520639394 0.00945668889870892
"NA19098.3.D10" 0.416985240786575 0.242685800885876 0.232669163100258 0.088130532519559 0.0195292627077318
"NA19098.3.D11" 0.394679170808294 0.265498118169302 0.140498052678808 0.168936935141546 0.0303877232020496
"NA19098.3.D12" 0.326239898494718 0.426004350781257 0.127652452673042 0.0974900884519277 0.0226132095990556
"NA19098.3.E01" 0.420369001673702 0.269915298925574 0.210154240407255 0.0828617921913652 0.0166996668021043
"NA19098.3.E02" 0.445078128553627 0.247204553423149 0.226173381561407 0.0622673827494977 0.0192765537123186
"NA19098.3.E03" 0.416558205294666 0.285297615156279 0.222751403268158 0.0726311159701515 0.00276166031074474
"NA19098.3.E04" 0.359813286584374 0.321193750949532 0.191377043181284 0.115375621633265 0.0122402976515456
"NA19098.3.E05" 0.177109917870634 0.569030378133601 0.109371642337505 0.137758260143453 0.00672980151480656
"NA19098.3.E06" 0.129378200557056 0.559860991334553 0.170316111006892 0.124761201664558 0.0156834954369419
"NA19098.3.E07" 0.135182556189551 0.495015551851458 0.173664146463727 0.16957272151996 0.0265650239753046
"NA19098.3.E08" 0.253929884259768 0.517634700964435 0.0858379083348261 0.136038138070469 0.00655936837050255
"NA19098.3.E09" 0.199617072999382 0.515982804994441 0.150409270019842 0.106992258624699 0.0269985933616364
"NA19098.3.E10" 0.362959229026062 0.285811501668113 0.107552442756125 0.234614958959283 0.00906186759041674
"NA19098.3.E11" 0.478092010354471 0.251638374651632 0.193158289605659 0.0693568527570541 0.00775447263118377
"NA19098.3.E12" 0.438132841807687 0.285598229973479 0.191911714593481 0.0681398822711832 0.0162173313541699
"NA19098.3.F01" 0.322930569400239 0.432048448651172 0.155124020212128 0.0819903816132405 0.00790658012321927
"NA19098.3.F03" 0.405658927479539 0.262939978994736 0.221750586937489 0.0972846720118152 0.0123658345764213
"NA19098.3.F04" 0.441987257285988 0.350842131321523 0.145617840038245 0.0582284560661698 0.00332431528807434
"NA19098.3.F05" 0.43986516461767 0.280085491729864 0.168335262221557 0.10320110766205 0.00851297376885926
"NA19098.3.F06" 0.392008121335481 0.290204919658038 0.261977787498107 0.0507819658953502 0.00502720561302336
"NA19098.3.F07" 0.279281534022868 0.425563642527822 0.1651964371387 0.113134751283329 0.0168236350272806
"NA19098.3.F09" 0.436563542523542 0.298943130813394 0.16791966833901 0.0874203915547344 0.00915326676931993
"NA19098.3.F10" 0.331905839173215 0.266492208588876 0.149887770753911 0.241258411195154 0.0104557702888443
"NA19098.3.F11" 0.175960353704642 0.555469321174669 0.131201634853604 0.12281237469963 0.0145563155674549
"NA19098.3.G01" 0.36547163009354 0.316082864009124 0.209405227148082 0.106327798193358 0.0027124805558955
"NA19098.3.G02" 0.175439425700547 0.508300448018992 0.151576976683895 0.163017877706168 0.00166527189039754
"NA19098.3.G03" 0.1359537618135 0.560273299177622 0.120051217475474 0.166497053150488 0.0172246683829154
"NA19098.3.G04" 0.279318055187334 0.484570158551139 0.113500760283037 0.118726459034422 0.00388456694406676
"NA19098.3.G05" 0.443842429610662 0.158690005323095 0.16957562206663 0.227572424660544 0.000319518339068923
"NA19098.3.G06" 0.435345682811704 0.308129530913575 0.152230991161853 0.100029789113225 0.00426400599964308
"NA19098.3.G07" 0.230470298465826 0.502157494296967 0.134633908344618 0.122238539174202 0.0104997597183863
"NA19098.3.G08" 0.182482463849949 0.468236276768068 0.185723311787614 0.15445134689542 0.00910660069894947
"NA19098.3.G09" 0.231182637759296 0.466356511520705 0.11929884417796 0.182149308706302 0.00101269783573699
"NA19098.3.G10" 0.473284287291629 0.216539765588929 0.185014921908681 0.104810806204636 0.020350219006125
"NA19098.3.G11" 0.214573353439556 0.570738736430932 0.0837908507457167 0.113851131179428 0.0170459282043672
"NA19098.3.G12" 0.260305397691273 0.567885632301647 0.0595697773333891 0.101536005197014 0.010703187476677
"NA19098.3.H01" 0.21994279537255 0.494931121691467 0.164592754429848 0.107671275878664 0.0128620526274707
"NA19098.3.H02" 0.43178582166435 0.27424431108347 0.157425277305698 0.121482427870966 0.0150621620755157
"NA19098.3.H03" 0.343812944709856 0.289311630360402 0.139664595586478 0.226820930481116 0.000389898862148026
"NA19098.3.H04" 0.358269086548821 0.262748749002242 0.143195210133722 0.234393738668724 0.00139321564649095
"NA19098.3.H05" 0.400761614547808 0.302561480217162 0.201758295872745 0.0899257347163138 0.00499287464597142
"NA19098.3.H06" 0.48379445052381 0.248328497286731 0.195836035684457 0.0620612194803526 0.00997979702464896
"NA19098.3.H07" 0.249245424512975 0.557358186620078 0.0578607012092455 0.113800223706098 0.0217354639516035
"NA19098.3.H08" 0.261846259950115 0.485180750174779 0.12081164744193 0.102569484924928 0.0295918575082483
"NA19098.3.H09" 0.302347052926872 0.418712156460188 0.187947017396544 0.086451901132333 0.00454187208406275
"NA19098.3.H10" 0.406035053112943 0.274545547071654 0.144556635218085 0.161915653912063 0.0129471106852548
"NA19098.3.H11" 0.298885247614189 0.385804736687646 0.191328761604556 0.0998145451239358 0.024166708969673
"NA19098.3.H12" 0.406957505014662 0.296691596769323 0.184220445156619 0.0946508217029348 0.0174796313564615
"NA19239.1.A01" 0.333007417688878 0.169160193155756 0.355531734262896 0.131479642073637 0.0108210128188326
"NA19239.1.A02" 0.20605345698663 0.236987273702848 0.363219220413183 0.174613428049745 0.0191266208475941
"NA19239.1.A03" 0.402411870598028 0.1873135066673 0.283865240045168 0.0942750627319899 0.0321343199575144
"NA19239.1.A04" 0.261866197764481 0.199003560126281 0.415376754545354 0.103197492504019 0.0205559950598646
"NA19239.1.A05" 0.403037907297005 0.126067257914002 0.359553156456163 0.101449517181103 0.00989216115172686
"NA19239.1.A06" 0.31683904068009 0.146442074126658 0.349849767549272 0.163024117283172 0.0238450003608078
"NA19239.1.A07" 0.254553066390939 0.266095898837128 0.358087656617858 0.0914095856330306 0.0298537925210447
"NA19239.1.A08" 0.360211839947559 0.189649481481359 0.357652143734754 0.0665436300419342 0.0259429047943937
"NA19239.1.A09" 0.254165841368649 0.223078457450134 0.302467657488743 0.184523051936684 0.03576499175579
"NA19239.1.A10" 0.311909257665042 0.187418488317433 0.390572097634607 0.0895333442009308 0.0205668121819871
"NA19239.1.A11" 0.267200597033442 0.159130786726596 0.364055516381856 0.202026980716706 0.0075861191413991
"NA19239.1.A12" 0.287033286203322 0.218499986950896 0.380333396651777 0.101433284481764 0.012700045712242
"NA19239.1.B02" 0.307789869549153 0.23986989440745 0.257662618903623 0.188590407221713 0.00608720991806066
"NA19239.1.B03" 0.336692052244427 0.143510628855551 0.445611762859 0.0631443073978344 0.0110412486431877
"NA19239.1.B05" 0.281592019988716 0.258493239119948 0.365822657735793 0.0794549869286323 0.0146370962269112
"NA19239.1.B06" 0.193912736732805 0.289250972973642 0.3909227505981 0.0961675881989168 0.0297459514965366
"NA19239.1.B07" 0.380749791849512 0.230465720225644 0.337898997000939 0.0329556755403356 0.0179298153835699
"NA19239.1.B08" 0.388152686781545 0.10031871687859 0.413927159240592 0.0791893401916444 0.0184120969076283
"NA19239.1.B09" 0.359291568603831 0.133868716897692 0.437540573700096 0.0615215281743856 0.0077776126239951
"NA19239.1.B10" 0.211743576163867 0.329850768796016 0.334592509861995 0.0865304096687672 0.0372827355093545
"NA19239.1.B11" 0.378945979081281 0.0214135284593314 0.407255866660269 0.191072582529756 0.00131204326936256
"NA19239.1.B12" 0.473200233533279 0.0737469120845343 0.356874075961916 0.0776069486595945 0.0185718297606764
"NA19239.1.C01" 0.27271806342664 0.18298388491643 0.358877369135325 0.171760990025635 0.0136596924959698
"NA19239.1.C02" 0.42884962757577 0.0855869133310992 0.374065462983317 0.0885395553054327 0.0229584408043814
"NA19239.1.C03" 0.475559972075751 0.0935286632823935 0.354367973556677 0.0645399239444494 0.0120034671407293
"NA19239.1.C05" 0.364708243558637 0.105278225270487 0.347207820265496 0.182169490528154 0.000636220377226549
"NA19239.1.C06" 0.365880418754405 0.0841771545396564 0.317060741283576 0.222769251638926 0.0101124337834363
"NA19239.1.C07" 0.166815493898653 0.354793006260624 0.370660621561801 0.0870286643859314 0.0207022138929906
"NA19239.1.C08" 0.335635425910362 0.0924186128632406 0.378293506436717 0.192601501724788 0.00105095306489263
"NA19239.1.C09" 0.4803211518222 0.0495464516246141 0.388972351016945 0.0710109251828058 0.0101491203534356
"NA19239.1.C10" 0.406075691615979 0.0890698941861348 0.363632024485027 0.140728352600334 0.000494037112526276
"NA19239.1.C11" 0.274288907132009 0.253594455129804 0.377610376165917 0.0751528697435183 0.0193533918287522
"NA19239.1.C12" 0.383216204237275 0.0654219526036398 0.319427028122558 0.221770493382293 0.0101643216542342
"NA19239.1.D01" 0.441202001398371 0.0502206791979378 0.375551672896631 0.131036491905915 0.00198915460114475
"NA19239.1.D02" 0.450338122378844 0.127987297433116 0.3431811556932 0.0632310012106392 0.0152624232842004
"NA19239.1.D03" 0.185058433678291 0.264404697074391 0.360875042982401 0.163165931289986 0.0264958949749316
"NA19239.1.D04" 0.294353438152075 0.18666142459658 0.358643176156666 0.154035021599311 0.0063069394953669
"NA19239.1.D05" 0.460676668906398 0.0768456191180944 0.3759372823449 0.0621324892484083 0.0244079403821992
"NA19239.1.D06" 0.349938512913396 0.142156400588923 0.364253639826884 0.137628453525244 0.00602299314555328
"NA19239.1.D07" 0.128927147488228 0.40045484640384 0.319995044865122 0.109358047718537 0.0412649135242731
"NA19239.1.D08" 0.479397738320158 0.0515216514419468 0.347459183935911 0.113190701459967 0.00843072484201716
"NA19239.1.D09" 0.414040824102947 0.138778809246333 0.362671318743702 0.0662897797019456 0.0182192682050725
"NA19239.1.D10" 0.326521935205655 0.150338012155993 0.410273688185818 0.0997979118297414 0.0130684526227927
"NA19239.1.D11" 0.397528030047474 0.142098523172318 0.41073817311918 0.0420054972042487 0.00762977645677901
"NA19239.1.D12" 0.314026400530947 0.213105942194427 0.290351885515608 0.163009653668795 0.0195061180902221
"NA19239.1.E01" 0.411056197332884 0.108537950679179 0.395677737229152 0.0715259848102009 0.0132021299485839
"NA19239.1.E02" 0.425224161454543 0.0478383249516794 0.330445344072006 0.18444552565216 0.012046643869612
"NA19239.1.E03" 0.349657271427849 0.123826377195936 0.376883298526564 0.117868753203512 0.0317642996461377
"NA19239.1.E04" 0.424369849703174 0.0627879425056223 0.408800716587498 0.0924368399634502 0.0116046512402559
"NA19239.1.E05" 0.215877726596864 0.293094650812171 0.348237811760012 0.124042626190833 0.0187471846401194
"NA19239.1.E06" 0.263878810018832 0.110827000907382 0.451582316280221 0.157692767321885 0.0160191054716809
"NA19239.1.E07" 0.303165680622395 0.120277013520196 0.371152791786481 0.198361716631267 0.00704279743966067
"NA19239.1.E08" 0.414441244720414 0.0314995254001891 0.340512943186516 0.205710948921239 0.00783533777164264
"NA19239.1.E09" 0.39070211485309 0.094317908327103 0.404914697601029 0.0977991088885989 0.0122661703301791
"NA19239.1.E10" 0.378266488443966 0.104601425850749 0.376317050000901 0.133731818823762 0.00708321688062124
"NA19239.1.E11" 0.331767597693103 0.118623632735806 0.338724761665924 0.199916685617797 0.0109673222873693
"NA19239.1.E12" 0.39553839139476 0.122670351246809 0.397949614033363 0.0523288655414342 0.0315127777836331
"NA19239.1.F01" 0.420138984887486 0.0817857607502738 0.400974887959669 0.0859105714314945 0.0111897949710765
"NA19239.1.F02" 0.347558615437107 0.196644486490448 0.381157477052942 0.0592834065395102 0.0153560144799923
"NA19239.1.F03" 0.413662128232158 0.120539626804846 0.390831058036402 0.054746651787665 0.0202205351389288
"NA19239.1.F04" 0.370140686663692 0.119255257232933 0.421799386873982 0.0774134635923557 0.0113912056370377
"NA19239.1.F05" 0.172607716513478 0.327799473565073 0.329397298861808 0.139691418612557 0.0305040924470831
"NA19239.1.F06" 0.445653660780327 0.0914744979556023 0.391424870064473 0.0580760299572512 0.0133709412423468
"NA19239.1.F07" 0.387647430918389 0.141612640348112 0.391341789308622 0.0619466362119025 0.0174515032129742
"NA19239.1.F08" 0.390874262191137 0.0732131519132583 0.341068989373581 0.193467630457506 0.00137596606451777
"NA19239.1.F09" 0.378970575898086 0.0904816392538023 0.392518459017296 0.110214293125197 0.0278150327056188
"NA19239.1.F10" 0.464269728300893 0.0371340566338926 0.35891048037997 0.116583535999688 0.0231021986855563
"NA19239.1.F11" 0.309604166788653 0.153280674388003 0.3922417302373 0.134782884625576 0.0100905439604674
"NA19239.1.F12" 0.425730590134298 0.139894384721883 0.293378489778746 0.125675432355702 0.0153211030093701
"NA19239.1.G01" 0.329716339094828 0.16608479371643 0.419910960215922 0.0733358398013623 0.0109520671714571
"NA19239.1.G02" 0.335318027633609 0.20630568361325 0.345007051448839 0.0858397963511656 0.0275294409531365
"NA19239.1.G03" 0.300071873570211 0.178127340976387 0.344151490204215 0.171268866604984 0.00638042864420345
"NA19239.1.G04" 0.330824464612041 0.132051696869308 0.389460184434765 0.138402284559363 0.00926136952452284
"NA19239.1.G05" 0.300418417387427 0.234793711503542 0.376175992527909 0.0813951232594785 0.00721675532164391
"NA19239.1.G06" 0.348202437221156 0.1738563570504 0.349659157748132 0.113536610743599 0.0147454372367127
"NA19239.1.G07" 0.318902360795233 0.18362903646239 0.349247889985726 0.12974855327728 0.01847215947937
"NA19239.1.G08" 0.337269707252375 0.239690677857482 0.31451745334563 0.0894454224894509 0.0190767390550619
"NA19239.1.G09" 0.417490510750619 0.186439239822483 0.327787297443455 0.0567284117007495 0.0115545402826944
"NA19239.1.G10" 0.426125297868177 0.116644906316587 0.373839152947953 0.078955079837492 0.00443556302979125
"NA19239.1.G11" 0.385398196233424 0.0992383798353314 0.355233503496903 0.152052334043264 0.00807758639107766
"NA19239.1.G12" 0.400117883314424 0.129232713254614 0.385266351668157 0.0814383975273853 0.0039446542354193
"NA19239.1.H01" 0.329118933532172 0.157061754677883 0.330316494346376 0.178148185484714 0.00535463195885526
"NA19239.1.H03" 0.460794078628644 0.0841320365599694 0.354479648632344 0.0819681063795257 0.0186261297995166
"NA19239.1.H04" 0.284787060834717 0.256547311014898 0.377131302479908 0.0580779420680062 0.0234563836024714
"NA19239.1.H05" 0.301958698974601 0.101110268773753 0.446910184586548 0.11194809055383 0.0380727571112672
"NA19239.1.H06" 0.349499292227053 0.0905022398625403 0.389217651971406 0.15407827328234 0.0167025426566601
"NA19239.1.H07" 0.354595649502388 0.105574634400547 0.366918236359524 0.154198494981237 0.018712984756304
"NA19239.1.H08" 0.388016795257592 0.150288200507395 0.385149768028716 0.0610486952057401 0.0154965410005573
"NA19239.1.H09" 0.286388128965578 0.166825336677211 0.337484003371662 0.191969057869766 0.0173334731157834
"NA19239.1.H10" 0.495157318227535 0.0647360441370285 0.308513323056589 0.129426341165107 0.00216697341374089
"NA19239.1.H11" 0.500927059478392 0.00445479841366653 0.40903701591443 0.0644162904104737 0.0211648357830369
"NA19239.1.H12" 0.463197594946065 0.00364728872749971 0.348913642097308 0.176143278901231 0.00809819532789573
"NA19239.2.A01" 0.388453196407792 0.277023556147057 0.251335028134151 0.0506094778269421 0.0325787414840573
"NA19239.2.A02" 0.387559104867737 0.168436949720038 0.299062642795531 0.127512178009469 0.0174291246072245
"NA19239.2.A04" 0.352898913483364 0.177307295871872 0.211081545280056 0.243358508635881 0.0153537367288271
"NA19239.2.A05" 0.345933574890438 0.18599160253997 0.400717530057878 0.0446858799964006 0.0226714125153134
"NA19239.2.A06" 0.36484796429537 0.223573881624621 0.162589007490618 0.240066167769578 0.00892297881981349
"NA19239.2.A07" 0.357209414748674 0.189596485332277 0.37034614405189 0.0555248121076449 0.0273231437595147
"NA19239.2.A08" 0.4106283361849 0.151865962086973 0.298933769965807 0.134827866449038 0.003744065313282
"NA19239.2.A09" 0.347737353546513 0.20329397573412 0.330479622860226 0.0926693908515818 0.0258196570075584
"NA19239.2.A10" 0.121886209593866 0.445093621741736 0.27668671057014 0.122068299971858 0.0342651581224
"NA19239.2.A11" 0.355922548190919 0.18533311511364 0.345330842675298 0.061960337862628 0.0514531561575155
"NA19239.2.A12" 0.348633569889214 0.210551507108284 0.270576628419512 0.135191500156644 0.0350467944263463
"NA19239.2.B01" 0.110617884379281 0.462953442887222 0.226345568751697 0.143537437671571 0.0565456663102287
"NA19239.2.B02" 0.416046906330039 0.252984120095006 0.265894552482499 0.0463412535074099 0.018733167585046
"NA19239.2.B03" 0.158110725933199 0.474295002420073 0.228753507544033 0.13640324976057 0.00243751434212538
"NA19239.2.B04" 0.416709390217138 0.123050801671928 0.345129232473699 0.11427070658242 0.00083986905481546
"NA19239.2.B05" 0.328733217187237 0.205634053000711 0.315612458844026 0.100498560924983 0.0495217100430441
"NA19239.2.B06" 0.361875197380622 0.217796739805718 0.292807415130386 0.124732774633623 0.00278787304965068
"NA19239.2.B07" 0.385553307326337 0.17412609533253 0.288912442955819 0.125133578701204 0.0262745756841106
"NA19239.2.B08" 0.301705202755562 0.261439384516291 0.356223491532678 0.0525109972201873 0.028120923975283
"NA19239.2.B09" 0.388224984762044 0.177427972091349 0.296507444652503 0.103839717906868 0.0339998805872353
"NA19239.2.B11" 0.180294474006717 0.448302448567127 0.173001962942923 0.196959375363461 0.00144173911977303
"NA19239.2.B12" 0.423075423538834 0.169635754751445 0.314054264348423 0.0822117070593177 0.0110228503019798
"NA19239.2.C02" 0.303688777608407 0.295683639454361 0.297503790128592 0.0495353158406821 0.0535884769679579
"NA19239.2.C03" 0.238755133821716 0.411442243050862 0.241884317649406 0.0761028093665859 0.0318154961114303
"NA19239.2.C04" 0.506779860337422 0.189800370023582 0.241147825312837 0.0583082234151726 0.00396372091098635
"NA19239.2.C05" 0.256696152715177 0.234629709460286 0.345339295102834 0.121277625145608 0.0420572175760944
"NA19239.2.C06" 0.341949182457901 0.400623927694789 0.173608481654584 0.0693410380094313 0.0144773701832943
"NA19239.2.C07" 0.359667850661909 0.136158238604089 0.356509571306874 0.143395091848592 0.00426924757853603
"NA19239.2.C08" 0.0586823714333715 0.572741929854405 0.2242940638112 0.107925678474144 0.0363559564268788
"NA19239.2.C09" 0.401518273238943 0.158992180736071 0.240624879372801 0.190446241517928 0.00841842513425665
"NA19239.2.C11" 0.372895223547404 0.180978045406695 0.32477367843174 0.104847527461153 0.0165055251530075
"NA19239.2.C12" 0.318708692574634 0.211842365852491 0.273157371453107 0.171896927571757 0.0243946425480113
"NA19239.2.D01" 0.268833290749633 0.326625771581125 0.288628638617342 0.0963304573828965 0.019581841669003
"NA19239.2.D02" 0.395823423481663 0.209071623944156 0.310557226147123 0.0794784474113534 0.00506927901570434
"NA19239.2.D03" 0.360140330934076 0.264807079564581 0.290929461401241 0.0631890452657999 0.0209340828343017
"NA19239.2.D04" 0.446722697753277 0.0855714912726193 0.38415873235606 0.0777704108589324 0.00577666775911185
"NA19239.2.D05" 0.423346686841559 0.232212108219554 0.259281155696678 0.0460549547729104 0.039105094469299
"NA19239.2.D06" 0.410272275793509 0.228682606138375 0.273284905128191 0.0677342561990109 0.0200259567409137
"NA19239.2.D07" 0.0779693665596612 0.545611945896181 0.254470624361306 0.0827687747515991 0.0391792884312529
"NA19239.2.D08" 0.206319742319054 0.281138104569568 0.331271544316306 0.0963195345961389 0.0849510741989326
"NA19239.2.D09" 0.118565957537586 0.527079214245341 0.208557575109904 0.109329039504005 0.0364682136031634
"NA19239.2.D11" 0.454165038539198 0.171935376020198 0.312179595407631 0.0266771878137664 0.0350428022192066
"NA19239.2.D12" 0.0314348432038152 0.629825584125222 0.176137177536394 0.114208229652503 0.0483941654820661
"NA19239.2.E01" 0.424633271138801 0.230047926126284 0.266184369071069 0.0696638114539647 0.00947062220988077
"NA19239.2.E02" 0.472913470298967 0.19076967054246 0.234371221807688 0.0784722826676542 0.0234733546832314
"NA19239.2.E04" 0.41165440801414 0.113244803707372 0.346099526585191 0.0845802458946116 0.0444210157986854
"NA19239.2.E05" 0.361243269198266 0.183825968956701 0.374763776544742 0.0761668271346511 0.00400015816564088
"NA19239.2.E06" 0.351310493758821 0.181771609285369 0.367218817876853 0.0718724582949536 0.0278266207840035
"NA19239.2.E07" 0.438062256243963 0.156413629877005 0.362795302762703 0.0390334127732606 0.00369539834306812
"NA19239.2.E08" 0.420441229257438 0.187184392629182 0.304788663139711 0.0752344723302548 0.0123512426434137
"NA19239.2.E09" 0.163540659803023 0.46244261103285 0.240117141971239 0.129342381318887 0.00455720587400146
"NA19239.2.E11" 0.450491524641969 0.222344842068167 0.269138567565354 0.0501560351072908 0.00786903061721965
"NA19239.2.E12" 0.286808605337205 0.239036935460384 0.225947191593749 0.222198529972633 0.0260087376360288
"NA19239.2.F01" 0.423845556305874 0.201341432211459 0.259894713126916 0.0921935441695486 0.0227247541862024
"NA19239.2.F02" 0.341595351622281 0.344930594345528 0.218289716739619 0.0682651497310203 0.0269191875615519
"NA19239.2.F03" 0.383391698747163 0.243725370598321 0.271431771683102 0.0628792080265074 0.0385719509449062
"NA19239.2.F04" 0.152523175828404 0.452708411607866 0.232147373412646 0.128264907737549 0.034356131413535
"NA19239.2.F05" 0.403502883776754 0.213308411979304 0.31694719679478 0.0235677742796157 0.0426737331695459
"NA19239.2.F06" 0.168252920870995 0.469760911838614 0.268507683229894 0.0768329628209878 0.0166455212395098
"NA19239.2.F07" 0.198708785109313 0.492128792348869 0.171048548473176 0.102005208984543 0.0361086650840982
"NA19239.2.F08" 0.362936477918151 0.147116932848956 0.368822501061458 0.104213237194625 0.0169108509768105
"NA19239.2.F09" 0.311439412290957 0.254857165491441 0.322665032284062 0.0703446849410064 0.0406937049925342
"NA19239.2.F10" 0.457623426798602 0.140205670925057 0.35723769746302 0.0424885039610147 0.00244470085230696
"NA19239.2.F11" 0.421292511329845 0.206446327550092 0.304225485761426 0.0541855012591561 0.0138501740994804
"NA19239.2.F12" 0.261442414608934 0.331977777471236 0.286379701114275 0.101294050164093 0.0189060566414625
"NA19239.2.G01" 0.385431146759774 0.267362752189748 0.250341564587125 0.0609424961184262 0.0359220403449269
"NA19239.2.G02" 0.333421417815174 0.223335496681415 0.313413863248537 0.0902965564288451 0.0395326658260289
"NA19239.2.G03" 0.12191961975946 0.491870888442707 0.240661765599279 0.118587830150468 0.026959896048086
"NA19239.2.G04" 0.327728159597033 0.241811908180962 0.265717054885077 0.144569864903853 0.0201730124330751
"NA19239.2.G05" 0.450721411664675 0.164554509563024 0.33654615831495 0.0420176859948371 0.0061602344625134
"NA19239.2.G06" 0.392247008283612 0.257585790079028 0.289652812272541 0.0523592528922154 0.00815513647260366
"NA19239.2.G07" 0.413919756964473 0.175387590256952 0.323680837276956 0.0845367457905701 0.00247506971105008
"NA19239.2.G08" 0.23459323310693 0.375953413320264 0.281990191590559 0.0946697725560082 0.0127933894262387
"NA19239.2.G09" 0.485966695422001 0.114341604477148 0.201963119953093 0.182050481594691 0.0156780985530681
"NA19239.2.G10" 0.4545825490446 0.134283154851799 0.314117839157418 0.0714994915977357 0.0255169653484474
"NA19239.2.G11" 0.420403380012073 0.148320796030684 0.344944102150607 0.0576185136108489 0.0287132081957865
"NA19239.2.G12" 0.406158583871787 0.171871117069668 0.374621420851193 0.0166892277670457 0.0306596504403064
"NA19239.2.H01" 0.40209627311271 0.197607730203078 0.245153300106343 0.115479564475236 0.0396631321026328
"NA19239.2.H02" 0.238160795991757 0.422967563764178 0.18236342798732 0.100413822270656 0.0560943899860896
"NA19239.2.H03" 0.252381333095065 0.431607120852031 0.131704119891562 0.118684176852496 0.0656232493088462
"NA19239.2.H04" 0.411738196625474 0.120922633879263 0.345710631767005 0.0973377947262981 0.0242907430019597
"NA19239.2.H05" 0.291243744463167 0.339953810635217 0.283572512641323 0.0584440684834267 0.0267858637768673
"NA19239.2.H06" 0.337221238429075 0.247068521074882 0.293623431012695 0.111119604700231 0.0109672047831168
"NA19239.2.H07" 0.176659417207381 0.385014846259724 0.36646297400656 0.0697529775373101 0.0021097849890245
"NA19239.2.H08" 0.388907937262091 0.15324280957787 0.256580404418907 0.193612113204671 0.00765673553646129
"NA19239.2.H09" 0.356754471211735 0.192053574886884 0.312749352213236 0.122201393942992 0.0162412077451531
"NA19239.2.H10" 0.395958309647558 0.150762463226993 0.3066420392266 0.109010624870023 0.0376265630288255
"NA19239.2.H11" 0.234865596570515 0.19895741769317 0.325401110710848 0.192116378891437 0.0486594961340299
"NA19239.2.H12" 0.470524213310534 0.0979779956545986 0.33795266610906 0.072912182369081 0.0206329425567264
"NA19239.3.A02" 0.458362448566673 0.1180157825314 0.322463693639255 0.0583567934745769 0.042801281788096
"NA19239.3.A03" 0.568461507566497 0.0852406301742955 0.273557768181549 0.0402439798793677 0.0324961141982909
"NA19239.3.A04" 0.385271854372232 0.136527398566136 0.239906845933244 0.236899366662331 0.00139453446605816
"NA19239.3.A05" 0.505191017500378 0.0480541677963127 0.369704855950545 0.0496638533270728 0.0273861054256918
"NA19239.3.A06" 0.405655970111836 0.146402507687892 0.306296901143563 0.118308238961874 0.0233363820948351
"NA19239.3.A07" 0.519650065635437 0.0863344437767062 0.353577807842619 0.0117503339775446 0.0286873487676935
"NA19239.3.A08" 0.348106313555386 0.317473760284272 0.220403410879212 0.0819501823745858 0.0320663329065443
"NA19239.3.A09" 0.494711255126723 0.0915030989699566 0.309903634536155 0.0656619571874017 0.0382200541797639
"NA19239.3.A10" 0.441880229512097 0.108965270051917 0.403737600670977 0.0317309906663768 0.013685909098632
"NA19239.3.A11" 0.401033260104865 0.151521818298584 0.350002658729113 0.0690140087851621 0.0284282540822757
"NA19239.3.A12" 0.532837722424182 0.0651808617507454 0.317078430515872 0.0396413569683196 0.0452616283408803
"NA19239.3.B01" 0.437241943834252 0.216429400938187 0.278892273973718 0.0457299082423624 0.0217064730114796
"NA19239.3.B02" 0.434306306024289 0.172717128098448 0.330681243832093 0.0507932545124137 0.0115020675327568
"NA19239.3.B03" 0.536828757785238 0.00212310838610904 0.295943603137425 0.128213956341994 0.0368905743492337
"NA19239.3.B04" 0.422155203036933 0.128600732248267 0.395838842410649 0.0415129117506247 0.0118923105535267
"NA19239.3.B05" 0.492768118412684 0.0869824929022135 0.326500740990443 0.0605621944562604 0.0331864532383988
"NA19239.3.B06" 0.403582895385076 0.173321500153511 0.33759414876882 0.0558525303805682 0.0296489253120246
"NA19239.3.B07" 0.403623424227926 0.138572068108194 0.269977768283247 0.155733118468943 0.0320936209116902
"NA19239.3.B10" 0.512059022100498 0.157631031095799 0.267467359616925 0.0501016857785223 0.0127409014082564
"NA19239.3.B11" 0.430499567777048 0.114639967635969 0.269919408697283 0.162218033648806 0.0227230222408936
"NA19239.3.B12" 0.477879064155346 0.0780408738982301 0.3900134371184 0.045824275457359 0.0082423493706652
"NA19239.3.C01" 0.556497720005721 0.000780956607665996 0.348027402801573 0.0716803555893869 0.0230135649956537
"NA19239.3.C02" 0.478191660251425 0.146482917754188 0.318285664414249 0.0330102921757977 0.0240294654043395
"NA19239.3.C03" 0.430849423587296 0.13952954962914 0.318079265129172 0.088010526913916 0.0235312347404758
"NA19239.3.C06" 0.485229232828285 0.169149145721038 0.314555304299599 0.0281798956430229 0.00288642150805485
"NA19239.3.C07" 0.200047092917138 0.379367772302984 0.297624756839929 0.105820552170216 0.0171398257697336
"NA19239.3.C08" 0.523499985840682 0.106606215283161 0.292730761357462 0.0433029967660303 0.0338600407526655
"NA19239.3.C09" 0.44678029716047 0.08047562330104 0.356203165205592 0.0749145798847205 0.0416263344481769
"NA19239.3.C10" 0.398318325767453 0.108942364294323 0.375631021329642 0.0919183641281116 0.0251899244804697
"NA19239.3.C11" 0.449948654977535 0.118171837752482 0.301839363076989 0.0983824781812729 0.0316576660117203
"NA19239.3.C12" 0.463235615766429 0.105332289902553 0.294781638706057 0.0839469595568801 0.0527034960680809
"NA19239.3.D01" 0.505303762255244 0.0927003395691713 0.336386524750632 0.048606121333402 0.0170032520915504
"NA19239.3.D02" 0.474250544379019 0.027761765198489 0.342171852236588 0.132176150434843 0.0236396877510611
"NA19239.3.D03" 0.441475190639623 0.0877412531117709 0.213014980432136 0.224033027002978 0.0337355488134918
"NA19239.3.D04" 0.347011786277051 0.0720985749803533 0.381728365124491 0.136115416816759 0.0630458568013461
"NA19239.3.D05" 0.525641288736289 0.104524123312741 0.326078889150816 0.0305232171980638 0.01323248160209
"NA19239.3.D06" 0.429331445966089 0.131741894042071 0.249161839758099 0.183693301392467 0.0060715188412742
"NA19239.3.D07" 0.441619459879058 0.103324027421484 0.299854231641317 0.0973522818402687 0.0578499992178714
"NA19239.3.D08" 0.456579004021723 0.0864128897838831 0.38511975212109 0.0545856856972509 0.0173026683760527
"NA19239.3.D09" 0.463634984913703 0.103250618334033 0.3414776689449 0.0616738878280221 0.0299628399793423
"NA19239.3.D10" 0.440777961802981 0.167589303428829 0.310071701449112 0.0190347450365223 0.062526288282556
"NA19239.3.D12" 0.424038982162028 0.0549328073349046 0.279159687094365 0.235235270602632 0.0066332528060705
"NA19239.3.E01" 0.309650922580536 0.294200600382791 0.268851873505465 0.120770530745855 0.00652607278535349
"NA19239.3.E02" 0.441812708683503 0.113564917968046 0.355222954943352 0.0768455720020537 0.0125538464030456
"NA19239.3.E05" 0.420669565132441 0.0329091482622686 0.314420304781677 0.195925687425107 0.0360752943985067
"NA19239.3.E06" 0.459648628035314 0.136285420276256 0.312162559982445 0.0757256464360812 0.0161777452699034
"NA19239.3.E07" 0.501345442750247 0.0680874480135564 0.336668644686885 0.0768864229239178 0.0170120416253942
"NA19239.3.E08" 0.550400055690476 0.0541376483009608 0.343367040692443 0.0126333157736011 0.0394619395425189
"NA19239.3.E09" 0.495219715462497 0.130531176035826 0.314264982873749 0.0454095819744467 0.0145745436534811
"NA19239.3.E10" 0.442727104033873 0.0258320732649278 0.267686328369862 0.251126657260492 0.0126278370708447
"NA19239.3.E11" 0.408902289381208 0.1483582517 0.22950770068436 0.187237466836942 0.0259942913974906
"NA19239.3.E12" 0.38592840713047 0.290016227095276 0.262243092527626 0.059537057072017 0.00227521617461067
"NA19239.3.F01" 0.478875774204604 0.0839527849261191 0.281945458001616 0.110061368348143 0.0451646145195177
"NA19239.3.F02" 0.506457027659675 0.147846419802549 0.275684197616903 0.0259459518157305 0.0440664031051416
"NA19239.3.F03" 0.450396440847686 0.0464082746768352 0.361591796636454 0.113953407207036 0.0276500806319892
"NA19239.3.F04" 0.360809719601687 0.218979246754886 0.292931436755063 0.10871575736 0.0185638395283635
"NA19239.3.F05" 0.512329931277952 0.0484863758262191 0.300196037935922 0.107231670505722 0.0317559844541843
"NA19239.3.F06" 0.482552885233568 0.0891939587682977 0.338633028034054 0.0614133046709807 0.0282068232930995
"NA19239.3.F07" 0.522958287957645 0.0332119803718549 0.251301753882218 0.166441468091541 0.026086509696741
"NA19239.3.F08" 0.483402226729953 0.150484122279521 0.270371185731329 0.0672580311642785 0.0284844340949174
"NA19239.3.F09" 0.432736738085717 0.0452289434626245 0.297152339338661 0.20008371392991 0.0247982651830876
"NA19239.3.F10" 0.445012716301618 0.145994060134606 0.319390905706339 0.0568851769992128 0.0327171408582244
"NA19239.3.F11" 0.518110442626151 0.140198030545117 0.264701935829188 0.0545114905742763 0.0224781004252681
"NA19239.3.F12" 0.526454806326367 0.0598766813618083 0.312257356439154 0.0775799891393768 0.0238311667332932
"NA19239.3.G01" 0.476511067386956 0.0996273930949775 0.312786438595878 0.0856631230268605 0.0254119778953287
"NA19239.3.G02" 0.479255557754079 0.103066584509461 0.319190234848491 0.0707930845282203 0.0276945383597487
"NA19239.3.G03" 0.439751060346073 0.103133470938676 0.3634393777917 0.0778978884121707 0.0157782025113803
"NA19239.3.G05" 0.452065871116994 0.0618788979759307 0.368433308351749 0.0846413386161695 0.032980583939157
"NA19239.3.G06" 0.390029359385015 0.0893258865472906 0.377086166694203 0.118559764834757 0.0249988225387351
"NA19239.3.G07" 0.495602887244106 0.110689468131935 0.323807249989576 0.053409439386001 0.0164909552483822
"NA19239.3.G08" 0.482491522979039 0.0798454763764029 0.314294626520942 0.0930407770418129 0.030327597081803
"NA19239.3.G09" 0.498543063034509 0.0518358114467017 0.342061923250951 0.0677080889596976 0.0398511133081401
"NA19239.3.G11" 0.481752700987304 0.0604261183785948 0.323821454818785 0.103177354031075 0.0308223717842417
"NA19239.3.G12" 0.338492953416384 0.091324355889919 0.270586470894684 0.231933191496317 0.0676630283026962
"NA19239.3.H01" 0.484836772903058 0.0208639772289807 0.251575472061892 0.215362948583244 0.0273608292228261
"NA19239.3.H03" 0.429485739124687 0.0982516072051459 0.351617889066468 0.0818116656511269 0.0388330989525722
"NA19239.3.H04" 0.516274298838902 0.102396640003538 0.243441324667268 0.136231226508167 0.00165650998212454
"NA19239.3.H05" 0.407522576068863 0.113814758331377 0.301276188136352 0.162182189185154 0.0152042882782537
"NA19239.3.H06" 0.544508969166267 0.0730894209322129 0.326165581185415 0.0422555896683176 0.013980439047788
"NA19239.3.H07" 0.54238943301924 0.0362239654526885 0.282683725006127 0.130485625406982 0.00821725111496229
"NA19239.3.H08" 0.410745790451883 0.160906739893798 0.362513256785333 0.0402257904178679 0.0256084224511172
"NA19239.3.H09" 0.483772983513434 0.0843124704887766 0.380102587540508 0.0249957807306793 0.0268161777266022
"NA19239.3.H11" 0.431296406523605 0.125775049315714 0.387900135910901 0.0524570226626818 0.00257138558709799
"NA19239.3.H12" 0.572221212822488 0.0580690254225032 0.324649409506957 0.0267185923550002 0.0183417598930514
"NA19101.1.A01" 0.224349994445542 0.571379645265663 0.0837303225338416 0.119128291652481 0.00141174610247311
"NA19101.1.A02" 0.462987347806331 0.344189055181681 0.13130663002161 0.0392423706319513 0.0222745963584274
"NA19101.1.A03" 0.454444275489775 0.179844828160698 0.12987819016443 0.23443706673671 0.00139563944838764
"NA19101.1.A04" 0.510712858111805 0.26428095434926 0.149182846115286 0.0107981308397725 0.0650252105838771
"NA19101.1.A05" 0.487021365425231 0.223191561205839 0.135053993505793 0.149676976249369 0.00505610361376738
"NA19101.1.A06" 0.518991020208928 0.188925366672278 0.205957362636145 0.0742917770151481 0.0118344734675006
"NA19101.1.A07" 0.423582970054327 0.171765582859613 0.171081062165299 0.227597663545374 0.00597272137538707
"NA19101.1.A08" 0.37934815471361 0.477812280145034 0.067652469925682 0.0509854090141238 0.0242016862015507
"NA19101.1.A09" 0.435330985343961 0.267942338934936 0.115068924101222 0.172182804406226 0.00947494721365568
"NA19101.1.A10" 0.539512006704578 0.290876674170981 0.0853951258965291 0.0530951688691901 0.0311210243587221
"NA19101.1.A11" 0.420024884776376 0.398731778124231 0.0703480419982755 0.0950549119886059 0.0158403831125117
"NA19101.1.A12" 0.0399003348195316 0.66688216626515 0.0942639035764877 0.137868234357399 0.0610853609814325
"NA19101.1.B01" 0.143486462249158 0.692053979829832 0.0282635386950432 0.108582767415544 0.0276132518104232
"NA19101.1.B02" 0.470571057222744 0.294560037932953 0.145661561914774 0.0706141850290869 0.0185931579004422
"NA19101.1.B03" 0.57407058699435 0.280709449344304 0.108456786559732 0.0272161737226465 0.0095470033789682
"NA19101.1.B04" 0.506850805478139 0.290650231754619 0.145269552477221 0.0338701982983994 0.0233592119916209
"NA19101.1.B05" 0.416313109241468 0.326763928683965 0.148388007501922 0.105503561751548 0.00303139282109725
"NA19101.1.B06" 0.064900356734306 0.687010394724263 0.148508785697086 0.0796673801925562 0.0199130826517891
"NA19101.1.B07" 0.463190054424145 0.293332013855283 0.21378876437203 0.0279641253819011 0.00172504196664151
"NA19101.1.B08" 0.411860478606742 0.251057245822766 0.202523962671031 0.125521467527024 0.00903684537243668
"NA19101.1.B09" 0.382591825252211 0.253746839644525 0.21264780218585 0.143856749249049 0.00715678366836399
"NA19101.1.B10" 0.434389260122301 0.259031070993725 0.0980388403761389 0.196303163879443 0.0122376646283917
"NA19101.1.B11" 0.468495778585247 0.283566246255021 0.0945920950501383 0.132068737714657 0.0212771423949357
"NA19101.1.B12" 0.553769924213853 0.252131444745045 0.121570608528812 0.0292016237517258 0.0433263987605648
"NA19101.1.C01" 0.505039252040998 0.272288338601427 0.168715623362257 0.0434798125392122 0.0104769734561065
"NA19101.1.C02" 0.42254734270363 0.424271820020444 0.107435346541566 0.021860506063322 0.0238849846710379
"NA19101.1.C03" 0.538409924689079 0.254835696244272 0.164399037096007 0.0266703056276843 0.0156850363429573
"NA19101.1.C04" 0.466149617288277 0.311768473641422 0.124472796188667 0.0485225825489611 0.0490865303326725
"NA19101.1.C05" 0.358114781152719 0.34403493506677 0.198326507440553 0.0886634215874347 0.0108603547525238
"NA19101.1.C06" 0.432756644477088 0.257677465915434 0.192977303286531 0.0936116838986453 0.0229769024223008
"NA19101.1.C07" 0.483888877801346 0.26534761051294 0.194967758821709 0.0392116226438029 0.0165841302202024
"NA19101.1.C08" 0.342170926188389 0.334099260331231 0.0748373836054991 0.224821706087284 0.0240707237875976
"NA19101.1.C09" 0.482925685123502 0.31114240150931 0.129904085897802 0.0559168284494259 0.0201109990199592
"NA19101.1.C10" 0.521861277572141 0.245651851718722 0.0394061774881119 0.182501076570304 0.0105796166507206
"NA19101.1.C11" 0.361342190750225 0.389242298921364 0.0032267616698448 0.229269834029186 0.0169189146293804
"NA19101.1.C12" 0.505595202573428 0.215702640824607 0.214519321635859 0.0417306992078983 0.0224521357582087
"NA19101.1.D01" 0.415390337502082 0.446640993761705 0.0806827808801656 0.0276957790248843 0.0295901088311633
"NA19101.1.D02" 0.411805400456126 0.349074295615699 0.181596145302522 0.0367557372195317 0.0207684214061217
"NA19101.1.D03" 0.482448086353935 0.246093569238178 0.218764473401835 0.0447080526103434 0.00798581839570874
"NA19101.1.D04" 0.428036028375981 0.206824298369135 0.242502908088391 0.0865480890108269 0.0360886761556655
"NA19101.1.D05" 0.547198470461391 0.225355892569927 0.147421738752196 0.053769639482654 0.0262542587338311
"NA19101.1.D06" 0.357208250846148 0.474482695127433 0.080122113985437 0.056040906747378 0.032146033293604
"NA19101.1.D07" 0.424232942445943 0.223350280234942 0.163877720622168 0.175612358786014 0.0129266979109329
"NA19101.1.D08" 0.497748159918085 0.264823557873275 0.0407721027482606 0.192291860646672 0.00436431881370788
"NA19101.1.D09" 0.421130176603238 0.191428452056691 0.15161107039008 0.218941719857028 0.0168885810929632
"NA19101.1.D10" 0.465491666039639 0.253048780994704 0.107844651959208 0.15717488653323 0.0164400144732191
"NA19101.1.D11" 0.467502212852953 0.242270257911345 0.166064105369056 0.123341323353804 0.00082210051284215
"NA19101.1.D12" 0.483554893506219 0.243927609126706 0.200768847764986 0.0546289138011407 0.0171197358009487
"NA19101.1.E01" 0.456869388899284 0.291059687016915 0.0319278574799075 0.208446366736555 0.0116966998673385
"NA19101.1.E02" 0.415476586211828 0.377253989097925 0.0360410387836208 0.140287001632485 0.0309413842741414
"NA19101.1.E03" 0.456642252616437 0.321702813068706 0.167541101751048 0.0509212168040963 0.00319261575971207
"NA19101.1.E04" 0.398742391926003 0.328333386108746 0.101192405154695 0.136647262196284 0.0350845546142723
"NA19101.1.E05" 0.316958474246908 0.513195769946033 0.0609077367406836 0.0921053236402091 0.016832695426166
"NA19101.1.E06" 0.485418042443403 0.330255433488317 0.119728887503809 0.0636056581947782 0.000991978369692608
"NA19101.1.E07" 0.483525796716151 0.249428926454403 0.143873138967772 0.103535180786261 0.0196369570754127
"NA19101.1.E08" 0.512464075712899 0.227370470752788 0.194198233533389 0.0478717447066737 0.0180954752942511
"NA19101.1.E09" 0.279265184147693 0.557227702396316 0.090984490178783 0.0601916142110775 0.0123310090661306
"NA19101.1.E10" 0.556914113662234 0.1938079610547 0.138145762921126 0.0886414489853559 0.0224907133765838
"NA19101.1.E11" 0.40999266400135 0.418128400177354 0.063033259412458 0.0901238171049487 0.0187218593038894
"NA19101.1.E12" 0.552988613612869 0.243557153919469 0.0240084180346855 0.167958893455212 0.011486920977765
"NA19101.1.F01" 0.535550905559185 0.290883555932618 0.0848732959909152 0.0738910486111158 0.0148011939061654
"NA19101.1.F02" 0.520670794235954 0.203561354934875 0.105169977678745 0.15506951605412 0.0155283570963061
"NA19101.1.F03" 0.536579151074462 0.231768857957646 0.178051299553185 0.0365673900535745 0.0170333013611328
"NA19101.1.F04" 0.45116839840792 0.350193236245929 0.048965538895871 0.13585136774463 0.0138214587056507
"NA19101.1.F07" 0.468442849889202 0.24500422113745 0.203169240640624 0.0561513426648405 0.0272323456678838
"NA19101.1.F08" 0.466510750858102 0.230363838312075 0.241315583596587 0.0390837421479664 0.0227260850852698
"NA19101.1.F09" 0.47344810221861 0.216351523087947 0.257897215079893 0.0469071709565904 0.00539598865695928
"NA19101.1.F10" 0.290558351016732 0.50860698918132 0.0610624006226202 0.0940880193104163 0.0456842398689118
"NA19101.1.F11" 0.458579100547791 0.315151867506299 0.140616952752482 0.0560056757833964 0.0296464034100315
"NA19101.1.F12" 0.488665208379626 0.304969862519672 0.157116623863223 0.0211922434353409 0.0280560618021378
"NA19101.1.G01" 0.17443124817173 0.665587895416063 0.0638139056594263 0.0822886799580632 0.0138782707947178
"NA19101.1.G02" 0.431351876178196 0.353190057210487 0.14529758231663 0.0571757903258324 0.012984693968855
"NA19101.1.G03" 0.434544663204385 0.323087366000611 0.167170134168667 0.0633515939367655 0.0118462426895722
"NA19101.1.G04" 0.4767615892789 0.27477633973476 0.174455550839207 0.0731769283027913 0.000829591844341032
"NA19101.1.G05" 0.494974681079773 0.272374571657861 0.165662185170459 0.0437687476299701 0.0232198144619369
"NA19101.1.G06" 0.381735652771415 0.473784382404154 0.0259046049631981 0.117339965544488 0.00123539431674493
"NA19101.1.G07" 0.495412296225421 0.310956072468038 0.128314897139067 0.0465980728695597 0.0187186612979146
"NA19101.1.G08" 0.467487950254436 0.343327005988481 0.109582179646382 0.0619008923353098 0.0177019717753914
"NA19101.1.G09" 0.547673028785432 0.239857411598103 0.162906144010231 0.0434941354438683 0.00606928016236545
"NA19101.1.G10" 0.462346957047071 0.277656711127333 0.119093614738246 0.116261751439654 0.0246409656476955
"NA19101.1.G11" 0.453238500614309 0.145449976977248 0.15997995540992 0.228028188561177 0.0133033784373461
"NA19101.1.G12" 0.484863189853846 0.219343301659543 0.115111212244349 0.157832665672199 0.0228496305700633
"NA19101.1.H01" 0.490011059643514 0.281519678038153 0.10260892174607 0.123388303921215 0.00247203665104833
"NA19101.1.H02" 0.467697970937454 0.354057509820067 0.143221012850045 0.0198012331925458 0.0152222731998892
"NA19101.1.H03" 0.438794941217637 0.233010410859136 0.221467922929977 0.103075038795401 0.00365168619784835
"NA19101.1.H04" 0.28738485637402 0.583141402976397 0.00957450149112667 0.0910315913042039 0.0288676478542522
"NA19101.1.H05" 0.535440836690368 0.232380534737637 0.0815567685539581 0.130174546587515 0.0204473134305227
"NA19101.1.H06" 0.529262461974053 0.194790745725049 0.0601972996419797 0.20170782602266 0.0140416666362586
"NA19101.1.H08" 0.500446077636528 0.290833783776208 0.180431208102417 0.022436241124212 0.00585268936063454
"NA19101.1.H09" 0.187805869119822 0.551465130516535 0.173051052972391 0.0849507242881733 0.0027272231030784
"NA19101.1.H10" 0.455809165958688 0.27934778703726 0.0376517379428138 0.22599563191345 0.00119567714778759
"NA19101.1.H12" 0.566027301977204 0.210578548897081 0.193379056119419 0.0271081825019222 0.00290691050437305
"NA19101.2.A01" 0.166762782581063 0.408644203796053 0.312797267899601 0.0792676363119151 0.0325281094113675
"NA19101.2.A02" 0.401418236859912 0.214829432637702 0.349797663800391 0.032363301441234 0.00159136526076224
"NA19101.2.A03" 0.0781201334813804 0.644745731538179 0.16674016587984 0.0795640988595707 0.0308298702410297
"NA19101.2.A04" 0.0350563585003952 0.438274284042753 0.414489491242987 0.0868893526452335 0.0252905135686311
"NA19101.2.A06" 0.346452242578403 0.254270162315551 0.328256119154803 0.0652995626777351 0.0057219132735076
"NA19101.2.A07" 0.0428948719249801 0.589882105453121 0.273925528331987 0.0692390912672013 0.0240584030227108
"NA19101.2.A08" 0.235562826135561 0.297456098717552 0.313061010395222 0.142059644425052 0.0118604203266117
"NA19101.2.A09" 0.206735057205007 0.295484039598461 0.343112588042167 0.141363281900283 0.0133050332540821
"NA19101.2.A10" 0.311275329240617 0.31793252587066 0.320078978361169 0.018416185694541 0.0322969808330133
"NA19101.2.A11" 0.068094364928643 0.61448070215843 0.228537497793792 0.0695007736070429 0.0193866615120923
"NA19101.2.A12" 0.00379205045804058 0.626819780022588 0.298649465376717 0.0138270778821801 0.0569116262604738
"NA19101.2.B01" 0.0344245403482495 0.481193578422624 0.356678819381537 0.0699258646886552 0.0577771971589346
"NA19101.2.B02" 0.26139057443037 0.278320657187614 0.254100244848562 0.198646983604425 0.00754153992903057
"NA19101.2.B03" 0.226222234702051 0.349301832806955 0.333821935497958 0.0487154141628754 0.0419385828301599
"NA19101.2.B04" 0.00352245551704838 0.592283865756167 0.185307551170453 0.161690837613156 0.057195289943176
"NA19101.2.B05" 0.0520760649983515 0.535694141680892 0.303116581865231 0.0678094140142196 0.0413037974413066
"NA19101.2.B06" 0.221871357680265 0.337318219457095 0.367760860092083 0.0277136101913193 0.045335952579238
"NA19101.2.B08" 0.365393592331084 0.284191552030681 0.281146711050893 0.0574594091215494 0.0118087354657921
"NA19101.2.B09" 0.262112771735334 0.346613636330996 0.35580490624652 0.0272086578868381 0.00826002780031215
"NA19101.2.B10" 0.237757059156397 0.340572872973013 0.336590208979 0.0573780093950084 0.0277018494965815
"NA19101.2.B12" 0.292836555077387 0.295735685368902 0.340660825234993 0.0227480347520304 0.0480188995666885
"NA19101.2.C01" 0.00179048194788437 0.554955649398503 0.303158361675991 0.107528558855184 0.0325669481224376
"NA19101.2.C03" 0.215199836371102 0.38130421200603 0.32083921256816 0.0337624748885089 0.0488942641661998
"NA19101.2.C04" 0.278237652777085 0.313637054857098 0.319792720817047 0.0757318917300491 0.0126006798187209
"NA19101.2.C05" 0.239926185723851 0.338295154636956 0.331551846996865 0.0707988489720073 0.0194279636703214
"NA19101.2.C06" 0.2952892848554 0.257342096752173 0.256848210180947 0.160476068854615 0.0300443393568656
"NA19101.2.C07" 0.414736298764228 0.198197160206818 0.309570898512239 0.0651242732333435 0.012371369283371
"NA19101.2.C08" 0.258696799859789 0.348443759044709 0.346974406707841 0.0326808917828299 0.0132041426048314
"NA19101.2.C09" 0.00163511245447892 0.582041505438043 0.21180233387532 0.153807879779914 0.0507131684522437
"NA19101.2.C10" 0.0555587653636746 0.538739790431998 0.26091270728518 0.0884293789048327 0.0563593580143148
"NA19101.2.C11" 0.34471448159451 0.235555545234658 0.303115674330301 0.106166060858527 0.0104482379820042
"NA19101.2.C12" 0.0152623898615718 0.539321437422484 0.24765039756035 0.14934850597136 0.0484172691842342
"NA19101.2.D01" 0.396248052486737 0.268269059342263 0.282922180277126 0.0221949992562971 0.0303657086375767
"NA19101.2.D02" 0.137222033817107 0.392159611144009 0.372868056096209 0.0601820264682688 0.037568272474406
"NA19101.2.D03" 0.389347405081675 0.228342117185847 0.286861001547506 0.0657170603127961 0.0297324158721764
"NA19101.2.D04" 0.307254295170477 0.28440763430628 0.316662386371352 0.0552002167284147 0.0364754674234757
"NA19101.2.D05" 0.00306920271369154 0.525482088010296 0.329650834894446 0.113530532415092 0.0282673419664746
"NA19101.2.D06" 0.228423161598673 0.363096841303039 0.320596671107817 0.0673729002323958 0.0205104257580753
"NA19101.2.D07" 0.179191736884503 0.390424191499806 0.321845113851024 0.0595463411241135 0.0489926166405527
"NA19101.2.D08" 0.303738676820793 0.301586818930156 0.32672418117456 0.0452725262306062 0.0226777968438845
"NA19101.2.D09" 0.052253659482026 0.601469274063684 0.239529156993695 0.0609875810852993 0.045760328375295
"NA19101.2.D10" 0.186382023231888 0.368077219542533 0.313538978763665 0.108901615636092 0.0231001628258223
"NA19101.2.D11" 0.400950638579677 0.20805895453339 0.300271572343768 0.0464375960262847 0.0442812385168798
"NA19101.2.D12" 0.055445140239868 0.60025325011575 0.275884436347797 0.0583582941122264 0.0100588791843591
"NA19101.2.E01" 0.251294225710143 0.358996664356513 0.323162870084598 0.0363128279614642 0.0302334118872823
"NA19101.2.E02" 0.279376517772185 0.320390249206431 0.306947899314713 0.0580661152461382 0.0352192184605333
"NA19101.2.E03" 0.0865800434147262 0.511596300893375 0.255833984295865 0.0970236233297498 0.0489660480662837
"NA19101.2.E04" 0.240073573220617 0.288243841638001 0.258757832531576 0.190466571501589 0.0224581811082172
"NA19101.2.E05" 0.0192554919955878 0.528832621639872 0.309391392354901 0.0870960676587477 0.0554244263508909
"NA19101.2.E06" 0.129670334575252 0.497264240867888 0.270975681456464 0.0502306860479576 0.0518590570524379
"NA19101.2.E07" 0.214522650984793 0.367658072890465 0.33041152003092 0.066638420704578 0.0207693353892448
"NA19101.2.E09" 0.163961265360949 0.415767508739256 0.307817251967016 0.079474462540181 0.0329795113925987
"NA19101.2.E10" 0.401765321001123 0.267273971600972 0.233546344008001 0.0621538712041615 0.0352604921857427
"NA19101.2.E11" 0.189495351684657 0.303713576242799 0.275719356966103 0.206773032813034 0.0242986822934075
"NA19101.2.E12" 0.381477767160608 0.178935948394882 0.33917079798821 0.0870127816033806 0.0134027048529191
"NA19101.2.F01" 0.276242967003652 0.299125249385818 0.321696482749226 0.0866755903585313 0.016259710502772
"NA19101.2.F02" 0.0156773557969335 0.603114029819257 0.234312862534414 0.140814333100572 0.00608141874882426
"NA19101.2.F03" 0.228467552802635 0.268284368255756 0.327264985732652 0.161299058745562 0.0146840344633945
"NA19101.2.F04" 0.31374959639791 0.347550379914882 0.231386195903761 0.0649075347684107 0.0424062930150364
"NA19101.2.F06" 0.35102494304579 0.193047771656261 0.312853157669895 0.137297382305284 0.00577674532277023
"NA19101.2.F07" 0.23373356202986 0.261215596459633 0.257318856226229 0.224598526054519 0.0231334592297582
"NA19101.2.F08" 0.338142398851965 0.322784232941288 0.267828463350487 0.0503723227281723 0.0208725821280879
"NA19101.2.F09" 0.21159090169383 0.38105337045907 0.358051297063125 0.039417596104706 0.00988683467926862
"NA19101.2.F10" 0.019472037183447 0.602180660129379 0.279876132265299 0.0674308620548171 0.0310403083670584
"NA19101.2.F11" 0.00347549460444715 0.563518192645876 0.31142634129448 0.0930855000849537 0.0284944713702438
"NA19101.2.F12" 0.0435363108413331 0.445698899688617 0.322026780029898 0.169005684534525 0.0197323249056263
"NA19101.2.G01" 0.284448349045753 0.290920563681493 0.342694996003434 0.0423992461024782 0.0395368451668424
"NA19101.2.G02" 0.301895099254347 0.333896022776006 0.164943829053957 0.179090984711407 0.0201740642042824
"NA19101.2.G03" 0.108990756060729 0.431121059482622 0.36117078061771 0.050176454506222 0.0485409493327171
"NA19101.2.G04" 0.271706273415211 0.33454004749977 0.28091597185583 0.107354534557126 0.00548317267206388
"NA19101.2.G05" 0.198652780279628 0.337780384509733 0.378317623423211 0.0820421547474381 0.0032070570399892
"NA19101.2.G06" 0.0288093478202563 0.511468006429919 0.359228520844484 0.0846117726614678 0.0158823522438735
"NA19101.2.G07" 0.214650018243854 0.372292233290494 0.301537000620313 0.0850679043455456 0.0264528434997925
"NA19101.2.G08" 0.0198499733187237 0.622535959430857 0.22152384268654 0.110221019342533 0.0258692052213459
"NA19101.2.G09" 0.199674632133512 0.356886761809246 0.258692486912347 0.151334935514859 0.0334111836300363
"NA19101.2.G10" 0.00259292364024151 0.652735272628561 0.225788038644294 0.0761298552444176 0.0427539098424863
"NA19101.2.G11" 0.0295383679201943 0.510310558933335 0.332205161399652 0.0798539050741813 0.048092006672637
"NA19101.2.G12" 0.215174831444895 0.353170581846958 0.343531597468795 0.0736897439878966 0.0144332452514558
"NA19101.2.H01" 0.24928793236663 0.313683763153439 0.35637286513869 0.048829515602931 0.0318259237383103
"NA19101.2.H02" 0.0745057445196257 0.495986262443392 0.294624598776624 0.104088292930982 0.0307951013293769
"NA19101.2.H03" 0.244499334205577 0.288820527165893 0.37818120936435 0.0750925042910611 0.0134064249731198
"NA19101.2.H05" 0.33993759364227 0.238815713226437 0.329995229309582 0.053143662932026 0.0381078008896845
"NA19101.2.H06" 0.254793701744578 0.252112877669879 0.235725220964456 0.230879102128738 0.0264890974923496
"NA19101.2.H07" 0.263781792138211 0.3218838801315 0.302588598761386 0.0933476426526485 0.0183980863162547
"NA19101.2.H08" 0.385099791194727 0.1828802387418 0.346303831121382 0.0660672009739779 0.0196489379681131
"NA19101.2.H09" 0.0134541649991988 0.582762990437037 0.320477092205638 0.0566746742034004 0.0266310781547259
"NA19101.2.H10" 0.254246771901424 0.433605527743727 0.20098247857434 0.100099024066145 0.0110661977143643
"NA19101.2.H11" 0.231493911842675 0.404696893909839 0.286395126001308 0.0655959591914052 0.0118181090547725
"NA19101.2.H12" 0.0201084458176925 0.571698925724503 0.303609171405091 0.0624512397012487 0.0421322173514647
"NA19101.3.A01" 0.000903172985132747 0.718160095304427 0.173733784615174 0.0599744891360571 0.0472284579592092
"NA19101.3.A02" 0.0324843440486357 0.791379449437379 0.0583989268910662 0.083077341645945 0.0346599379769744
"NA19101.3.A05" 0.140917203465757 0.542050061061407 0.163017404087854 0.110972055436322 0.0430432759486602
"NA19101.3.A06" 0.447450116081469 0.219659748944704 0.235901791792644 0.0689600478500434 0.0280282953311395
"NA19101.3.A07" 0.216949885774514 0.514875828326767 0.214701614501923 0.031804294267218 0.0216683771295785
"NA19101.3.A09" 0.105916348216583 0.675137929964273 0.123908453498857 0.066879840855287 0.0281574274650001
"NA19101.3.A10" 0.421754643877341 0.146846665781884 0.193295374264686 0.237739924196642 0.00036339187944746
"NA19101.3.A11" 0.118962980121719 0.587218686659481 0.189101834696623 0.0903824619835578 0.0143340365386191
"NA19101.3.A12" 0.461637953379399 0.246228382604968 0.205347139158913 0.0599963141707111 0.0267902106860094
"NA19101.3.B01" 0.451920778750259 0.229802596246145 0.20107928689677 0.104134135454994 0.0130632026518323
"NA19101.3.B02" 0.4408181009268 0.238379883031024 0.110894178256875 0.204828340430902 0.0050794973543981
"NA19101.3.B05" 0.229394031248809 0.534235425690606 0.170764048966391 0.0601291635976141 0.00547733049658062
"NA19101.3.B06" 0.414280469362307 0.260400217879791 0.251568019667278 0.0610126476051558 0.0127386454854688
"NA19101.3.B07" 0.473485902558713 0.126440031191993 0.212392542951934 0.170713314751427 0.0169682085459329
"NA19101.3.B08" 0.555106987743337 0.209590724992433 0.196513418117285 0.0313003887826107 0.0074884803643352
"NA19101.3.B09" 0.490538614995974 0.290416942933495 0.115850282853744 0.0826127599227915 0.0205813992939959
"NA19101.3.B10" 0.440263667492871 0.174430616560152 0.300931635683733 0.0829635713582665 0.00141050890497701
"NA19101.3.B11" 0.392215133310034 0.296704259826734 0.0471965581294485 0.256390025886459 0.00749402284732512
"NA19101.3.B12" 0.414603819075742 0.204605225066749 0.108763763684629 0.258997779020736 0.0130294131521437
"NA19101.3.C01" 0.0693512390403878 0.739813458763359 0.0574614924243749 0.094328367569532 0.0390454422023467
"NA19101.3.C03" 0.420630948616625 0.289356246872847 0.193077575488454 0.0635728169323208 0.0333624120897533
"NA19101.3.C04" 0.486645134864863 0.19175825038279 0.256754954481309 0.0567944094251356 0.00804725084590314
"NA19101.3.C05" 0.394149272285169 0.252931747979434 0.109714573120128 0.235408855892294 0.00779555072297398
"NA19101.3.C06" 0.52750294889057 0.268093891133633 0.120843742917187 0.0500181352256498 0.0335412818329598
"NA19101.3.C07" 0.520364149410697 0.203824226325842 0.242738878617628 0.0177297259167679 0.0153430197290647
"NA19101.3.C08" 0.492097620023588 0.217856179811621 0.233861372207139 0.0419522691404754 0.0142325588171759
"NA19101.3.C09" 0.0464423146373216 0.588212125567481 0.209516014360361 0.14847905641729 0.0073504890175463
"NA19101.3.C10" 0.409112477832509 0.220464707007881 0.234570416545591 0.131591216199096 0.00426118241492256
"NA19101.3.C11" 0.47477337835866 0.263310874885848 0.146883683151177 0.111793821489625 0.00323824211468977
"NA19101.3.C12" 0.070299922528393 0.642342207940142 0.145566939387098 0.0932488866712531 0.0485420434731145
"NA19101.3.D01" 0.0085639100270414 0.816790248503921 0.0615851821369601 0.0869501655878323 0.0261104937442452
"NA19101.3.D03" 0.4767272608958 0.213743190556043 0.153299474033007 0.136577040477086 0.0196530340380646
"NA19101.3.D04" 0.105689933009623 0.686159600022099 0.090736403613624 0.107226418562593 0.0101876447920605
"NA19101.3.D06" 0.468568295986649 0.18077315976923 0.104306289642991 0.244998425693984 0.00135382890714564
"NA19101.3.D07" 0.151751119803242 0.696897386651572 0.0382266714611437 0.0620573913453142 0.0510674307387288
"NA19101.3.D08" 0.513403301572171 0.191408899857595 0.171920125246762 0.109146066616922 0.0141216067065507
"NA19101.3.D09" 0.121706742482773 0.674857741650234 0.12201544299073 0.0661085828044997 0.0153114900717634
"NA19101.3.D10" 0.502388201993351 0.235813494518784 0.087320260960062 0.172252163664904 0.00222587886289907
"NA19101.3.D12" 0.503043286364639 0.213888840289247 0.266723197855985 0.00113445451850784 0.0152102209716216
"NA19101.3.E01" 0.419353839076869 0.32577926459491 0.165153359154155 0.0647290843822816 0.0249844527917839
"NA19101.3.E02" 0.502795608109026 0.233798034821035 0.18574588904656 0.0454119958952296 0.0322484721281498
"NA19101.3.E03" 0.45569637734305 0.326079444942263 0.178689691928967 0.025040529482185 0.0144939563035352
"NA19101.3.E04" 0.494066201043667 0.307132684100594 0.158444984985103 0.0377627804768245 0.00259334939381099
"NA19101.3.E06" 0.463823106778161 0.31569417767412 0.184366259064698 0.00679502403541028 0.0293214324476109
"NA19101.3.E07" 0.49595219644065 0.23722036591826 0.214560810325722 0.0464338598890606 0.0058327674263077
"NA19101.3.E08" 0.0535397292186237 0.721776180894975 0.136383743924124 0.0847614177681294 0.00353892819414795
"NA19101.3.E09" 0.419735592886307 0.285222495123375 0.196504686192491 0.0694225705373975 0.0291146552604295
"NA19101.3.E10" 0.346938880911402 0.359664905508465 0.16563180218545 0.126473435700254 0.00129097569442952
"NA19101.3.F01" 0.453907546524702 0.200848382840907 0.253683437508728 0.0738194290751814 0.0177412040504819
"NA19101.3.F02" 0.46760031128504 0.248035095711552 0.247078970005108 0.0362531930975767 0.00103242990072322
"NA19101.3.F03" 0.424541127797035 0.167296284311909 0.276113178444797 0.127959558461599 0.00408985098465982
"NA19101.3.F05" 0.521549097748852 0.217147816733191 0.160890613064896 0.0914409529052474 0.00897151954781295
"NA19101.3.F07" 0.437736849069166 0.299752641556616 0.132993012209005 0.0803485931651427 0.0491689040000704
"NA19101.3.F08" 0.465623948479524 0.243815768160593 0.254221394741359 0.0182321401761765 0.0181067484423475
"NA19101.3.F09" 0.272349105591192 0.535459210624787 0.0961567150196914 0.0935513267027233 0.0024836420616064
"NA19101.3.F10" 0.538601898257135 0.212076986209173 0.0837523246161249 0.13247525521396 0.0330935357036077
"NA19101.3.F11" 0.517482923732913 0.190440109998527 0.229095234522759 0.0393156449730467 0.0236660867727542
"NA19101.3.F12" 0.500958608945429 0.154053553036496 0.273262508864895 0.058076776596047 0.0136485525571326
"NA19101.3.G01" 0.45749453396506 0.328542432914921 0.176018130199577 0.0253329705670537 0.012611932353389
"NA19101.3.G02" 0.260142881106425 0.595541427184354 0.116604703595916 0.0123409986430451 0.0153699894702597
"NA19101.3.G03" 0.470314266670164 0.22176446915748 0.275052819129867 0.0224148234610685 0.0104536215814206
"NA19101.3.G05" 0.530820057044991 0.199365814514454 0.177831090195118 0.0465896901465116 0.045393348098925
"NA19101.3.G06" 0.616021245771723 0.113280236885483 0.228798921156809 0.00703984251789521 0.0348597536680902
"NA19101.3.G07" 0.323674594987532 0.258680399912941 0.297369504555382 0.114343981716459 0.00593151882768495
"NA19101.3.G08" 0.458660743319917 0.298277196474018 0.22620334123571 0.0145740985455259 0.00228462042482971
"NA19101.3.G09" 0.170551118543863 0.658920404055023 0.0760700366551642 0.085078473838118 0.00937996690783231
"NA19101.3.G10" 0.689957104325636 0.118021193200953 0.176410974546183 0.0145674573188987 0.00104327060832824
"NA19101.3.G11" 0.432653110602976 0.253915135680874 0.25816988027056 0.0475202888048116 0.00774158464077855
"NA19101.3.G12" 0.550471413513288 0.145695798535024 0.25476639587658 0.0120464234351774 0.0370199686399303
"NA19101.3.H01" 0.117203893576675 0.785627449344548 0.0511794490034768 0.0234009378475796 0.0225882702277207
"NA19101.3.H02" 0.185786143828027 0.540270100514314 0.167161998542201 0.0969248470750989 0.00985691004035995
"NA19101.3.H03" 0.0685489002967379 0.73628134278042 0.0881389380162428 0.0505022838541349 0.0565285350524648
"NA19101.3.H05" 0.568056018386539 0.0715500271324398 0.276731608661049 0.0742189069878526 0.00944343883212045
"NA19101.3.H07" 0.0758726580015801 0.720903141348577 0.090337389209747 0.0922221322927255 0.02066467914737
"NA19101.3.H08" 0.474457673535025 0.246521844419826 0.259609916548796 0.0125359773193938 0.00687458817695846
"NA19101.3.H09" 0.14447726004425 0.599909935812814 0.116635983206696 0.119034320071538 0.0199425008647017
"NA19101.3.H10" 0.490910068932098 0.253696983301352 0.18261892997619 0.0470195832701945 0.0257544345201657
"NA19101.3.H11" 0.550939179179638 0.254761954632838 0.190868734016936 0.00149213837424234 0.00193799379634609
"NA19239.1.A01" 0.0947611065990547 0.000997996163157395 0.00358031110817163 0.0390264580617562 0.86163412806786
"NA19239.1.A02" 0.0199057577998945 0.00591819437784589 0.00272565464461315 0.0608002708962159 0.910650122281431
"NA19239.1.A04" 0.050291621097592 0.0113393044030991 0.0158851392842161 0.081475894246432 0.841008040968661
"NA19239.1.A05" 0.0449012562986937 0.0207058111177099 0.00904124587681199 0.00125021806719896 0.924101468639585
"NA19239.1.A06" 0.00460571217637067 0.0338901831984121 0.0262783859881274 0.0142924228723305 0.920933295764759
"NA19239.1.A07" 0.0115486306401486 0.0360018923330426 0.0135195674466908 0.12653356045656 0.812396349123558
"NA19239.1.A09" 0.0106236767912858 0.0118194283716711 0.0164938803296741 0.122973525986941 0.838089488520428
"NA19239.1.A10" 0.00773805178126359 0.0245904680142847 0.0469592401693107 0.131916783135963 0.788795456899178
"NA19239.1.A11" 0.0577506325081669 0.00324505771460274 0.00583367906778272 0.0384224317819617 0.894748198927486
"NA19239.1.A12" 0.00305103163757243 0.00193376188538004 0.00392408036010635 0.357625712340101 0.63346541377684
"NA19239.1.B01" 0.00767944934954943 0.0423927011318043 0.00608688604117963 0.0791611467430048 0.864679816734462
"NA19239.1.B02" 0.0275776348565933 0.0294706785127557 0.00110072225211653 0.057050652736501 0.884800311642033
"NA19239.1.B03" 0.0513417347793616 0.00222383374914824 0.054327545302386 0.0334256574834692 0.858681228685635
"NA19239.1.B04" 0.00178956500047104 0.0146721425051754 0.0486981171602734 0.0193829518780305 0.91545722345605
"NA19239.1.B06" 0.00752168041531614 0.000420483956433552 0.146710938162581 0.325753180108958 0.519593717356711
"NA19239.1.B09" 0.0029162470313171 0.0269916633317339 0.00116842846443271 0.17842338031172 0.790500280860797
"NA19239.1.B10" 0.0292943417656005 0.0192411071548621 0.187258655550423 0.04213238595537 0.722073509573745
"NA19239.1.B11" 0.0234263616493953 0.004117935285521 0.000798785620691616 0.398639667422091 0.573017250022301
"NA19239.1.B12" 0.000721978118130893 0.000453078469829654 0.0172826856505798 0.377210877920302 0.604331379841158
"NA19239.1.C01" 0.00168588761007044 0.0429993930341371 0.00666013666733784 0.0883148273670893 0.860339755321365
"NA19239.1.C02" 0.0477254456416157 0.00190596008294076 0.00216935807031544 0.0371827934748397 0.911016442730288
"NA19239.1.C03" 0.0819100669789944 0.0012631347139855 0.0783742688098187 0.0441468330360394 0.794305696461162
"NA19239.1.C04" 0.0245917414866994 0.0515915166252822 0.0769722480472706 0.0113659571584188 0.835478536682329
"NA19239.1.C05" 0.00096185895103929 0.00772446856171811 0.0439026138407748 0.0940669831460743 0.853344075500393
"NA19239.1.C06" 0.00628333603076152 0.0786990298331645 0.134126749927404 0.00056354478451045 0.780327339424159
"NA19239.1.C07" 0.0025298059382089 0.0172572146090897 0.00124343239433533 0.0263597181527041 0.952609828905662
"NA19239.1.C08" 0.00270172668719358 0.0109029030595397 0.00276905824064423 0.0548118424182325 0.92881446959439
"NA19239.1.C09" 0.0469882323726558 0.00126894672190095 0.0243425703203142 0.0123847739841703 0.915015476600959
"NA19239.1.C10" 0.00528924490271599 0.0347376070239231 0.00453759205077224 0.0301157260395564 0.925319829983032
"NA19239.1.C11" 0.0641726871877849 0.00569029429711886 0.0490950119830679 0.0501102149453852 0.830931791586643
"NA19239.1.C12" 0.00119264293353592 0.0294880814345518 0.00239021322682641 0.230279663584662 0.736649398820424
"NA19239.1.D01" 0.000828486304358472 0.0267794446017477 0.017999652521756 0.316484734523741 0.637907682048397
"NA19239.1.D02" 0.00256007138702454 0.0450517796214935 0.0498480823468731 0.0182200912624947 0.884319975382114
"NA19239.1.D03" 0.00190703696793746 0.0120890901389452 0.226444101071844 0.0472928748302747 0.712266896990999
"NA19239.1.D04" 0.034630932367732 0.0219612231682591 0.0183191436527534 0.0931691848853964 0.831919515925859
"NA19239.1.D05" 0.000649674546393233 0.00941345857498308 0.0180711948417115 0.0147626090251547 0.957103063011758
"NA19239.1.D06" 0.142197909535775 0.00116549827627741 0.101723320058142 0.00697821039056079 0.747935061739245
"NA19239.1.D07" 0.0334961761742914 0.00036193958684007 0.0372101069438427 0.18144499770491 0.747486779590116
"NA19239.1.D08" 0.00678622706387447 0.00938317721708008 0.0351764599561392 0.129811786762809 0.818842349000097
"NA19239.1.D09" 0.00235500965741633 0.00441897725858359 0.0132172493425842 0.605506125953637 0.374502637787779
"NA19239.1.D10" 0.000739552620212766 0.0521985685933411 0.04712470468865 0.0224835951118846 0.877453578985911
"NA19239.1.D11" 0.0596245068050156 0.000744399057615591 0.293781860651873 0.0548012105637091 0.591048022921787
"NA19239.1.D12" 0.0269437885886934 0.00261767763037012 0.0977835368514191 0.0352204085806814 0.837434588348836
"NA19239.1.E01" 0.000352353491471775 0.000288670185445789 0.000139567439158124 0.668487696921658 0.330731711962266
"NA19239.1.E02" 0.00994825986610626 0.0166018389765719 0.00204332533512233 0.0751644486704984 0.896242127151701
"NA19239.1.E03" 0.107252563124531 0.00091502434629279 0.0748231385501797 0.0551633492813103 0.761845924697686
"NA19239.1.E04" 0.0189560099660467 0.000622179849746898 0.149578894687116 0.00493332759856481 0.825909587898526
"NA19239.1.E05" 0.0200106554907012 0.00842889958999006 0.135228561790827 0.255405388095767 0.580926495032714
"NA19239.1.E06" 0.0020697877153886 0.054685160691425 0.00707087185386521 0.0156195204559747 0.920554659283346
"NA19239.1.E07" 0.0115734727563365 0.00261545383311656 0.00719229818142588 0.0384788764774617 0.940139898751659
"NA19239.1.E08" 0.00379600709831629 0.00242031571944134 0.00359830043507234 0.0622207791899436 0.927964597557226
"NA19239.1.E09" 0.00231879635883974 0.0274942212685788 0.00171874417041124 0.060544347238263 0.907923890963907
"NA19239.1.E11" 0.0175596099765423 0.0361398761156887 0.0552692581823867 0.0518718590108619 0.83915939671452
"NA19239.1.E12" 0.000512796037313492 0.0141867581190531 0.0010740128442672 0.242957220496228 0.741269212503138
"NA19239.1.F01" 0.0233914890844319 0.00302087606017025 0.0255188653155327 0.062665952712662 0.885402816827203
"NA19239.1.F02" 0.0449806173933083 0.0105017627435329 0.0183935462003147 0.0396039354431113 0.886520138219733
"NA19239.1.F03" 0.0163473092265928 0.0514706063973973 0.066253135747506 0.0989317590386315 0.766997189589872
"NA19239.1.F04" 0.00428029238423492 0.00345529328787525 0.0681566116126486 0.00322831821098787 0.920879484504253
"NA19239.1.F05" 0.00263397788644371 0.000562868036409768 0.0105355917141115 0.513052037979662 0.473215524383373
"NA19239.1.F06" 0.010038467590354 0.0388431835694029 0.00345015315796196 0.0200116173134346 0.927656578368847
"NA19239.1.F07" 0.00273868674815646 0.0666016550646281 0.00715561662637608 0.00376874361093502 0.919735297949904
"NA19239.1.F08" 0.00845668660892002 0.0818271788745966 0.00134800778117885 0.0334688528265888 0.874899273908716
"NA19239.1.F09" 0.00335614901177148 0.0389429092804158 0.111588785551799 0.137613785063906 0.708498371092108
"NA19239.1.F10" 0.0486298076489852 0.00247444275682726 0.190320092378858 0.179690590582069 0.57888506663326
"NA19239.1.F11" 0.00138745875731328 0.000647530502493841 0.360630335325457 0.130595688966238 0.506738986448498
"NA19239.1.F12" 0.00519298880999374 0.0413036786874717 0.0021740686438124 0.0415920206574481 0.909737243201274
"NA19239.1.G01" 0.00134272378576369 0.00287476097546847 0.000354120189637727 0.478025069667937 0.517403325381193
"NA19239.1.G04" 0.0752350692861787 0.0180897683288717 0.00202219074588445 0.00579853394202763 0.898854437697037
"NA19239.1.G05" 0.0427755533725086 0.00688330638015159 0.0182710431707999 0.103910551146046 0.828159545930494
"NA19239.1.G06" 0.00513223062006214 0.0113029523879252 0.0667041963146925 0.00957659816619678 0.907284022511123
"NA19239.1.G07" 0.0109012164339176 0.00322955428350544 0.134121642872711 0.0274323351785976 0.824315251231269
"NA19239.1.G08" 0.0396809732816949 0.00908841305378773 0.0438291944156419 0.00993207127227891 0.897469347976597
"NA19239.1.G09" 0.00811763207065995 0.00297777786224972 0.00784328713923834 0.18266971125016 0.798391591677692
"NA19239.1.G10" 0.000737960906903894 0.0052799656823524 0.00439959485575871 0.22851572245446 0.761066756100525
"NA19239.1.G11" 0.0673039652422949 0.00888208281376898 0.0198920965354977 0.0318161348763055 0.872105720532133
"NA19239.1.G12" 0.000832490255291144 0.0013170100508247 0.00317382316972952 0.395896355769693 0.598780320754462
"NA19239.1.H01" 0.000860200847879851 0.0012399476208863 0.043650772994479 0.315580381452081 0.638668697084674
"NA19239.1.H02" 0.0329302001694751 0.000404431816824788 0.141682840501879 0.226811906081988 0.598170621429834
"NA19239.1.H03" 0.013056990636345 0.00358603508832127 0.000677584755768393 0.304103425700652 0.678575963818914
"NA19239.1.H04" 0.0121381990912018 0.00223826121681078 0.16033037918527 0.136105219487803 0.689187941018915
"NA19239.1.H06" 0.0304904989946734 0.00183533604720638 0.0472194705904489 0.0473906307296742 0.873064063637997
"NA19239.1.H08" 0.0126127263163355 0.000872087208678676 0.188819775188615 0.167430535134969 0.630264876151402
"NA19239.1.H09" 0.11171582122238 0.00140571018692714 0.117170334160421 0.219304250509275 0.550403883920997
"NA19239.1.H11" 0.00519576817689423 0.00195996204540232 0.160445648767231 0.0965152509464762 0.735883370063996
