"1" "2" "3" "4" "5"
"ENSG00000102977" 0.000432374556795409 0.00011081133369133 0.00044464100198879 1.06233890215121e-07 0.000809664665058043
"ENSG00000119640" 0.000819945825580114 0.000528908144292642 0.00033491190930995 0.000359662569908886 0.00190985341312454
"ENSG00000154734" 0.000110487472490829 0.000539044296890808 6.9318091680395e-08 7.01260059865226e-09 1.83876437656439e-09
"ENSG00000088448" 0.000976156551847512 0.00243863756808001 0.000708293090142767 0.000268310402116188 0.00234148918210032
"ENSG00000169188" 0.000443379519106692 0.000184812579064394 0.000380286205345979 5.29921660302175e-06 0.000935883139610586
"ENSG00000134884" 0.000980963366663418 0.00248896504492205 0.00335057419300555 0.00194029782088291 0.00354280178442932
"ENSG00000156802" 0.000909734776475253 0.00105242107335309 0.00152663004453604 2.13407143593016e-08 0.00350448886070557
"ENSG00000138376" 0.0010269436381377 0.000990731441727265 0.001215059452629 0.000689999655650462 0.00106395718909133
"ENSG00000166164" 0.00102634741602478 0.00149011430621745 0.00119424949929858 0.00061182186508978 0.00070818716501958
"ENSG00000170270" 0.000419172145020981 0.000121848012794463 0.000250003590457592 9.37395947698086e-09 0.00050765757583203
"ENSG00000117616" 0.000220125505447172 0.000685913212464876 0.000318847359698551 2.00154635956511e-05 0.0012227504067982
"ENSG00000180354" 0.000115910842741421 0.000112800808591676 6.04464044718849e-05 3.68545650701407e-09 2.46837302029961e-09
"ENSG00000131375" 3.419000492015e-05 0.000283827089902903 0.000398590411817084 2.59931717566669e-05 0.000503837699127903
"ENSG00000106144" 9.79469349510044e-05 0.000567483118083392 0.00139184382678024 0.000161028835889457 0.000523749577025416
"ENSG00000105173" 0.00105246523034749 0.00106184768938841 0.00145712302943486 1.08063540242581e-08 0.000182233578389591
"ENSG00000175305" 0.000245088242269566 0.000178090006855511 0.000180738888642509 4.91773698812833e-09 0.000161180510841254
"ENSG00000164045" 0.000914077434462043 0.000774523557787755 0.00180666633028302 5.80845803019051e-06 0.000170121323550492
"ENSG00000094804" 0.00276332290024293 0.00191226275996212 0.00226595850244481 2.1510647191211e-07 0.000999159332716285
"ENSG00000144354" 0.00132735027615119 0.00113873009095668 0.00149966672617774 0.000290158334964057 0.000435731190104318
"ENSG00000164649" 0.00276763208062714 0.00137543221264502 0.00121656870981081 0.000803039955371937 0.00117455427982635
"ENSG00000166037" 0.00157286460945164 0.00172148704982203 0.00173024814216297 0.0014782271622745 0.00339080436569128
"ENSG00000167670" 0.00123300560485033 0.00160750045870002 0.0021031216431177 0.000303905657071601 0.000289644299751091
"ENSG00000159259" 0.000588245355197411 3.55686061050628e-05 0.00056223987920356 1.45160456076513e-06 0.000216636802131326
"ENSG00000092853" 0.00279261126503309 0.00225865059921748 0.00385572891303042 6.31852949975114e-06 0.000793771456783837
"ENSG00000137504" 0.000215154889998087 0.00157801919204271 0.000498727124714636 2.66507415341199e-05 0.00126576091145517
"ENSG00000117984" 0.000319319057508776 0.000989846411836637 0.00134306491637641 0.000224380522697162 0.000328569939196858
"ENSG00000083520" 0.000639314604418343 0.000851275055763234 0.00127136542435617 0.000290872763451016 0.00157846831219195
"ENSG00000102580" 0.000272578872363014 0.00114194888047928 0.000882505767900475 4.15685057710144e-05 0.00273347729797185
"ENSG00000159147" 0.000213054750828875 0.000309205680803222 0.0007768031755168 1.11927893823479e-07 0.000485003336718103
"ENSG00000136982" 0.000941529858139574 0.00125118186939441 0.000758748259220009 1.4348925574848e-08 0.000136294620187869
"ENSG00000143476" 0.00165611225539553 0.00130088378197045 0.00135523990525987 7.20450480957641e-09 0.00105120807490765
"ENSG00000101412" 7.90936068392406e-05 0.000239863635801334 0.000319609492258574 7.85193387578232e-05 0.000171597877568869
"ENSG00000144895" 0.00107180154152216 0.000923096173629749 0.00150191613765063 0.00127796026527538 0.00374494354513348
"ENSG00000139684" 0.00327081593195098 0.000438332997563739 0.00153682327333924 0.00184543838996463 0.0040507890706865
"ENSG00000154124" 1.95192127767922e-05 0.000182572505664712 0.000305483521194035 0.000252019372899234 0.00100756744005339
"ENSG00000187866" 0.000188040885501175 0.000206650569695176 0.000235148504698762 6.22139655236934e-05 0.000336865077275043
"ENSG00000160688" 0.00261819721414885 0.00258063645463986 0.000534739312979526 3.06336259623384e-06 0.000792040009960671
"ENSG00000131153" 0.00338627677878399 0.000890425396012566 0.0046941069661172 4.51221152236435e-05 0.00180662467900847
"ENSG00000181938" 0.000423094804893712 0.000260202951602973 0.000264855028347738 9.37132591326642e-05 0.000138081558271377
"ENSG00000112312" 0.00491311129168696 0.00257373671407893 0.0045365444813756 0.000832822682383821 0.00122660326742156
"ENSG00000119969" 0.00871549317842701 0.0143185277904922 0.00661775301610232 0.000102858437727658 0.00310392444159205
"ENSG00000182742" 1.81283105873061e-10 2.77626445417909e-10 3.32972674083186e-10 7.61557248048518e-10 0.000275714782072271
"ENSG00000174775" 0.000171717136825257 0.000186368134489081 0.000449451609373897 1.52041002249933e-08 0.000166977122468681
"ENSG00000025156" 0.000359454752424839 6.82966102466977e-05 0.000662091885090309 0.000355655071573541 0.000244360239123072
"ENSG00000171105" 0.000348369081341254 0.00140886980433786 0.000243950690648539 7.48470694937867e-07 0.00127977971310908
"ENSG00000164941" 0.000673989208505908 0.000915476456340703 4.53281145741862e-05 1.3906804966439e-08 0.000661745919641494
"ENSG00000116679" 0.00247321213638676 0.005191236318525 2.08795699016519e-08 0.000153183777432844 0.00274701095881172
"ENSG00000168116" 0.000333701362175322 0.000266559620344689 0.00145223497363433 0.000652321036778865 0.000780118302230524
"ENSG00000113441" 1.70103626052673e-09 3.03322437345749e-09 5.93390454480791e-09 9.77931585050066e-09 0.0047658518628752
"ENSG00000108848" 0.0069531901074325 0.00972428785684041 0.00409420845395555 0.000712584010832095 0.00750389808168425
"ENSG00000073111" 0.00109269491344629 0.000971105224832577 0.00338935559093823 6.56420625790319e-08 0.0018136632559197
"ENSG00000104738" 0.00343943582649697 0.00337002181779955 0.00776171863415072 3.14166420537842e-08 0.000420740394485659
"ENSG00000100297" 0.00183654189649613 0.00139244316583601 0.004083694632694 6.59301924128593e-08 0.00227098811323426
"ENSG00000076003" 0.00258095799675283 0.00175392604372572 0.00349300012281194 7.52288911642279e-09 0.00148305349783408
"ENSG00000111554" 0.000143406009079451 0.0001119996922022 0.000347782497947665 1.24714871862318e-07 0.0002470306451167
"ENSG00000108590" 0.000875819585791948 0.000325237831274945 0.000361702792761431 0.000425653176657618 0.00114048689360211
"ENSG00000037757" 0.000136009757403133 0.000126017204491544 0.000146760145323792 1.03764874029079e-05 0.000195974789339274
"ENSG00000095002" 0.00513347701580587 0.00442546641713833 0.0038286963604637 0.000914966693095257 0.000285646129091287
"ENSG00000132780" 0.0122364071659591 0.010144880743065 0.0112064566702791 0.00209084317825282 0.00133227312883318
"ENSG00000114857" 0.000615093206538652 0.00477620137719336 0.00349411744552064 0.00135163215611285 0.00445409218393769
"ENSG00000149308" 0.000153745318479147 0.00108347880855234 0.000803994231791336 4.38437220598092e-05 0.00145372310554059
"ENSG00000120253" 0.000652759768599453 0.00067475655759085 0.00124588214517148 0.000671654924500839 0.00047227099622752
"ENSG00000085840" 0.000392901880616938 0.000585739396729732 0.00109041536392062 0.000138510628155575 0.00051883434375346
"ENSG00000079156" 0.000101620999279389 0.000171924490124645 6.8870850618761e-09 5.8667779334674e-09 1.80597827714356e-09
"ENSG00000125779" 0.000485816859239672 0.000921059473659443 0.000945439926398119 9.67517719869304e-07 0.000754021439117083
"ENSG00000169851" 3.24050796812402e-07 0.000225389547125717 0.000356684602912788 9.10804857533035e-08 3.19185599694299e-09
"ENSG00000132646" 0.00491244337034192 0.0038919866047171 0.00847645636251322 2.83109481040783e-05 0.00420614703430715
"ENSG00000182378" 0.000168490922227296 0.000240320896917724 0.00020744785309076 0.000236612308170143 0.000342441631391215
"ENSG00000064933" 0.0014705478558721 0.000986452312217377 0.00215741806450524 0.000225890226758594 0.0010926561615522
"ENSG00000100941" 0.0034206647096827 0.00912939769172138 0.00488693705402382 7.7723028076918e-05 0.00415451997950295
"ENSG00000077514" 0.000981232023332934 0.000637417880993042 0.00225260125450094 8.72314920980683e-07 0.00176667696890856
"ENSG00000112210" 0.000149462291400159 6.20588230937374e-05 1.24865401864395e-08 3.81436837081067e-08 1.77075799394343e-09
"ENSG00000160957" 0.00017032250882684 0.000309895633180949 0.000288537609481886 0.00018771504575217 0.000103127004670468
"ENSG00000175643" 0.000706568097541419 0.000589966184325111 0.000524637020000269 3.50269988208685e-05 0.000355291702716468
"ENSG00000125352" 0.000108002501545546 1.74317443935222e-05 7.73206912119089e-05 7.50918786674467e-09 0.000622423916923827
"ENSG00000185946" 0.000294655257718833 0.00081285230698444 0.000392354305037113 0.000419389947577861 0.00140419563134543
"ENSG00000008952" 0.00563061836332109 0.0116437167859563 0.0085616215379071 0.00200322373790305 0.0132672218294304
"ENSG00000145604" 0.00101469636591281 0.000945906592974362 0.00167671976729296 0.000103363030065795 0.000341775166571853
"ENSG00000163950" 0.000439070497516182 0.0005670977353397 0.000973513093934886 2.16097083038242e-07 0.00137167016173463
"ENSG00000114120" 0.000950284517064468 0.00166534552224247 0.00166418015707024 2.69003256243656e-05 0.0053707383075604
"ENSG00000115875" 0.011918667336832 0.00564691533806769 0.0138985495717369 0.00482716100452606 0.00378284124296078
"ENSG00000114850" 0.00299585248392344 0.00378649721250043 0.0036724574907579 0.000627927523719533 0.0107294988556543
"ENSG00000172660" 0.000659024195492947 0.000864563753024447 0.00056208187559329 0.000492799828213179 0.0006172056343429
"ENSG00000075131" 0.00184955387548499 0.000526207606715962 0.00223387829037008 2.55743680970774e-05 0.00109049563146969
"ENSG00000163781" 0.00056022242257717 0.00095779619901453 0.00109553594151266 0.000724377903932484 0.00144256942868865
"ENSG00000164548" 0.00145471462757922 0.00142135034984041 0.00277018282657329 0.00063750312302705 0.00392651449237842
"ENSG00000163728" 0.000171189224914351 0.000772205242087931 0.000796711119031305 0.000282952718357193 0.00107926304295111
"ENSG00000012963" 0.000590510162435622 0.000293177376513172 0.000915961157886295 0.000324240603830915 0.00209132363092878
"ENSG00000076248" 0.00144922070350437 0.00112629076945476 0.00443163737347374 2.46970760213922e-06 0.000213325024695757
"ENSG00000145390" 0.000181268760391862 0.000442274126312477 0.000204266461134998 2.01026597123163e-05 4.31737837469863e-09
"ENSG00000163159" 0.00179383092439725 0.000714073205125666 0.000692061236960537 0.00143542824629177 0.000442866651852453
"ENSG00000092470" 0.000261671928966943 0.000211255140841907 0.000268343971514921 5.63863114287180e-09 0.000234863622246135
"ENSG00000165724" 0.000188576505881266 0.000242099516086125 0.000568617294284971 1.92533747548615e-08 0.000167424358639797
"ENSG00000165244" 0.000109843838284713 0.00024956733655583 0.000302907258120922 2.85700250921601e-05 0.000255283592124079
"ENSG00000132485" 0.00539590315145677 0.0057068302895667 0.00663627091682305 0.00070298685642776 0.00706044727292579
"ENSG00000114770" 0.000208006995733304 0.000812472182284957 0.000806087172953608 7.93349250440786e-09 3.39547443006062e-09
"ENSG00000144827" 0.000423683309416827 0.000153546970510381 0.000603473589456229 0.00037634915282895 0.00093171904860044
"ENSG00000180071" 2.90828319327278e-05 0.000185259308419271 0.000369790479221621 5.60026377939613e-05 2.41103268356354e-08
"ENSG00000105011" 0.000332490816333379 8.51200643580156e-05 0.000504570188963497 0.000202627921863979 0.00110222816522576
"ENSG00000125124" 0.000171166418087261 4.03871356454473e-05 1.08267888838104e-06 0.000265344985844936 4.76712332208264e-05
"ENSG00000134897" 4.31170362901506e-05 6.90677892250149e-09 0.000107808585919397 8.27213465421846e-05 0.000811088324879542
"ENSG00000197299" 0.00082559338009186 0.00125392446771574 0.000687611395117477 0.00073455162155544 0.000352139937491578
"ENSG00000168283" 4.73754120735056e-05 2.79833460840755e-05 3.13457736331817e-05 6.47892235602924e-08 0.000524476779515173
"ENSG00000012048" 0.000531290739264946 0.00112671932019326 0.00170298899722971 0.000637655418320434 0.00132065808405097
"ENSG00000136492" 0.000187906747317115 0.000425439485085959 0.000576964296968379 2.08042810775165e-06 0.000357952684263041
"ENSG00000165490" 0.000258687231545464 0.000446364949121549 0.000886110951707535 0.000488579742228719 5.73528638468364e-05
"ENSG00000197603" 8.9323424145133e-05 0.000226412867020853 0.00044331840106856 2.30273028075906e-06 0.000370485189588843
"ENSG00000122786" 0.0036161798189981 0.00555573100859421 0.00426724577157136 1.68698644583646e-08 2.28626630012795e-09
"ENSG00000143933" 0.00227486397941706 0.00422995634819643 0.00734529524371086 0.00639838034650515 0.00295284524961443
"ENSG00000175455" 0.00077335256625853 0.0022911532314116 0.00156093235300026 0.000753414604352082 0.00114417175501033
"ENSG00000144395" 0.000115811751954611 0.000608379046005667 0.000760713815630973 0.000707946062426082 0.000157120340250121
"ENSG00000186166" 0.000128326236979132 0.000854919549191416 0.000762996999684677 0.000180844665635074 0.000621763930310858
"ENSG00000093009" 0.000302561109411175 0.000445628307360269 0.000745061340962875 2.96005634288341e-07 0.000246119254742876
"ENSG00000097046" 0.000966450384609613 0.000777331026042239 0.00166661653358359 0.000945267068396483 0.000618626795600006
"ENSG00000146670" 0.000282538987116221 0.000948892282547831 0.00212459920487469 0.000652124484297777 0.000790510566134476
"ENSG00000168564" 0.00030423278264573 0.000293703572503458 0.000491951251829743 1.99517729149853e-08 0.000527634268603526
"ENSG00000100162" 0.00109970975762093 2.06772473531039e-07 0.00118761363670363 0.000706920486611226 0.00182470117090151
"ENSG00000031691" 0.00181293008275502 0.00155234313945065 0.00111668051327722 9.67429444763093e-08 0.000595990644917519
"ENSG00000172292" 0.000282216247947225 0.00122030143865056 0.0006334826647346 0.000519906726263576 0.00250611716095147
"ENSG00000203668" 0.000608397553534892 0.00468452033278941 0.000628010879283395 0.000252590583185635 5.55649896090027e-05
"ENSG00000088682" 3.76223541444358e-05 0.000279128046552709 0.000249822057935555 0.000337078114437571 0.0004026146325594
"ENSG00000139117" 0.000233670341400296 0.000285847393584654 1.62221153038784e-05 0.000197335165430821 0.00175332049262456
"ENSG00000088766" 0.000671057310042845 0.00104340374865614 0.00112464456830499 0.000297146127552175 0.00161910287301715
"ENSG00000163257" 0.000505561892429424 0.000730879117315836 0.000905727222352624 0.000370950550587287 0.000192809358430554
"ENSG00000121690" 0.000252235316827099 9.17705649941697e-05 1.21849218319053e-08 0.000103428740702745 4.09293390483882e-05
"ENSG00000138346" 0.000569039799510923 0.000903413459418551 0.00080918390802449 0.000632284250064508 9.73224240989301e-05
"ENSG00000162616" 0.000321305071788047 0.000270852782762269 0.000432019466023972 0.000155184861192497 0.000559829302069285
"ENSG00000135720" 0.00260312699274286 0.00210702289286105 0.00196938136130608 4.38144122021038e-05 0.000884790478737697
"ENSG00000129173" 8.52295483337148e-05 0.000101072196454586 0.000508120864273308 2.28637935540263e-05 0.00018143579065647
"ENSG00000148730" 0.00274239441007108 0.00341811112239895 0.00235831013392784 4.71154759415261e-05 0.00182871578246891
"ENSG00000132199" 0.000452445120755597 0.000606031854948647 0.000613114130352554 0.000629748757582485 0.00203704738192395
"ENSG00000171320" 0.000629850113874863 0.000682445216731182 0.000719603936241817 0.000300981065404809 0.000504446011677231
"ENSG00000174371" 0.000706118387384484 0.000966366227454448 0.000256846545813388 1.64583275124712e-08 0.000337284814630749
"ENSG00000106462" 0.000982760657159264 0.00137092711220909 0.00229759556863414 0.00070016376540936 0.00141328796513925
"ENSG00000119906" 0.000335075544176112 0.000850406980538017 0.000736120661941909 0.000437821409763938 0.000821803181483592
"ENSG00000187741" 0.000142305735586366 0.000581318156036402 0.00039311928900416 9.63405598911439e-06 0.000210957239321813
"ENSG00000140525" 0.00104566615269767 0.00160913920203589 0.00139285064616039 0.000529732807704809 0.00112282386521478
"ENSG00000168496" 0.00088074095927374 0.00115918116195398 0.002241451284732 1.57390021358183e-05 0.00118674276694116
"ENSG00000023909" 0.000256547096530232 0.000396010411413779 0.000913561488560878 0.00120169951546429 3.57462650777677e-08
"ENSG00000175265" 5.34600468471828e-09 0.000332133976182011 0.000289949252521866 0.000385373773955413 0.00321872378070851
"ENSG00000215252" 1.14231190579083e-05 0.000595522981537543 0.000251567109022455 0.000307256278595602 0.000930077943399702
"ENSG00000189060" 7.65315335860954e-05 9.71354990586062e-05 2.64301935489023e-05 1.3422901320069e-08 4.65244678754474e-05
"ENSG00000180573" 0.00118519426199402 0.000903265428211371 1.44424668015613e-08 6.4287977003503e-09 0.000664901651026766
"ENSG00000124529" 0.000432794946945455 6.97161486269207e-05 5.72357182197953e-05 9.13046100117017e-09 0.000927624878271257
"ENSG00000143493" 0.000391113406584026 0.000487377946380317 0.000369286529954928 0.00026292887518741 0.000778363125010271
"ENSG00000108773" 0.000111939480772247 0.000552491007415934 0.000445631318277427 0.000579091914161738 0.000207445966629152
"ENSG00000114166" 1.0548793819118e-08 3.99146804597417e-09 1.28528789651837e-05 1.29164282090149e-05 0.000462172397962557
"ENSG00000134901" 1.23875444212449e-05 0.000363164784712256 0.000438728339023976 3.16710964355201e-06 0.000171073816227078
"ENSG00000187164" 0.000321933055350131 0.000654930671234304 4.08744791685376e-08 8.18049118921128e-09 1.86461583858193e-09
"ENSG00000143013" 0.00275174435131647 0.00273567818870471 0.00207076298021105 0.00131026502813422 0.00390807112893078
"ENSG00000186687" 0.0006652344968295 0.000737803587998334 0.000252654645065138 0.00126058257610101 0.00080570875469019
"ENSG00000198162" 0.000295282437775695 0.00109806423133432 0.000393701711645623 0.000328080027309497 0.00181886179934127
"ENSG00000169967" 0.000353128827669623 0.000850648873304788 0.000692433024769345 4.77501341257243e-05 0.00221389889550638
"ENSG00000120539" 0.000323355728009998 0.000736138490661578 0.000654383763041937 0.000211683954570834 0.000529013173164178
"ENSG00000129071" 0.000954303145570773 0.000692463146358091 0.00048421127117042 0.00119794974454189 0.0020558165037004
"ENSG00000125885" 0.000335484112333443 0.00098135710455397 0.00101357407331664 0.000227004134419024 0.000822338377965658
"ENSG00000151725" 0.00219212697393882 0.00120688007728278 0.00307143925074004 0.000157746397450908 0.000737848693329208
"ENSG00000005810" 0.000357229306220424 0.00162049125447137 0.000339877283499465 0.000645157382049557 0.00675412716823917
"ENSG00000138386" 0.000302672437611703 0.0010142163965266 0.000278710101187493 2.45095104095961e-05 0.000702889075792851
"ENSG00000078618" 0.0018546695217239 0.00279412162985732 0.00261287576474612 0.00166194821978532 0.00424712463635497
"ENSG00000178694" 4.59224135014047e-05 3.92786499487546e-05 5.71514456493639e-05 3.12402633157017e-05 0.000311867027646486
"ENSG00000178425" 0.000828831684994749 0.000855759606379182 0.000697159822222683 0.00113641841089942 0.0031483468948242
"ENSG00000030066" 0.001465636559076 0.00243754119714505 0.00236640905726455 1.65735579637267e-05 0.000279952301262633
"ENSG00000147162" 0.000148398602490671 0.00343857767458887 0.00124622736407537 0.000562126156321032 0.00354778200088954
"ENSG00000135336" 0.00234001222724995 0.00111497580048242 0.00218112968180839 0.000320924751518747 0.000901958565122711
"ENSG00000164823" 0.000153993280894528 0.000261356591160291 0.00039887284657511 0.000325912264902926 0.000983315871930369
"ENSG00000146247" 0.00194208059615427 0.00758215928800193 0.00355300944691008 0.00233008459623591 0.0058036238184909
"ENSG00000116793" 5.64887137792312e-05 0.000645566932092395 0.000904713081951072 0.000405656107762294 0.000466579753006948
"ENSG00000006576" 0.000199481619752484 0.000689832015548455 0.000399965626329594 0.000114865234569743 0.0023341279955767
"ENSG00000127564" 6.17497519928415e-05 9.46862720438596e-05 0.000120993631020634 8.89724401094528e-09 5.9666299064213e-05
"ENSG00000101868" 0.000505236635660415 0.000437898395714392 0.000982733258189362 0.000897835453577298 0.00066575555408836
"ENSG00000198056" 0.000369349379886661 0.000551021430935642 0.00033623225394835 2.29202681069431e-05 0.000542703084896549
"ENSG00000188647" 0.000414263475674283 0.00210245971602688 0.00132062999602625 1.89680454164024e-05 0.000653377531825578
"ENSG00000070950" 0.000574815777889918 0.000406995774517823 0.00100401274428543 0.000383918887854925 0.000716695615524746
"ENSG00000051180" 0.000613023807681452 0.000242510629074033 0.00077016378216235 6.42487931099572e-08 0.000562828984846979
"ENSG00000111247" 0.00199138240048155 0.00173804642400622 0.00218956880203619 0.00167907917651147 0.00241138101550179
"ENSG00000101773" 0.000607428033852664 0.00240230001816581 0.00181169331793797 2.97968117489012e-05 0.0014692231479501
"ENSG00000068615" 6.19136555363872e-05 2.00942302327195e-06 4.9366511116419e-09 6.90603863832966e-08 1.76582513465698e-09
"ENSG00000049541" 0.0016623970561141 0.000223029870952902 0.00178065384485481 1.78646586149466e-06 0.00146642292341331
"ENSG00000164292" 0.000216283900072705 0.000129809120798916 0.000767832398961235 0.000360835045470837 0.000190810779164342
"ENSG00000178966" 0.000835526333890763 0.000882706383547407 0.000980762882493393 6.55415943984252e-07 0.000441073863050989
"ENSG00000117748" 0.00216734510553348 0.000248674036223736 0.0037174824962605 0.00154577972314872 0.00314215737830519
"ENSG00000167325" 0.00258083408488705 0.00254270325083733 0.00288508002272632 0.00147372966131972 0.00463444673113846
"ENSG00000171848" 0.00202786770429108 0.00130288973374836 0.00558636542185778 0.000998282767871111 0.00918060102442129
"ENSG00000111011" 0.00402129242836116 0.00312903606592133 0.00162138979565629 0.0023169552520474 0.00503989254482105
"ENSG00000161526" 0.00189909100985075 0.000517096709840709 0.00137361739409503 0.00141533468304171 0.00138427055797281
"ENSG00000134294" 0.00370255598044976 0.0108187346377122 0.00187172187753373 0.00323210515713733 0.00409888105231966
"ENSG00000185591" 0.00104035173034989 0.00118636098156599 0.00131991028031733 0.00010962077103066 0.0012513323818523
"ENSG00000100650" 0.00222568179160604 0.00154351342698952 0.00624996304735268 0.00283547121887136 0.00704698334176068
"ENSG00000198168" 0.00109755842834669 0.000451664302831864 0.000982882860950494 3.63063971214404e-05 0.00433602024620139
"ENSG00000131747" 0.00450058583153828 0.0114766402489497 3.98505273583965e-06 0.0432288895200335 0.00215163816472503
"ENSG00000115282" 8.65074079243912e-06 0.00010679687355164 0.000348184532344384 0.000322726201904984 0.000174161619540872
"ENSG00000137941" 0.000138037073363005 0.00033402664285925 0.000363093037964953 2.17910376486054e-05 6.07229996275139e-05
"ENSG00000176890" 0.000616804491288448 0.000627422069293427 0.0016667678195264 0.000822462375702695 0.0041442680358127
"ENSG00000077152" 0.00306922199869111 3.31547865054616e-05 0.00483854926358505 0.00280357280632681 0.00226204214729663
"ENSG00000122042" 0.000152872269389452 0.00086009216653759 0.000461712969075413 0.000260137165737179 0.000734824693095333
"ENSG00000162607" 0.00145322030569354 0.00185531857325475 0.00371100339189923 0.00127867884905077 0.00182805924475491
"ENSG00000122952" 0.00198366904154651 0.000714170402510946 0.00324057562940629 0.00265992079082481 0.00253217350120344
"ENSG00000011426" 7.50905115899354e-05 0.00200537767247646 0.00110096652922065 0.00155756183316624 0.000114010661403932
"ENSG00000065000" 0.00117857253400676 0.00220427988760122 0.00268599814184489 0.000258161723163204 0.00208617099841951
"ENSG00000213390" 5.8566034353875e-05 0.000145889632565773 0.00051313342104494 0.000890239133507904 0.00070627406178684
"ENSG00000122644" 0.00131556583356112 0.00115968631258953 0.000467131943655112 0.000386903771088101 2.56726018187331e-08
"ENSG00000104442" 0.000552473068181556 0.000988985254320854 0.00144690451741377 0.000321639571329352 0.000742008966382405
"ENSG00000171456" 0.000137969750296185 0.000260708692778447 8.82120579175754e-05 0.000499748019611522 0.00222510298528183
"ENSG00000119787" 0.000214117588570396 0.00110054891087895 0.00106541052507781 0.000746272616132578 0.000499360295721424
"ENSG00000178999" 0.00253197692806226 0.000986246829529798 0.00196652949911638 0.00744198932623926 0.000914174788676219
"ENSG00000029363" 0.00373131634811371 0.00501671847398247 0.00939723883546311 0.00341440567722345 0.00346013033581298
"ENSG00000136122" 5.11004256286363e-05 0.000121803549234187 0.000149870536712159 0.00129368430032407 0.000395700659950979
"ENSG00000112983" 1.92713165569732e-05 0.00124745090460839 0.00162053668853934 0.00212525380210701 0.000340217010136832
"ENSG00000154473" 0.005949270167518 0.00152693325935459 0.00694316024349413 0.0210693065284247 0.00754639070976218
"ENSG00000185347" 9.92003152118651e-08 0.000164947269563277 3.25589558463582e-05 0.000123419458580479 4.26409437295312e-05
"ENSG00000178074" 0.000814173845451438 0.0016595328429372 0.000740390908701554 0.00145468198172404 0.000364666826916474
"ENSG00000164305" 0.00242597019885906 0.00169302005983286 0.00115900120473579 0.00094459247463524 0.00220344111888255
"ENSG00000094916" 0.00574836425075395 0.00565676650079842 0.00794166740314532 0.00566194325069717 0.00234248210633801
"ENSG00000159884" 2.84047387297838e-05 1.79155291850822e-05 3.6106894511087e-05 6.27762191511509e-07 1.17394187468224e-05
"ENSG00000145386" 0.000520883821472567 0.000339275555558463 0.00222899478693404 0.00308134282213618 0.000821516175540281
"ENSG00000162063" 0.000114674878326157 0.000391329477257846 0.000431953480506644 0.00109979743997085 0.000422679323764996
"ENSG00000130177" 0.00117972690817564 0.00143062451280269 0.0015195348418508 0.000748324924187439 0.00107938031050701
"ENSG00000158402" 0.00028314536382337 0.000104899883985151 0.000571973427392989 0.00180368326174627 0.000204646315440571
"ENSG00000184661" 0.000318497756959993 0.000858566866572074 0.000746226836995834 0.00337072907357471 0.000510564694439604
"ENSG00000111665" 0.000527374209157938 0.00029241820593935 0.000299119791689054 0.00393422589361108 0.000928762231100328
"ENSG00000134690" 0.000535989411429321 3.2437985977402e-06 0.000433065243748387 0.00421063836455874 0.00118000178836252
"ENSG00000170312" 0.00221018296940648 0.00150768940146595 0.00012430345066151 0.0158929629428342 0.00183951379902048
"ENSG00000111276" 8.13413144395452e-05 0.00010028473548567 0.00045314475859513 0.000730846141626106 0.00153991452021718
"ENSG00000123080" 1.81836240388537e-10 2.78211227553949e-10 3.27205481154674e-10 7.77063960772206e-10 0.000574404814840957
"ENSG00000140743" 0.000142786817432715 0.000376556629516026 0.000283556999449368 0.000191441049623964 0.000641990355046917
"ENSG00000120334" 0.000351875653880426 0.000610218275208229 7.12919463820498e-06 0.000920456679541392 0.000366567119102797
"ENSG00000135837" 0.000530711951447921 0.00410508606164034 0.000754527075135998 0.00158100811920045 0.00361370436282609
"ENSG00000197766" 2.62282349314132e-05 4.69351732961698e-07 1.63405138763108e-09 3.39903306141707e-05 4.58484346778857e-09
"ENSG00000003402" 3.09192320178892e-08 6.58259701918941e-09 5.65992081798819e-05 6.7383013869718e-05 0.00738288729907309
"ENSG00000183765" 0.0013487613834641 0.000591565844647303 0.000787552466309097 0.00105911801200498 0.00023547844579129
"ENSG00000136108" 0.00119745759976904 0.00084533777869521 0.00287570569088025 0.00709056825063132 0.00171566593817316
"ENSG00000169607" 0.000209086855354037 0.000360740504997855 0.000423332670338864 0.00341483888237281 0.000333017178220283
"ENSG00000105443" 0.000177331974319099 0.000431010872648204 0.000429287779668678 0.00054074751465977 0.000346534845313656
"ENSG00000136485" 0.000874219263107135 0.000826184557397968 0.000748010459050578 0.00329561723571434 0.00291511887205602
"ENSG00000067596" 0.000697548032366883 0.000803045225652932 0.000977155640611376 0.000794656334152288 0.000676302309095623
"ENSG00000132002" 0.000407845108503247 0.000474590778205982 0.000943537816586266 0.00120446721856248 0.000518366146864702
"ENSG00000187097" 4.66535403954528e-05 4.96217419236867e-05 0.000184812232583763 7.82488059632518e-05 0.000196630958509115
"ENSG00000135476" 4.18997366682594e-05 0.000664483562911304 0.000462386375988059 0.000540724923194414 0.000441917499175419
"ENSG00000168040" 0.000810475028270248 0.0002970026531943 0.000424109591392415 0.000366899221196231 0.000885558224279253
"ENSG00000101447" 3.63488207269457e-05 0.000753692384037528 0.000542943928189011 0.00219907904387641 2.46112039981835e-05
"ENSG00000198690" 9.80730631271257e-05 4.76856381495862e-05 0.000273450195621177 5.42369729898379e-08 3.85385474543779e-05
"ENSG00000144554" 0.00113356744890874 0.00127273210500755 0.00167549737193575 0.00189651714698221 0.000824676167294161
"ENSG00000092140" 0.00151916809436573 0.00215667892115323 3.0406612902657e-05 0.00549868568837348 0.000323397748503165
"ENSG00000104064" 0.000784115805055929 0.000578626848946193 0.000938144204919667 0.00079314295521784 0.00050501369148465
"ENSG00000180447" 9.34610091629297e-05 4.43690491502536e-05 0.00013747295704176 2.03802240198393e-08 1.79948336392236e-09
"ENSG00000139354" 8.83034436844723e-05 0.000126261079560503 0.000240060444055112 0.000842481521217599 6.81406781163788e-05
"ENSG00000188486" 0.000132333646946327 0.00064962100093359 0.00149201505346626 0.00170753841201848 0.000263875801358576
"ENSG00000131351" 0.000506148658759316 0.000221252864133275 0.000453996212305572 0.00166704281675978 0.000507979477210849
"ENSG00000111911" 4.99260867948582e-05 1.55978468347033e-05 0.000432224587350667 0.000295231038375022 0.000713992595520532
"ENSG00000064393" 0.000168261479378636 0.00188365852775285 0.00286384518545456 0.00105786267600956 0.00563761927673288
"ENSG00000123485" 0.000171068282503468 0.000647655598474213 0.000545335243591304 0.00446709931998028 0.000713844041604169
"ENSG00000164104" 0.0069527405500977 0.00171793997234289 0.00678484030457936 0.0205720011602141 0.0148708359715495
"ENSG00000189159" 0.00466023433497739 0.000699399952025484 0.00517645176202171 0.00612666907130389 0.000973986365189307
"ENSG00000127483" 0.000698705174370407 0.0016052793858146 0.00172434415928643 0.00295502622842975 0.0041118795283578
"ENSG00000132541" 0.00291276020024205 0.000773132371680153 0.00218657927675476 0.00109202212373256 0.00214832409700499
"ENSG00000142166" 0.000295899637187778 0.00028082541022446 0.00024928402017095 0.000668126939693032 0.00121984079054424
"ENSG00000183856" 3.45065656086444e-09 0.000409069973858165 0.000408359143844418 0.000371979630590742 0.000109384064722067
"ENSG00000186625" 0.000505216307614644 0.000321670580778456 0.000317004341046816 0.000992494579804758 0.000914965442939774
"ENSG00000104756" 0.00013806803632744 0.000157260104202738 0.000179124058886671 0.000746757211160876 0.000323218027181611
"ENSG00000066135" 0.000730811145527848 0.00102882431029327 0.000421158439752932 0.00133471229812636 0.000638856859974842
"ENSG00000163507" 0.00047398301771607 0.000947467197521806 0.00107459111651851 0.000885913150304147 0.000391467228881415
"ENSG00000138160" 0.000356424716388975 0.00100245271655726 0.000721370863356844 0.00300030302747487 0.000623572414703107
"ENSG00000138182" 0.00242489318581048 0.00591689858251243 0.00248586312295775 0.00610673167141041 0.00361243262014264
"ENSG00000079616" 0.000910994884530894 0.000257128426078086 0.00232530351220345 0.00292809111610684 0.00118661148554567
"ENSG00000137807" 0.000455245366813102 0.00105458521806584 0.000633287606059754 0.00610678598326934 0.000269444562265215
"ENSG00000170759" 0.00102285058711204 0.00295528454502925 0.00225217064421611 0.00338406917817867 0.00270926817363363
"ENSG00000067082" 3.96727271516812e-09 2.59238307312978e-08 0.00107174476199323 0.00263494638711908 0.00991095460791655
"ENSG00000182481" 0.00986325871200125 0.00442130353725465 0.00467821073275757 0.0348919267710119 1.02129318987141e-08
"ENSG00000143815" 0.00148798419247889 0.0040647995591671 0.000906554312558292 0.00235817693045791 0.00220342585043072
"ENSG00000152022" 1.51876770640545e-09 1.74494449872537e-09 0.00015206937494856 4.01813614648174e-05 0.000801578693461983
"ENSG00000113368" 0.00201227192969596 0.00232379894244367 0.00398533357481791 0.00287698241216913 0.00220575327362471
"ENSG00000164109" 0.00485032608897577 0.00110963977823019 0.00480691157837587 0.00553258934683239 0.00271778172548736
"ENSG00000165304" 0.000790615686734222 0.000672256014125579 0.00110303249928673 0.000907998163994119 0.000613151276303999
"ENSG00000168282" 0.000115956113363849 0.000698191642211537 0.000579764967518184 0.000417563530326721 0.00131139212358362
"ENSG00000101871" 0.00115420222408762 0.00146401683835014 9.93516587644278e-08 2.28157417699825e-08 1.83059416798698e-09
"ENSG00000129534" 0.00205680861631326 0.00263616767538681 0.00137389706249406 0.00378102780293015 0.00412092464207264
"ENSG00000121211" 0.00135240827675193 0.000255662485217895 0.00125374733863269 0.00114580890943961 0.00117294428600575
"ENSG00000151503" 0.000327002810615637 0.000561140874014372 0.000924654172595266 0.000672793631858225 0.000404789093237716
"ENSG00000121152" 0.0004600621065401 0.000753972363444047 0.00188800243803346 0.00255196652568498 0.00133376778071039
"ENSG00000124160" 1.1322114862963e-05 0.000548978839573131 0.000927602876771098 0.000737104355837357 0.000348948753621278
"ENSG00000080986" 0.000965524124028331 0.000732912344406693 0.000455476485108142 0.00525286144637416 0.000777934474455291
"ENSG00000109674" 0.000179593954861546 8.59324351648128e-05 0.000102747140541261 0.000309594415813213 0.000139577718877468
"ENSG00000141905" 3.8151652098216e-05 4.9215094604215e-07 0.000161092978705453 9.55612997920063e-05 0.00117856364185379
"ENSG00000164190" 0.000678685065421593 0.00302799249344364 0.00249986239900415 0.00162192729914293 0.00288451490594838
"ENSG00000197696" 0.000202600852917827 0.000151818054570651 6.57918455879516e-05 1.09613155478343e-08 2.38666263667791e-08
"ENSG00000113580" 4.25502490622466e-09 0.000302887302197935 0.000445980824894856 0.000790060636496786 0.00917103810531251
"ENSG00000069275" 0.0153045029652176 0.0247935233872459 0.00829660149451245 0.00772816775667518 0.00513922732888462
"ENSG00000137497" 0.000170526013384978 0.000340629719859163 0.00030052878124181 0.000232087184582378 0.000801915409735063
"ENSG00000137804" 0.00281638443764198 0.000627701888578871 0.00175469046269848 0.0153056027583862 0.00580718043851141
"ENSG00000140451" 4.8346212077356e-06 0.00147037508627808 9.37883983059592e-05 0.00203198448355651 0.000113111107466976
"ENSG00000160199" 0.000414758982808628 0.000503934531368467 2.05002825607201e-06 0.000284633796841781 0.000186557678250536
"ENSG00000051341" 0.000124930323404776 0.000472464524855761 0.00061910868329513 0.000257018461869226 0.00104896540614978
"ENSG00000184203" 0.000545614145980202 0.000247899618428358 0.000726540890880339 0.000301756480133424 0.00214379358740095
"ENSG00000108671" 0.00676997752356361 0.00299038382081833 0.00911006793206478 0.00350911658391998 0.00318094724717721
"ENSG00000134222" 0.000416659254145536 0.000232390416952092 0.000423635606582532 0.00189677065983864 6.07947623738548e-09
"ENSG00000100401" 0.000819963267200955 0.000680908415549888 0.0017610590166051 0.00165972754931768 0.000167751183971659
"ENSG00000166965" 0.000124461252872889 0.000303752316157221 9.72935537170879e-06 0.00031004537622777 8.98329443060002e-05
"ENSG00000072042" 0.0021662276727615 0.004328960146884 0.0043784311813732 0.000642173944690408 0.0033114750348561
"ENSG00000110315" 0.000740042840054857 0.00052751185833006 0.000650978643035304 0.000834484413940832 0.000810182852138683
"ENSG00000164105" 0.000241656242069367 0.000189671233187528 0.000164597345177419 0.000552209426728403 0.000636454104226268
"ENSG00000165480" 0.00176342806539793 0.00114696562352943 0.00031014558424838 0.00127397769651261 0.000614713752365849
"ENSG00000113810" 0.00185771614337138 0.00485449914513119 0.00173736521462501 0.00508066972224962 0.00346770520789079
"ENSG00000115415" 0.000330035868642774 0.000153106054819789 0.000470332678975011 0.000773314097314907 0.0109978825936397
"ENSG00000123473" 0.000423772364316671 0.000426503084392811 7.04512112431438e-05 0.000558934175763792 0.000683366624526367
"ENSG00000081320" 2.01079024220864e-08 3.17969128240531e-08 2.31219103438e-05 0.00034932677313355 0.00290265332033829
"ENSG00000172340" 0.000669270140330882 0.000424912024490882 0.000242599795843822 2.21702685796821e-06 0.00110844684333957
"ENSG00000137203" 2.84169731823947e-10 3.8232648799814e-10 4.31784174235942e-10 8.95651930476161e-10 8.86214316631326e-05
"ENSG00000102265" 0.000963230327140231 0.00120174481491961 0.000899352974814998 0.000123450277931225 0.00733071620894634
"ENSG00000167920" 0.000109487471226256 1.74510898152179e-08 0.000468204567677569 0.000613400860722817 0.000543658232379265
"ENSG00000120802" 0.00187236270468397 0.00241400803917909 0.00402258901435556 0.00368469193476411 0.00332978597908975
"ENSG00000105576" 0.000276118459482419 0.00132098149707842 0.00228367708808929 0.00158332209415851 0.000921086301121294
"ENSG00000183763" 9.42210283460426e-05 0.000285409529201313 0.000415648871209744 0.000654132111894754 0.000333937961138516
"ENSG00000213186" 0.000126828471131976 0.000509215016124674 0.00103695943159822 0.00107322654906409 0.000283860676589349
"ENSG00000099899" 0.000101563872268997 0.000143547903275398 0.000306117114454238 2.62318953449373e-08 0.000402409133797609
"ENSG00000116830" 0.00106749264676994 0.00155058487587828 0.00150785417624241 0.00142927617170151 0.00171031802266554
"ENSG00000167552" 0.00446668464944445 0.00191727184204731 0.00931119200137255 0.00517257368009601 0.000755454938956165
"ENSG00000196230" 0.0196031284300788 0.00884057441278112 0.0289335107351462 0.0245677640622691 0.0134363925043947
"ENSG00000137267" 0.00230642961399407 0.00185252067624264 0.0013191561764956 3.19458077913183e-08 5.04227936161553e-05
"ENSG00000188229" 0.00191867457690706 0.000767188754892635 0.00400810864251608 0.0038042590414545 0.00224541541666033
"ENSG00000108423" 0.000415645293704281 0.000288844744797783 0.000427772112024169 0.000347840172002098 0.000459379831143699
"ENSG00000137831" 0.00104487399108236 0.00125779350655713 8.69738587498791e-07 0.000117085682807507 6.31243555239088e-05
"ENSG00000175063" 0.0041752389684537 0.000369206818696059 0.00012654065810271 0.0287589969388265 2.63768660094607e-05
"ENSG00000131475" 0.00218453185253297 0.000930290393884788 0.00230387722756078 0.00193228795842033 0.00165109204704301
"ENSG00000009844" 0.00255252166320162 0.000816192946686113 0.00195216728249972 0.00121694005488406 0.00300862328863197
"ENSG00000109046" 0.00149899921271527 0.00206143651969127 0.00258530337043092 0.00389051370480639 0.0106409966284989
"ENSG00000198466" 0.000223130698411754 0.000698619094176339 0.00019333644916033 0.000175004233146404 0.000255064808441069
"ENSG00000174276" 4.46382962046538e-05 2.24396735294775e-05 0.000102896515261178 4.82380614213806e-05 9.5456117961611e-05
"ENSG00000135541" 0.000656358482668096 0.00111229092736409 0.000627478034451127 0.000825236198597401 0.0014820362855961
"ENSG00000135334" 0.000240213782664695 0.000705710838845836 0.000984473426943969 0.000432522513637005 0.00124498264110526
"ENSG00000154945" 0.000468756189845387 0.000541036533354181 0.00105259599858029 0.000238693000115689 0.000701244955874673
"ENSG00000136938" 0.00152296188143983 0.00139865475872446 5.33638258301045e-09 0.000385931983609355 0.00860472305343097
"ENSG00000143401" 0.00593501659868709 0.00646669365440176 0.00243827575424247 0.00355005245061526 0.00474578171695338
"ENSG00000170540" 2.90222269296146e-06 0.00379530890299486 0.00374107911530416 0.00456520396631796 0.00276965119307727
"ENSG00000171681" 0.000454401715296294 0.001269556824724 0.00070812288368581 0.000744896711657494 0.00118340153241454
"ENSG00000087586" 0.00093731304339179 0.000466571305513927 9.27825078568272e-05 0.00899605031061914 0.000256933854406045
"ENSG00000110330" 0.000571513954661775 0.000523612583716503 0.00099283216063799 0.000211560784043488 0.00249524237103684
"ENSG00000089685" 0.00234162370543491 0.00050258988770239 0.00138566256385833 0.00333145319986447 0.000679154305549163
"ENSG00000169679" 0.0015262762627499 0.00251945593629752 0.0021336189449944 0.00563714154769273 0.00113079680812268
"ENSG00000182985" 0.000164856718133422 0.000782475757933226 0.000217286182932684 9.36269374421009e-05 0.00035879169675364
"ENSG00000115355" 0.00121782740679592 0.00605884616963093 0.00344833502301705 0.00210549043754929 0.00395969320665559
"ENSG00000137500" 0.00210870957152974 0.000583081785521705 0.000626729730239052 0.0015871027638146 0.0032098166865009
"ENSG00000157456" 0.00202171121953799 1.42654990819202e-06 0.00314942548646096 0.00613533385378045 0.00101275817985929
"ENSG00000117399" 0.00213668557562676 2.63491894526358e-05 0.00301999568812494 0.00618474076516658 2.52227682201608e-07
"ENSG00000101224" 0.000116860236265909 0.000239007881680506 0.000434140879845476 0.000842190759077578 0.00129630671972204
"ENSG00000004897" 0.000583775958920927 0.00100067391896248 0.000186362488967625 0.00169310480121997 0.0013178027021858
"ENSG00000128283" 8.80161651453008e-05 5.69522258516837e-05 1.0292396844447e-06 5.31164957272463e-08 1.9372586148388e-09
"ENSG00000115163" 6.89664318935017e-05 5.13603560381522e-06 5.59141080995878e-09 0.000660624548702055 0.000338330727174728
"ENSG00000138778" 0.000897755188412153 0.00476403411226303 6.05047641680107e-06 0.0106972433850476 0.000802708704068771
"ENSG00000117724" 0.00609652738909334 0.0178350845594269 9.02905267461885e-08 0.0243725703844781 0.000508398621113379
"ENSG00000138180" 4.02778385202322e-05 0.000188424061197366 0.000213493585133823 0.00130400844303574 0.000747735719491142
"ENSG00000122966" 0.000206039127259727 0.000772405629475325 0.000696142260435929 0.000669463035390674 0.000309215728098098
"ENSG00000175216" 0.00200071423575644 0.00149189636441505 0.00175309676231709 0.00623612641340703 0.00125162507942024
"ENSG00000173207" 0.0182620185883682 0.00901066347780347 2.08285505542088e-07 0.0195989765193052 0.00289837895991558
"ENSG00000123975" 0.0169996483547755 0.00857618439705266 2.38912843955204e-05 0.0409491062970388 0.00575605548504932
"ENSG00000182973" 0.000840415160993606 0.000523236340421269 0.00136302352913497 9.79862752533322e-05 0.000944109859034265
"ENSG00000170037" 9.80796966938444e-05 0.000140954233029461 8.32996584585497e-05 0.000399753003601284 0.000464403044066019
"ENSG00000102974" 0.000510853343519431 0.00148970256645558 0.00282886016517144 0.00187920503753531 0.00128790840659152
"ENSG00000044115" 0.00367527287857692 0.00387220181043546 0.0027348829648683 0.00160819398652842 0.00103776412586709
"ENSG00000198561" 0.000974566832719646 0.00198488611255195 0.00255821762141893 0.000289197627469005 0.000725968447983053
"ENSG00000024526" 0.000463305308959516 0.000544173738317133 9.44905480754124e-05 0.00435962546021888 0.000145469277976109
"ENSG00000035499" 0.00100177369065878 0.000692359290959834 0.0016295855626848 0.00228919649885456 8.10555506170128e-05
"ENSG00000139734" 0.000541187643411267 0.00134104472490468 0.000470714195438133 0.00104487121212116 0.000560492734633742
"ENSG00000126787" 0.00330673043569755 0.00276147566545388 1.70496415557162e-05 0.00819925084589614 0.000634408124691389
"ENSG00000086061" 0.0111076065934849 0.00402209900918977 0.00960036555687314 0.00497487276218786 0.00541497426149955
"ENSG00000117505" 0.000890751397455514 0.000786042873281379 0.00211806506590573 0.00146063795100904 0.00156021095272716
"ENSG00000198919" 0.000649777019608172 0.000837922461765621 0.00126036131970965 0.000618978781855751 0.0009328876806317
"ENSG00000133740" 1.35714085983756e-05 0.000535277068438829 0.00081825210079111 2.24824242338906e-05 0.000328339723396848
"ENSG00000114346" 0.000744259517382847 0.00132579702375413 0.00146622034013107 0.00352308643256242 0.000176961594477017
"ENSG00000129195" 0.00241073716621012 0.0010831552707197 0.0017566484294497 4.53036147524521e-08 2.0650590646147e-09
"ENSG00000111206" 0.000433091274022526 0.000338633569275552 0.000347883589922033 0.000493622820830816 0.000168132240744712
"ENSG00000010810" 0.000276558132285556 0.00109643207113759 0.000859902052554721 0.000438985787357744 0.000763160220068398
"ENSG00000116717" 0.000172329758091037 0.000283612972382407 4.65620616135316e-07 5.9805642492239e-05 0.00198615175069393
"ENSG00000120053" 0.000637458920530621 0.000279013228519459 0.00113460604786273 0.000916191042772174 0.00104235046850785
"ENSG00000198055" 0.000186095170683427 7.45851641073585e-05 0.000272776398689455 0.000399489087695121 0.000632155445302147
"ENSG00000075218" 0.000353037566074466 0.000764332217066094 0.000600321635698207 0.00454999859044487 0.000706679890895553
"ENSG00000172534" 0.000427096806673873 0.00270244892148644 0.00366299486180514 0.000744307367726114 0.00107033328907041
"ENSG00000064961" 0.000214898626337503 0.000233103163532471 0.000316348219373413 0.000174810158582317 0.000308282004627903
"ENSG00000029993" 0.00584942355877677 0.00262663491160816 0.00442438786497811 0.00113131046549149 5.6897845897754e-09
"ENSG00000072571" 0.00142792964606843 0.00110119462352802 0.000760608116020338 0.00832352161250506 0.00127873503519936
"ENSG00000100099" 0.000260054462057961 0.00070181020674059 0.000273635303324263 0.000216328979254091 0.00154782092049422
"ENSG00000153936" 0.000322358853093814 0.000907231838363764 0.000648769627926137 0.000144097140102811 0.0013239189934837
"ENSG00000155304" 0.000437211046022335 0.000958103770836208 0.000587520089504357 0.000977565529090906 0.00200485557149285
"ENSG00000109971" 0.0266015049260241 0.0240723644274555 0.0363282003932624 0.0194077200142379 0.00530884741138189
"ENSG00000132849" 0.000568225918993831 0.00129987618162074 2.18777297643509e-05 5.774720860551e-07 0.000274279115854626
"ENSG00000118193" 0.000301732418471653 0.00175028862356545 1.18373084895355e-06 0.00416260790412459 0.000301512046158064
"ENSG00000142945" 0.000319406371442663 0.000496905988901499 0.000618018034000699 0.00311665066292803 0.000823356887418458
"ENSG00000119138" 3.56871279747835e-08 1.63470823489637e-07 1.34583045109499e-09 3.57036598992866e-05 0.000719691380636153
"ENSG00000160789" 0.000272966598014809 0.000507918384684952 8.21916564859634e-05 1.08441685908305e-05 0.00167895347894106
"ENSG00000148773" 0.000195745611761636 0.00188620445623309 0.000843643581731705 0.00627842745319707 0.00421928575755221
"ENSG00000130396" 0.00134587458928437 0.00395880204824617 0.00139612100214873 0.00079968794545896 0.000912930426389699
"ENSG00000204899" 0.00132603536780892 0.00022620492408655 0.00127777554326208 0.00141470089370858 0.00269069433757435
"ENSG00000010292" 0.000818580198900776 0.00141320854301816 0.00109142475974212 0.00316800118130518 0.00177643862681273
"ENSG00000117650" 0.000453014944605387 0.000310930614187569 5.27485565009623e-07 0.0021277566255543 0.000371802393985931
"ENSG00000143228" 0.000635120146791997 0.0011578272657268 0.000347988147323039 0.00338476269060091 0.00125526822170106
"ENSG00000163002" 0.001870141218042 0.00129098369029875 0.000692662312478301 0.00108454231003284 0.000486865641036086
"ENSG00000110713" 0.000419180440235616 0.00170851747685903 0.00118835831914382 0.001220487545672 0.000744960399628205
"ENSG00000136811" 6.62029458251293e-05 0.000254426855299466 6.89066610618869e-06 0.000690619231894056 0.000627128576788185
"ENSG00000149716" 0.00020153108357745 9.61140742681986e-05 6.66029804217214e-05 1.96738391840191e-08 9.02082455795589e-05
"ENSG00000168078" 3.42954855161129e-05 0.000210176592929078 0.000332140797111871 0.00103511797559518 0.00177678376171883
"ENSG00000165494" 0.000204735685887287 0.00122843260437066 0.00104038051976352 0.000900323766300031 0.00129752016425696
"ENSG00000166851" 0.000717421051657239 0.00022620187045075 0.000630841023647415 0.00588324352564017 0.000576397696386347
"ENSG00000164087" 0.000365614330450742 8.04875467436865e-05 0.000447715965853422 0.000648844517460621 0.000180031751149806
"ENSG00000196313" 0.00032365596616497 0.00134303876047056 0.00177766019954629 0.000157188844909542 0.000237202332042458
"ENSG00000161542" 0.000404191025744804 0.000465612814364581 0.000743305878118334 0.00035193842187425 0.00068211272179271
"ENSG00000068489" 0.000362982189061489 0.00195143300860008 0.00115440742898773 0.00558854860620264 0.0019218356480597
"ENSG00000157778" 0.000628988091887238 4.31163644234087e-09 0.00168572578532997 0.000452973918326501 0.000316766712474703
"ENSG00000112245" 0.00108387457917892 0.00135343616937274 0.00167085288080492 0.00050201106596051 0.00374898217741816
"ENSG00000169410" 0.000309997335216774 0.000713093389666562 0.000480748650881749 0.000259267064287836 0.000384233553339499
"ENSG00000136045" 0.00491142568745333 0.00312323649493859 0.00332489210594423 0.000497258798914523 0.00327548787570335
"ENSG00000198218" 0.000415278641648206 0.00153088688181906 0.00195628018685623 0.000862175166887926 0.000976108497072115
"ENSG00000108384" 0.00122862585331 0.000514117108339046 0.000275708298862929 0.000314787667338702 0.00202080999474578
"ENSG00000131795" 0.00409626177185571 0.00155404834580087 0.00383762276204273 0.00231499276387506 0.00134892320335701
"ENSG00000159200" 5.6482898443446e-05 9.43321340817566e-05 8.92877791562644e-05 1.17288412529292e-06 0.00025029146452589
"ENSG00000142599" 0.00144126489148866 0.00292534633895201 0.000676238512951026 0.000465985634411612 0.00200539641429272
"ENSG00000070423" 0.000449796623348195 7.39228739728208e-05 0.000701214560068227 0.000259779885701911 0.000420504283409093
"ENSG00000205937" 0.00245901655495528 0.00160241824686379 0.00434758887250818 0.00105110505419579 0.00100437149356802
"ENSG00000160214" 0.000172237840664337 0.0002391020605943 0.000629233898034424 0.000112428958464649 0.000238309992363324
"ENSG00000086475" 0.00639276635663396 0.0122993492218358 0.00771537251007252 1.91063438460018e-08 2.73967349951828e-09
"ENSG00000183955" 0.000123880490478491 6.73237837260746e-05 0.00017290542979855 0.000415986416891338 0.000648585099482831
"ENSG00000116560" 0.00517505933356333 0.00819139896817927 0.00909523133340945 0.00515872962770678 0.00617334910112716
"ENSG00000163535" 0.000946880741001945 0.00157100241820733 0.000114118693114842 0.00557574212674312 0.00127404007966389
"ENSG00000171241" 0.000199295074140706 0.000176259703025041 0.00036391411854364 0.00117842316079939 0.0010616549162708
"ENSG00000099956" 0.000671655668122292 3.38618492074061e-08 0.0018528692908158 0.000748082218973993 0.000977170435880748
"ENSG00000066117" 0.000485688046732629 0.000230744405192548 0.00134597064570724 0.000118032947115587 0.000278075496074427
"ENSG00000076382" 4.44948428283136e-06 0.00161905618971722 0.00165878966713176 0.0028508675826741 0.00156543004672087
"ENSG00000115306" 0.000591133466760809 0.00680150436975766 0.00294034637822076 0.000730459884928343 0.00674412355070437
"ENSG00000112658" 0.000151509460716025 0.000757510776686806 0.00147753620447363 0.000695156010456886 0.000366285343106462
"ENSG00000112081" 0.0205922289479989 0.00572994295960018 0.0171099871455706 0.019130174723798 0.00625758735934866
"ENSG00000141380" 0.000976993536814014 0.000563109033806035 0.0013678847926352 0.00128029788642137 0.000766672180619031
"ENSG00000110066" 4.48946952504622e-05 0.000766129768812383 0.00152845870564402 0.00060927529353918 0.000724444309577459
"ENSG00000013810" 0.000510157697257492 0.000734590434750059 0.00152804064986798 0.00168935187670235 0.000233631964863278
"ENSG00000054118" 0.00686673425431699 0.00377432700854109 0.0074342747983013 0.00207953176827152 0.00535117487765134
"ENSG00000140332" 0.000395378263771994 0.000840554579320501 0.00142759543903229 0.00055276997421573 0.00202910781809468
"ENSG00000149483" 0.000974217039495933 0.000594344027731191 0.000350799089505543 0.000537985587649061 0.00094233375528403
"ENSG00000083312" 0.0013896887497041 0.00379676221248532 0.00363188871434415 0.0013250712503461 0.00113710014799711
"ENSG00000025772" 0.000883112748810061 0.000311466549991367 0.000852388714652285 0.000779850502729551 0.000795339624309728
"ENSG00000088325" 0.000840175204983999 0.00125382784507397 0.00165568003054532 0.00739884786483507 0.000853785007722809
"ENSG00000071539" 0.000499054387049604 0.000257258181037044 0.00142055026746988 0.000632381085570635 9.26861895768982e-05
"ENSG00000074319" 0.00116647276576269 0.000433656165687785 0.00160756214624545 0.000687628340015368 0.00147647731454421
"ENSG00000211460" 0.00261014397873507 0.000978321163755838 0.00315873166502117 0.00144626815929058 0.000811493746497119
"ENSG00000112742" 0.000885577364433098 0.00134879442740707 0.0010725174864148 0.00451841374512375 0.000784611647404925
"ENSG00000115514" 0.00243125209679654 0.000571219012693996 0.00147841256624285 0.00294031746773026 0.00151115120007795
"ENSG00000198431" 0.0014782819253451 0.0017365738582323 0.00409327411554251 0.000516698886762659 0.000757210811633803
"ENSG00000109332" 0.00599627847019589 0.003733986309544 0.00786891751370157 0.00306808610289069 0.00859687782052992
"ENSG00000058056" 0.000180257870911375 0.000513898338193283 0.000752869795984269 0.000421027098070061 6.33078743236611e-05
"ENSG00000156256" 0.000893127260039582 0.00135910323363445 0.0013313431084879 0.00174570221836146 0.00297596502341537
"ENSG00000173218" 2.32871025969296e-05 0.000436730872624627 0.00018915728539422 0.000560737502481915 0.000154220321653267
"ENSG00000170473" 0.00101538909551553 8.07233420018081e-05 0.00194889425754847 0.0013088809214748 0.000396742919828331
"ENSG00000128245" 0.0019392207213139 0.00302739936886145 0.00305965474961379 0.00176360594548422 0.000940350279335796
"ENSG00000091732" 0.00136309615916284 0.00045553080558555 0.00128902411969086 0.000694553992191109 0.00080199822598309
"ENSG00000005889" 6.47503314002576e-05 0.000217916427809861 0.000648994544628336 0.00041771030746131 0.000317111186997409
"ENSG00000197056" 0.000921336604287741 0.000781029130906067 5.70408201923584e-08 0.000755728273626659 1.36194127553313e-05
"ENSG00000010244" 0.00446551699605838 0.00494701732322447 0.00521371558016282 0.000609628929569015 0.00517141966036557
"ENSG00000173744" 0.000621736029433615 0.00132631127656905 0.00127192130499806 0.000886791997495227 0.00209336211175157
"ENSG00000160216" 2.32422272825203e-10 3.4708298962192e-10 3.93981787029242e-10 9.9057735584504e-10 0.0016641298386083
"ENSG00000170776" 0.000275299047719651 0.00136729842865946 0.00123924285759696 0.00137511226554671 0.00630656297583347
"ENSG00000169604" 0.000420124050732667 0.00108418391890792 0.000664425846354896 8.58800162036884e-09 2.02788760408504e-09
"ENSG00000151929" 0.000314470382539679 6.8577553258774e-05 9.57844273459373e-08 8.83572696444936e-09 1.91624422612338e-09
"ENSG00000132640" 0.000501873808427905 0.000904968889294521 0.00114855584379867 0.00022688655094936 0.000123579215624557
"ENSG00000122565" 0.0103026733171358 0.00644948104377027 0.0144141495707573 0.0076932342025639 0.00842362579595439
"ENSG00000070831" 0.00271816271773015 0.00154271093828366 0.00314017404768809 0.00208896170197293 0.0070717834489995
"ENSG00000134058" 0.00309453515981923 0.000778727367115906 0.000693992368473515 0.000552228962029222 0.00109932945191669
"ENSG00000100526" 0.00231292369819474 0.000607118441751317 9.48107455353892e-05 0.00576505113307171 0.00270461810767681
"ENSG00000114107" 0.000966308575459303 0.000306631891339318 0.000595281213320727 0.000697806191601254 0.000283378215418892
"ENSG00000143771" 0.0100560575844825 0.00722516581787631 6.71816899130687e-05 0.00569187273144581 0.00265266805461341
"ENSG00000198730" 0.00100435383216943 0.00115458611319495 0.00130237724180961 0.00123026067600284 0.00164654117656306
"ENSG00000150316" 0.00356738900899039 0.00226397595812751 0.00287429033238003 0.00266917263497594 0.00449908162373777
"ENSG00000162290" 0.000352651163446406 0.000692370265704084 0.000981532003378544 0.000696763248385286 0.00124505877355159
"ENSG00000104671" 0.000470675521086184 0.000335727801104348 0.000412977954241014 0.00068132229915965 0.000756970871561015
"ENSG00000182108" 2.62379254926655e-05 3.06110187740668e-09 5.65077639013035e-06 9.78298970886001e-09 4.12723483145003e-05
"ENSG00000130826" 0.00412933825121652 0.00274838952449463 0.00542328778847375 0.000431507115234791 0.00200638551338932
"ENSG00000105993" 0.00370468393552503 0.00186933479164635 0.00148020265923567 0.000740158765747461 0.00110335476958393
"ENSG00000096696" 0.000590839181188319 0.000745573144488624 9.00262906486893e-09 7.06912410462712e-09 1.87222902687166e-09
"ENSG00000088986" 0.0151537696047862 0.00565095720433435 0.00938364011824513 0.0059320846652524 0.00360352840836022
"ENSG00000134014" 0.000398055856130548 0.000300752349839902 0.000837016900119189 0.000205883998880819 0.000656287579228673
"ENSG00000160767" 0.000577912266775064 0.00115875957958648 6.50258606081618e-05 3.68346651170656e-08 0.000219643088160631
"ENSG00000139146" 0.0086058230156611 0.00675748244177487 0.00874604916214418 0.00347428026352447 0.0037416037168665
"ENSG00000133393" 0.0016979033780501 0.000859363008208896 0.000226030990029542 0.00119981727311805 0.00223990897580454
"ENSG00000141568" 0.000494752243630542 0.000990832172415565 0.000455188669293392 3.89698360944289e-05 0.00142403446022128
"ENSG00000114416" 0.00541191476515087 0.00398056601152269 0.00255220111179422 0.00135544471579467 0.00563387801246382
"ENSG00000145907" 0.00665385300722185 0.00740294064186751 0.0105572410096775 0.00456689328639476 0.00211634550775319
"ENSG00000179348" 2.82812596325407e-09 8.55291422055836e-10 2.60442019496061e-06 1.88721371264422e-09 1.46136416665702e-09
"ENSG00000078369" 0.00347101256455263 0.00217584531405922 0.00471825072760791 0.00126547354103804 0.0058659781384506
"ENSG00000109519" 0.00242302882021116 0.000661499802810378 0.00168345127436841 0.000752100697347697 0.00217490446177966
"ENSG00000103342" 0.00286020376492383 0.00294704387778088 0.00403988302068522 0.000599332229614012 0.00315503223413003
"ENSG00000125484" 0.000868335553454846 0.00132003524904335 0.00108866962958042 0.000504954584054614 0.000511002245908881
"ENSG00000100644" 0.00138026207639072 0.00327966312248338 0.00384806507023723 0.000396407610097223 0.00173068753581832
"ENSG00000113161" 0.000434102468728014 0.00560964338719352 0.0059873256363985 0.00112920509514006 0.00131434486754418
"ENSG00000198189" 0.000343685777263897 0.000346613054258353 0.000190669237517583 0.000225661945756912 0.000946313567221228
"ENSG00000143621" 0.0187119103706822 0.00875519139932691 0.00354840041578866 0.00194076793795116 0.00415762412932935
"ENSG00000171988" 0.00193159138012858 0.00911621192367784 0.00381732102244087 0.00133308488294447 0.00272564744097913
"ENSG00000117139" 0.00250636574245554 0.00567514383208972 0.00082699234223007 0.000489719903561046 0.000384777297527332
"ENSG00000100578" 0.000199115512331377 0.00014984517858216 0.000552560934751449 0.00103526879478944 0.000793101742175482
"ENSG00000108424" 0.0056966051024928 0.011924178325823 0.0175018028054386 0.00621893155035272 0.00622900552230978
"ENSG00000133703" 0.00174138850002326 0.00254551212821921 0.00193119803083163 0.00122529105898148 0.00053149838249561
"ENSG00000155506" 0.00278389526331174 0.00778250946021745 0.00685322223143064 0.00310922830224729 0.00283398677665938
"ENSG00000174720" 0.0807295258666085 0.0987878509021391 0.00154680864725636 0.0029511255095822 2.32787743746988e-05
"ENSG00000121931" 0.000210356616957267 0.000154940770789386 0.000416318594075876 0.000917892240876838 0.00228592827273789
"ENSG00000145220" 0.00316114957471471 0.00159087623368904 0.00206458814743255 8.42731897040202e-05 0.00124424066411638
"ENSG00000123562" 0.00544385304889859 0.00192245866447239 0.00558299831939916 0.00274025269188475 0.00389115208297503
"ENSG00000115364" 0.00194423586625585 0.000894372306566704 0.00207417426881932 0.000454836985640379 0.00123515250334519
"ENSG00000204568" 0.00248036471833631 0.000450371879025064 0.0017922664326951 0.00177205866541079 0.00510991774436158
"ENSG00000122140" 0.00106366955267893 4.82642821920813e-05 0.0013044227565628 0.000351578029117841 0.000664012450429318
"ENSG00000188895" 0.00018350130568803 0.00116319357728244 0.00122402840752468 0.00107603889798852 0.00112372158778975
"ENSG00000105887" 0.000213379890577274 0.000160139943619516 0.000585137055339471 0.000152928470781301 0.00119857846413676
"ENSG00000124151" 0.000203896529931151 0.000692905272962115 0.000242832650923475 0.000268062653535893 0.00686916391241738
"ENSG00000162599" 5.71980916495529e-05 6.62407242982062e-05 3.73880734896166e-09 6.15758140681701e-09 1.75865023800821e-09
"ENSG00000108256" 0.00128998923132969 0.0046639354789867 0.00203588637420667 0.000899052287646097 0.00131188955017441
"ENSG00000075188" 0.0026636720302808 0.000628079444717567 0.00104456646579867 0.0014188375089093 0.0026347884053179
"ENSG00000054277" 0.000145796609113619 0.000122362788085526 2.59433152847271e-07 5.96602828889291e-09 0.000114365368604568
"ENSG00000111845" 0.00340920754179132 0.00195031906867129 0.00379472063565311 0.000181060864270354 0.000623705814984184
"ENSG00000105355" 0.00113710143770831 0.000375739477885025 0.00117526850870861 0.00175307756893488 0.00284317457352341
"ENSG00000113575" 0.00152687498888744 0.00160385066115337 0.00318045708239256 0.00136698069107906 0.00138622641099667
"ENSG00000221914" 0.00133153726143883 0.00273986137120659 0.00155760221719587 0.000662554020690384 0.00265671678820487
"ENSG00000110075" 0.00070734159668181 0.00215398398164244 0.0015347827245804 0.000911278875186586 0.00150701516814932
"ENSG00000198901" 0.000531996326986558 0.000556460622786262 3.23929163472405e-05 0.00426785219330922 0.00149828728424975
"ENSG00000080815" 0.000212910142312607 0.000701542744422967 0.000822276876173844 8.74750786464489e-05 0.00160511420519688
"ENSG00000159335" 0.000841685130508917 3.42524936309454e-07 0.00210383175224221 0.00039246621259316 0.00043334403085171
"ENSG00000164611" 0.0162694213341134 0.00318885129095539 0.000764287434220267 0.015413242189732 0.0087489179469101
"ENSG00000164754" 0.00261425055932253 0.00407190094378203 0.00640630238604061 0.00320298341629865 0.00434022693835669
"ENSG00000132341" 0.0383961279449627 0.00915774102774247 0.0208781905589785 0.0141541176575716 0.0210765131762262
"ENSG00000106615" 0.00105470743281027 0.00106030112764552 0.00159346849358275 0.000400300998682782 0.000207128187565242
"ENSG00000142541" 0.0255833121468947 0.00143535543097964 0.0103667285318564 0.00459580099384952 0.0847123190218372
"ENSG00000196950" 0.00341050405288135 0.00641523154565612 0.000452895653819933 0.000578127362923459 7.9132847455717e-05
"ENSG00000169371" 0.000564404036901158 0.000510673623079693 0.00151373148459653 0.00140278675553507 0.000743639638832315
"ENSG00000118007" 0.000128508970474112 0.0004076594353251 0.000479544900962507 0.000289563949021696 0.000681083478549619
"ENSG00000135316" 0.00719611428804503 0.00586947035903977 0.00861469394379458 0.00188054198634343 0.00397040468520724
"ENSG00000085231" 0.00464577492125365 0.00193174789515408 0.00248004590760687 0.00215803179538133 0.00565808531666946
"ENSG00000113649" 0.0017293540777377 0.00370443283617121 0.00340939643780292 0.00155436342961441 0.00288996470697881
"ENSG00000183864" 0.000904459951116927 0.00197208903517725 0.00275810710601839 0.00208663474501206 0.00171881419964104
"ENSG00000198900" 0.00206921683312524 0.00295245832912459 0.00494829950182469 0.00204455985520744 0.00360060299674992
"ENSG00000135451" 0.000333943753062854 0.000332545496854931 0.00111304949472285 0.00163136194110404 0.000424589455422268
"ENSG00000102804" 0.00128898524469405 0.00143503056067872 0.0028521409556255 0.000414289576321294 4.71535395747974e-09
"ENSG00000130338" 7.0750532858755e-05 0.000430934895276875 0.00038671834288387 0.000522571807060557 0.000279176159745905
"ENSG00000035403" 0.00242917220037507 0.00889649441769081 0.00554197257659494 0.000828215500355065 0.000152094758316155
"ENSG00000171475" 8.04220079712402e-05 0.000990582016595471 0.000635814371059575 0.000874676714423587 0.00127556101662468
"ENSG00000113645" 0.000311407876180124 0.000912657519198297 0.000580921712726171 2.0695620188045e-08 6.47363994489967e-09
"ENSG00000100811" 0.00229120796393066 0.00444428786446045 0.00435778701374771 0.00079508753127105 0.00358258703386925
"ENSG00000178951" 6.40283255553424e-05 0.000990116508886107 0.00052756769623815 0.000227273694274914 0.000846916338374466
"ENSG00000155329" 0.00224780324922989 0.00127401720876528 0.00213690359762601 0.000708926490216956 0.00232790885455831
"ENSG00000172466" 0.0020902361760625 0.00193810225184355 0.00203743988195759 0.00101178867937645 0.00222304836416451
"ENSG00000162702" 0.00362963329819364 0.00790318120861589 0.00335758111010712 1.04750610946675e-05 0.00111340381841123
"ENSG00000142684" 0.00126555541516615 0.000213182413831559 0.000305020248188182 7.87410062088066e-05 0.000743675504923838
