"1" "2" "3" "4" "5" "6" "7"
"NA19098.1.A01" 0.249402600620414 0.054749524859209 1.73658919635797e-06 0.143294496666235 0.0786786557185572 0.423461618544576 0.0504113670018133
"NA19098.1.A02" 0.297929733719531 0.241485866130764 6.71200456326779e-06 0.10559971668484 1.99810516241055e-06 0.336945682275151 0.0180302910799877
"NA19098.1.A04" 0.154044075040703 0.0219369313036208 0.17084731054479 0.188288295661801 0.109731629787857 0.352691063542479 0.00246069411874895
"NA19098.1.A05" 0.402798213116104 0.034290617221008 0.0105952019978086 0.123258325744419 0.0663218655503771 0.291435186599006 0.0713005897712785
"NA19098.1.A06" 0.145604290144852 0.120147072602848 0.158721623206396 0.343633999980405 4.82703799028858e-06 0.195676967836805 0.0362112191907032
"NA19098.1.A07" 0.152936146516038 0.20515600051356 0.0670828846523773 0.209208876308153 8.19693103194408e-06 0.342355822797762 0.0232520722810772
"NA19098.1.A08" 0.0527440789130332 0.306793828011561 0.0941007065476869 0.325164944448067 0.0315479994002999 0.102867525083127 0.0867809175962255
"NA19098.1.A09" 0.497660634421393 0.0509067058938253 0.0866851885527851 0.0167763481424582 8.16243797620092e-07 0.253068770208204 0.0949015365375367
"NA19098.1.A10" 0.225237693495924 0.156293698668258 0.111452509574448 0.267717998711493 0.015758469844948 0.113314931589398 0.11022469811553
"NA19098.1.A11" 0.289746776701901 0.0650579197237866 0.0393719852456774 0.211264632620683 0.0507587837235633 0.287878115078857 0.0559217869055314
"NA19098.1.A12" 0.427502307634392 0.00999170597983561 0.0556645259594676 0.204728796380963 3.18449101108849e-06 0.20075120244299 0.101358277111341
"NA19098.1.B01" 0.377400920283053 0.191579329220669 0.0012021280553333 0.187903234133526 0.002607676596201 0.175133148039677 0.06417356367154
"NA19098.1.B02" 0.275826073525402 0.133594492311425 0.155227941335468 0.154698490714723 1.53206710752631e-06 0.210758455039525 0.0698930150063503
"NA19098.1.B03" 1.57573979479898e-05 0.161158825979662 0.0221660938134332 0.313772093941077 0.131011400711713 0.301792400829481 0.0700834273266853
"NA19098.1.B05" 0.405017958551999 0.0220003378414285 0.0511159083260449 0.200398278236877 0.0412334781423041 0.178097459860713 0.102136579040634
"NA19098.1.B06" 0.377144108323402 1.02654331006217e-05 2.94670743945466e-06 0.188661722117739 0.162888649467199 0.193447929730155 0.0778443782209661
"NA19098.1.B07" 0.499520953766834 0.0971703751352019 0.012848575330459 0.121997510001303 2.44051015428563e-06 0.206905668076402 0.0615544771796457
"NA19098.1.B08" 0.192296042831453 0.138708031965723 0.0650206819028132 0.376378622315968 0.0142843471475015 0.0866448685780915 0.12666740525845
"NA19098.1.B09" 2.37521351290384e-06 0.0352391058856051 0.227275268392761 0.300580796600221 0.0625808575804894 0.241629285683522 0.132692310643889
"NA19098.1.B11" 5.20396017283462e-06 0.032147479278171 0.189241082926532 0.347758172899289 0.0920846099478723 0.286214059509568 0.0525493914783938
"NA19098.1.B12" 0.331787967833212 0.0823188211406387 0.106290258351211 0.245288049370428 0.0151704772396049 0.138004812957316 0.08113961310759
"NA19098.1.C01" 0.233352717866662 0.111733562255383 0.0354245161325063 0.355382226709066 9.19193782046192e-05 0.197145975645343 0.0668690820128355
"NA19098.1.C02" 0.35420040771016 0.114374199873472 0.0143316618537717 0.251920710238003 0.054626787398933 0.150649303277225 0.059896929648435
"NA19098.1.C03" 0.417590678113145 0.0524551217155623 3.98532413150656e-06 0.110863476180466 0.0879266227974571 0.261660744268076 0.0694993716011614
"NA19098.1.C04" 0.473689640554377 6.49480825956606e-06 1.93157916387767e-05 0.110692930011396 0.0950313308192884 0.282180511570288 0.0383797764447526
"NA19098.1.C05" 0.0599953879633284 0.0796742659364416 0.0947705898183998 0.404528215565686 0.164103548432077 0.124172802749938 0.0727551895341294
"NA19098.1.C06" 0.255653022837865 0.0461937476389028 0.200641320019009 0.166283859329878 0.163698550498035 0.0702281229162674 0.0973013767600431
"NA19098.1.C07" 0.10367317127214 0.0931707102943297 0.124600676132837 0.469982311587669 0.048614264307626 0.0795200018734035 0.0804388645319953
"NA19098.1.C08" 0.360953511024098 3.0858172807296e-05 0.0130119227321921 0.104845389376398 0.0510881747481075 0.444447119642325 0.0256230243040716
"NA19098.1.C09" 0.327751322953091 1.25364643923836e-05 0.0934148231492799 0.227979098151153 0.0346540119369749 0.249883464930361 0.0663047424147478
"NA19098.1.C10" 0.581067211167169 0.0147618292841743 1.23795028479507e-05 0.136055645105492 0.000363449108067396 0.220401998481341 0.0473374873509081
"NA19098.1.C11" 0.100853280109057 0.0917966476416176 0.127697331037151 0.470659487081176 0.109457237452508 0.0447941615670684 0.054741855111423
"NA19098.1.C12" 9.5067688470387e-06 0.0435797446847351 0.127319131067151 0.350382590609559 0.175698388035535 0.279496899930401 0.0235137389037727
"NA19098.1.D01" 0.259892029299396 0.0159768245664724 1.87936612012888e-05 0.233794777971997 0.20358141255602 0.266202902212876 0.0205332597320371
"NA19098.1.D02" 0.174379142431464 0.0319845194057852 0.113338498443689 0.393089896064845 0.135301403908447 0.0635513502413872 0.0883551895043835
"NA19098.1.D03" 0.3589340014333 0.0977211976195894 0.046262840362966 0.25916998741072 1.04650165205963e-05 0.196808281149946 0.0410932270069575
"NA19098.1.D04" 0.177193783570151 0.0904744609153006 0.160676312703438 0.335005351101972 0.109435077073697 0.0980999418029378 0.0291150728325043
"NA19098.1.D06" 0.0736588854713131 0.0940713073125617 0.18510863527805 0.478978769275538 0.109721041498917 0.0150185053872343 0.0434428557763856
"NA19098.1.D08" 0.0588938583000973 0.00490957527207082 0.110202488684445 0.491787978003188 0.138460687093862 0.0821895042749438 0.113555908371393
"NA19098.1.D09" 0.292327349229599 4.24642263530341e-06 0.0135849074739343 0.215447608212806 0.0829436567170871 0.323710531571253 0.0719817003726864
"NA19098.1.D10" 0.319068254645559 6.00295310658299e-06 0.0557122948889668 0.340992322281562 0.0349617100523385 0.216646995824425 0.0326124193540423
"NA19098.1.D11" 0.179682274466249 5.24133444992984e-06 0.145623516805763 0.164240967253046 0.120067076156662 0.3747278322177 0.0156530917661303
"NA19098.1.D12" 0.54204216268417 1.82011511797569e-05 0.0124015740465595 0.209006371724081 0.0142903176459336 0.173183098373278 0.0490582743747977
"NA19098.1.E01" 0.13866315034383 5.55375923919157e-06 0.307308318778722 0.314677023414502 2.71518701683034e-06 0.239339902579511 3.33593717880705e-06
"NA19098.1.E02" 0.0914361590593401 0.0921486775238239 0.101619876226175 0.461213845426354 0.127395143571076 0.0754845281850838 0.0507017700081475
"NA19098.1.E03" 0.374705327784164 1.25035604952011e-05 0.0926613178681094 0.301794325163335 0.0673350160126099 0.102614218244003 0.0608772913672841
"NA19098.1.E05" 0.307266486054288 0.0169410132454852 0.0202180954243611 0.275445632689934 0.000246957561780515 0.378699132290442 0.00118268273370827
"NA19098.1.E06" 0.35149914728741 0.0168831005261963 0.0824439242862172 0.227089365541204 0.0888292419934925 0.164378908910135 0.068876311455345
"NA19098.1.E07" 0.103791246215954 2.31527610402095e-05 0.0363982449510289 0.293515880443979 0.247900672390822 0.264853220543857 0.0535175826933189
"NA19098.1.E08" 0.336024181615101 0.0108123153453347 0.0599005549521654 0.361979592647133 0.0776002461839271 0.08192198660626 0.0717611226500789
"NA19098.1.E09" 0.157770316043453 0.0453082812228237 0.099539764806216 0.405287832286556 0.0556704970213235 0.144776762669502 0.0916465459501256
"NA19098.1.E10" 0.484846700260283 8.00759464581355e-06 0.0297926535417246 0.195748703533293 0.0354568682748165 0.170524577028136 0.0836224897671015
"NA19098.1.E11" 0.0867441195414657 0.118164468518077 0.072072076712006 0.445329717219169 0.187884196385446 0.0637024623028719 0.026102959320965
"NA19098.1.E12" 1.13386524873112e-05 0.0622460216003026 0.284905969863086 0.410889491277836 0.0240266625725144 0.19940212907419 0.0185183869595837
"NA19098.1.F01" 0.116975709307626 7.45462807310622e-05 0.164835834096925 0.359484374125316 0.162391699559079 0.0495412198088342 0.146696616821489
"NA19098.1.F02" 0.374279081363388 0.0420634276710152 0.120652423520299 0.280823346999863 0.045023002042385 0.0717629266773351 0.0653957917257154
"NA19098.1.F03" 0.545789444819066 1.84428347551905e-05 2.83772415923671e-06 0.179866515599327 0.0356348249915382 0.177715831140783 0.0609721028903713
"NA19098.1.F07" 0.236440452580152 5.37574476281507e-06 0.141713160019912 0.0868167071579603 0.137362457618895 0.36363230275006 0.0340295441282573
"NA19098.1.F08" 0.393512770264751 0.0207522064410352 2.32264995660732e-05 0.144704896845427 0.130916814116859 0.301318916137985 0.00877116969437784
"NA19098.1.F09" 0.384824628660252 0.0437091605177735 0.0372479306384844 0.223365923347377 2.20622531757548e-06 0.260222408276316 0.0506277423344794
"NA19098.1.F10" 0.0303931451593454 0.145407161621216 0.237642080599353 0.476313212324474 0.0195329646296702 0.0844893166455135 0.00622211902042877
"NA19098.1.F11" 0.456921842134761 1.91668567321922e-05 0.0215249219126498 0.209816355835673 0.0132966441238679 0.212443795585052 0.0859772735512636
"NA19098.1.F12" 0.352106492108055 4.03350400863672e-06 1.50625057807361e-05 0.245943208021453 0.102142093905662 0.227891057892133 0.0718980520629084
"NA19098.1.G01" 0.161412041578864 0.0430358041195494 2.0626220192596e-06 0.292063043695111 0.14658669293771 0.340346897501841 0.016553457544905
"NA19098.1.G02" 0.125496564720324 0.0979249503163175 0.288445601551056 0.307322832886589 1.71585818249222e-06 0.119794955670618 0.0610133789969126
"NA19098.1.G03" 0.215700805089239 1.7823862795336e-05 0.0699047944480041 0.222669229182225 0.181384280110214 0.263563206851781 0.0467598604557406
"NA19098.1.G04" 0.41019065099575 1.72987491823154e-05 0.00944594746294808 0.201066477440738 0.0914447914790773 0.260019769279666 0.0278150645926392
"NA19098.1.G05" 0.393881336903926 2.67679973622002e-05 0.0190724891586411 0.269440154133747 0.0599675759007396 0.174243284599252 0.0833683913063324
"NA19098.1.G06" 0.125499355420923 0.0506601147893216 0.118362299933323 0.38833198000607 0.0888793738438464 0.177270392297588 0.0509964837089273
"NA19098.1.G07" 0.119968485674469 0.0643678629631177 0.0492315574968067 0.348341594085735 0.158561156515269 0.176503304888324 0.0830260383762782
"NA19098.1.G08" 0.195873494747221 0.0880815397074721 0.206684562752843 0.205910357346853 2.54958606427356e-06 0.264872460302857 0.0385750355566888
"NA19098.1.G09" 0.398754789707007 0.0370985642969818 0.0523644190582311 0.1451356712171 0.0174245525152518 0.240088105727296 0.109133897478132
"NA19098.1.G10" 0.135475897563375 0.120287132951085 0.141736847581167 0.368824985219213 5.24574857128924e-06 0.181977999587411 0.0516918913491773
"NA19098.1.G11" 0.0888736688942987 0.143927025577686 0.132947801366637 0.446741286641227 0.0755251490148399 0.0675773518444785 0.0444077166608323
"NA19098.1.G12" 0.418839889285114 4.44431678380998e-05 0.0084275258722946 0.125279123615743 0.0532619935297286 0.357220100585455 0.0369269239438266
"NA19098.1.H01" 0.220815947418008 0.17246137222691 0.0508676390850015 0.278640706509445 6.85165520770144e-06 0.203535162118356 0.073672320987072
"NA19098.1.H02" 0.131992342899917 0.0960154217335087 0.0615324862736238 0.220296555266682 0.133316336415496 0.302491978443106 0.0543548789676664
"NA19098.1.H03" 0.321932566705699 1.2339134304038e-05 0.0298639280716204 0.099128127628591 0.104757394658845 0.397246151127145 0.0470594926737956
"NA19098.1.H04" 0.469139363131206 0.0428509814631002 3.67720657520304e-05 0.0992244076665312 0.0560911026030794 0.259840021871711 0.0728173511986202
"NA19098.1.H05" 0.531943796035651 0.00951757160646438 1.49504841432674e-06 0.154079578544894 0.0028279345448724 0.281021695285607 0.0206079289340968
"NA19098.1.H06" 0.0230508384898128 2.22563160912226e-06 0.169430745963692 1.14810605552793e-05 0.332406619767987 0.383821524015008 0.0912765650713363
"NA19098.1.H07" 0.368689896669507 1.33166824609863e-05 0.0538822206691388 0.0956201667524674 0.127096287024112 0.287241732045377 0.0674563801569364
"NA19098.1.H10" 0.145637959785588 0.0900088781107158 0.309676383059281 0.216114976416673 0.033339291466692 0.158766917594655 0.0464555935663953
"NA19098.1.H11" 0.365468931694465 0.0321220403819936 0.0849391277395174 0.222854350578239 0.100057009433026 0.106543668665733 0.0880148715070264
"NA19098.1.H12" 0.115972420103048 0.0501074076892583 0.0699720088152024 0.285815275712592 0.130402830468971 0.338573604402254 0.00915645280867545
"NA19098.2.A05" 0.048846615164626 0.0874214394444789 0.277376000889956 0.321793196861612 0.00343522974659129 0.240637456134648 0.020490061758088
"NA19098.2.A07" 4.80448806432888e-06 0.146331533307588 0.338944875361358 0.230486976772555 2.21872708412655e-06 0.245161059516391 0.0390685318269595
"NA19098.2.B03" 0.116408272948966 0.108874706252099 0.253196754678179 0.180383864373316 4.55240027131206e-06 0.328860476650172 0.0122713726969976
"NA19098.2.B06" 9.14420946333205e-06 0.0664966198744352 0.390626968877149 0.300631791270703 1.51752305150424e-06 0.210359174300736 0.0318747839444628
"NA19098.2.B08" 5.36292468214523e-06 0.13382415777079 0.335396488401719 0.264822878648182 1.43483879650129e-06 0.259947622706853 0.00600205470897703
"NA19098.2.B10" 0.207586716296848 0.0352893086220575 0.341285774741356 0.163585058779405 1.02455183751901e-06 0.245689555108535 0.00656256189996097
"NA19098.2.C01" 0.000118834833473331 0.0643714511866179 0.321841705688552 0.221151377522298 0.0654813503910497 0.326620518671442 0.000414761706567109
"NA19098.2.C06" 0.169033684914125 5.58991547643728e-06 0.180238302544416 0.14017452946809 0.127794151260912 0.373108431750166 0.00964531014681425
"NA19098.2.C07" 0.0760713724127897 0.0616839639659234 0.254723455497213 0.246154413375941 0.0528902498811946 0.301841735359542 0.00663480950739644
"NA19098.2.E08" 0.150121626010753 1.23175563036259e-05 0.33064080128955 0.215525752011333 0.0339548550321119 0.247506936714166 0.0222377113857824
"NA19098.2.E11" 5.00449166072239e-06 0.0767533237014041 0.382016654265274 0.312245085153778 2.6701805841554e-06 0.224555557070915 0.00442170513638448
"NA19098.2.F04" 0.203752402640923 2.53936261835457e-06 0.246517473470133 0.0814151921813444 0.0700033733627571 0.388980474406668 0.00932854457555615
"NA19098.2.F07" 0.126144757557927 0.0329312266449571 0.296310803925152 0.231343110544031 6.27621039539116e-05 0.312362975389366 0.00084436383461321
"NA19098.2.G08" 0.220644503331325 0.00407531346046765 0.294233237290889 0.0782262876403106 9.65737572239903e-06 0.355269169700412 0.0475418312008731
"NA19098.2.G12" 0.15609634905689 9.90541243650538e-06 0.355629160680286 0.149976386632158 0.109026373525193 0.161267972088432 0.0679938526046051
"NA19098.3.A03" 0.0699472014955995 0.168147045227791 0.304028681653911 0.262657432854441 0.018420089867128 0.138028518701521 0.038771030199608
"NA19098.3.A06" 0.271771114318647 0.0202720403120381 0.176017606877902 0.131369447057483 0.269560419599207 0.104358709548809 0.0266506622859143
"NA19098.3.A08" 0.0934851687874922 0.175543230211667 0.109931188328085 0.317434297818692 0.125635796034997 0.123543228943022 0.0544270898760453
"NA19098.3.A12" 0.242798571615949 0.0135322816806799 0.291292234830372 0.190451497208276 0.0520121221937276 0.192061574541904 0.0178517179290914
"NA19098.3.B01" 0.0178049328402664 0.0563201733167095 0.416275863038538 0.11929746374934 0.0740852032762659 0.316213075586139 3.28819274141059e-06
"NA19098.3.B03" 0.394931859603493 0.0948326036163268 0.0969081023612366 0.116094277726586 0.0354345925001633 0.202832971196575 0.0589655929956204
"NA19098.3.B04" 0.0947609973551487 0.117464813187903 0.198965847522827 0.420419139820109 0.14582394278784 2.33940910400009e-06 0.022562919917068
"NA19098.3.B05" 0.0633022828853922 0.118020707647543 0.259274691774985 0.422661487030232 0.117091446382569 0.0196351818171541 1.42024621240595e-05
"NA19098.3.B07" 0.418789662563786 0.0413286904274339 0.158041856703199 0.160813685151984 9.20664257927433e-06 0.192384762964054 0.0286321355469636
"NA19098.3.B09" 0.255575704079094 0.0538310364841724 0.584710968959441 0.0713580258481539 8.61707172020662e-07 0.034518228682285 5.17423968146478e-06
"NA19098.3.B11" 0.170216179137288 0.0634450275090186 0.0979829898187021 0.404981737334968 0.216104817835189 0.0296858474963734 0.0175834008684617
"NA19098.3.B12" 0.0657782595632894 0.0462555139091 0.2566789089453 0.398186651323659 0.182175754825465 0.0155247729179385 0.0354001385152475
"NA19098.3.C01" 0.150908332629592 0.0957770187458176 0.220673561531389 0.25912887003681 0.137694039674241 0.135739477408536 7.86999736141894e-05
"NA19098.3.C03" 0.190537111361754 2.16150924116535e-05 0.211790218824323 0.147588614696645 0.204523436730956 0.245536699212646 2.3040812630183e-06
"NA19098.3.C04" 0.460192481508825 4.57701258497452e-06 0.155730595167737 0.121362344001157 0.0898043549667001 0.160719357718601 0.0121862896243945
"NA19098.3.C05" 0.0754320407554585 0.079615069182627 0.275214785867512 0.378692077280505 0.143330221614142 0.0477000888975136 1.57164022411177e-05
"NA19098.3.C09" 0.051867735582839 0.0873210523540681 0.30412517026144 0.440274390737303 0.106054284441924 1.65214463378507e-06 0.0103557144777912
"NA19098.3.C10" 0.307443011832722 5.97151811774162e-06 0.31875898735509 0.210259041495441 0.0277216172899395 0.13081438879932 0.00499698170936919
"NA19098.3.C11" 0.418990750279681 0.00287378563889358 0.120686392127189 0.168159198678481 0.181429093695259 0.104108412390196 0.00375236719030081
"NA19098.3.C12" 0.0268453994985734 0.02194649694881 0.218828893662442 0.368022258319207 0.180663956897012 0.183692203770355 7.90903599879635e-07
"NA19098.3.D02" 3.03199718137363e-06 1.36743811580777e-06 0.391448031609786 0.051110714698233 0.362895934845566 0.121625726132336 0.0729151932787818
"NA19098.3.D03" 0.146007627464369 0.0532996662772079 0.237467056114363 0.392590603146514 0.0789391933339582 0.0687868298973529 0.022909023766235
"NA19098.3.D05" 0.052177153854043 0.0936082079976575 0.280228209030141 0.456140130596769 0.115537652644455 0.00229192017774678 1.6725699187037e-05
"NA19098.3.D07" 0.0913887677001282 0.0115410829670536 0.514980887721771 0.301332354246812 0.00442262188130055 0.00442309026077307 0.0719111952221616
"NA19098.3.D09" 0.15499161810186 0.0227446733850298 0.232388951056423 0.385614605090688 0.136038788393852 0.0480965605196779 0.0201248034524695
"NA19098.3.D10" 0.443446089906649 0.00254895533258388 0.219081802905581 0.0860162122570746 0.143988135525905 0.104672077142347 0.000246726929859238
"NA19098.3.D11" 0.135326655572275 4.7304769026856e-05 0.178089721670183 0.386801725962126 0.211722033509268 0.0760286536539248 0.011983904863196
"NA19098.3.D12" 0.290687985974683 1.81477649929381e-06 0.0778553012757613 0.102858601631062 0.257831345582302 0.270763338227587 1.61253210660248e-06
"NA19098.3.E01" 0.061774659392432 0.043768072079186 0.482485521578596 0.301129707073821 0.0929098905191756 0.0179259426920049 6.2066647836379e-06
"NA19098.3.E02" 0.402091593348364 0.00828623989969606 0.176211795169071 0.208026650496205 0.138820473889492 0.0642664003306619 0.00229684686650957
"NA19098.3.E03" 0.266917846822633 0.0264308862728769 0.295519044335603 0.277047310841117 0.106741476522887 0.00888333307073702 0.018460102134147
"NA19098.3.E04" 0.299059663326358 4.01376071327522e-06 0.0967234982210406 0.264062742554307 0.22691578798031 0.107768275707833 0.00546601844943844
"NA19098.3.E06" 2.72141911971126e-06 2.14659093770173e-06 0.286520205404583 3.3781898180394e-06 0.324247559650271 0.368327112013678 0.0208968767315925
"NA19098.3.E07" 4.98619129412176e-06 1.12068032124158e-05 0.121921411546292 0.160614654305009 0.512344367918514 0.147362938091547 0.0577404351441314
"NA19098.3.E10" 0.042842856444416 0.0368314777799481 0.352682718138718 0.422319992347182 0.0245564690152425 0.0953782391021309 0.025388247172362
"NA19098.3.E11" 0.41580510336065 5.20423251423346e-06 0.240346683197764 0.223057663607856 0.0263820138864496 0.0944002897224544 3.04199231147164e-06
"NA19098.3.E12" 0.259430049061881 5.45654638649377e-06 0.419946100007909 0.126577616403047 4.85517153375142e-06 0.194034221822185 1.70098705796108e-06
"NA19098.3.F03" 0.0987938867773211 0.0259244939561906 0.355333478174455 0.303733508456018 0.160189850023312 0.056019938660868 4.84395183558087e-06
"NA19098.3.F04" 0.303685843365037 3.34879014321959e-06 0.202026366580249 0.169053179205603 0.160641597401543 0.15073934458049 0.0138503200769355
"NA19098.3.F05" 0.435301367291266 0.00973237443881837 0.0428435261183926 0.128724738400646 0.244754065253489 0.138643024468009 9.04029379718439e-07
"NA19098.3.F06" 0.279818586230558 0.0196437235201186 0.278893334020722 0.172372794117518 0.135820364770751 0.113450115055968 1.0822843641812e-06
"NA19098.3.F07" 0.0632721525171722 0.00519306634783491 0.0574059621844834 0.305058716373208 0.481745005518725 0.0873139802775401 1.1116781036761e-05
"NA19098.3.F09" 0.142963110946203 0.0267524485931791 0.372693048072194 0.301479613444452 0.00673990579677651 0.114139557535397 0.0352323156117991
"NA19098.3.F10" 0.122116764707427 0.0376078309388286 0.233385732597803 0.414434089055641 0.18224282879398 0.00999670700814859 0.000216046898171413
"NA19098.3.G01" 0.453066675136007 0.00207806792061467 0.467147535740832 0.0776881769709667 4.47801526399382e-07 1.45609506897436e-05 4.53547936352419e-06
"NA19098.3.G05" 0.145889269159979 0.118804604073277 0.200513336086427 0.455370763116466 0.0794193254091388 1.32030385595923e-06 1.3818508562e-06
"NA19098.3.G06" 0.375165650919074 3.33669575180985e-06 0.206419694047552 0.108114743527502 0.138995952158472 0.165702424959467 0.00559819769218207
"NA19098.3.G08" 1.17857836564729e-06 1.2954734904083e-06 0.170350008778636 5.85011841020126e-06 0.546327824437271 0.283160190966415 0.000153651647411546
"NA19098.3.G10" 0.189392200391126 0.0969919774479706 0.286073007736154 0.345315053887868 0.0296610922226805 0.0522900420675202 0.00027662624668113
"NA19098.3.H02" 0.052983214257861 0.105898118985916 0.189567074219076 0.297434182951425 0.224176617617404 0.129939610525181 1.18144313634982e-06
"NA19098.3.H03" 0.0827386075806425 0.110262791208357 0.235984184302469 0.339397082919056 0.147044476509616 0.0823986861008298 0.00217417137902925
"NA19098.3.H04" 0.0309458699537435 0.0593880072965358 0.431100601649487 0.419633185384882 4.72415156036964e-06 0.0123971572405226 0.0465304543232686
"NA19098.3.H05" 0.198564940696941 0.0187184124792182 0.310506158507687 0.189250761583054 0.131919354129475 0.135187875617557 0.0158524969860684
"NA19098.3.H06" 0.459403827679033 0.00621111405796929 0.133867985190246 0.133733414942683 0.127328649085025 0.128750754164639 0.0107042548804045
"NA19098.3.H10" 0.18749534272227 5.90266929772514e-06 0.297821080310029 0.313495182110558 0.121476848797466 0.0797031599199307 2.4834704486189e-06
"NA19098.3.H11" 0.19568461355425 1.67965576525981e-06 3.44358423012939e-06 0.153208183540163 0.461971617469977 0.182621395942088 0.00650906625352504
"NA19098.3.H12" 0.413710844108462 0.0103614677722609 0.143171237489736 0.202217298795389 0.09822230665812 0.120439354959679 0.0118774902163526
"NA19101.1.A02" 0.381137367094891 0.120085265319639 0.060381040020908 0.00381093256447823 0.157218748085483 0.117702013089024 0.159664633825576
"NA19101.1.A03" 0.0463157720687125 0.2420453117084 0.161318457786613 0.318926823451095 0.124155700426309 0.0105747852279082 0.0966631493309629
"NA19101.1.A04" 0.395916860383642 0.0335780183096231 2.82800396857059e-06 0.106344356069758 0.176535468250696 0.245340731064103 0.0422817379182106
"NA19101.1.A05" 0.253667177937851 0.128272744913329 0.140406320916456 0.197456057829018 0.131653905710879 0.0460114850051534 0.102532307687312
"NA19101.1.A06" 0.479280145267646 0.0640686631395613 0.103689365516955 0.108275081709348 0.0516278589541082 0.07284172476985 0.120217160642532
"NA19101.1.A07" 0.0393966180886423 0.297424227677855 0.147152240361954 0.278813904218939 0.0498655255438519 0.0312396758719576 0.156107808236801
"NA19101.1.A08" 0.413711392607047 0.0125145552838699 8.5194655000965e-06 1.04442947928493e-05 0.202802652310976 0.222707215879046 0.148245220158769
"NA19101.1.A09" 0.113088875239493 0.202496254066955 0.234446214758942 0.26303833494215 0.0313285478746679 4.37371881733444e-06 0.155597399398975
"NA19101.1.A10" 0.549749155720197 0.0147061903630368 4.40005684291842e-06 0.0940704176565236 0.101272061219115 0.117315871869826 0.122881903114459
"NA19101.1.B02" 0.0627513830340377 0.171251180095365 0.296754384915118 0.278378194186709 0.0267151839758684 0.0248767819604026 0.139272891832499
"NA19101.1.B03" 0.564070193033213 0.0810466154203032 5.30139866592868e-05 0.0569510046041608 2.54573929776725e-06 0.14777351953922 0.150103107677145
"NA19101.1.B04" 0.449169286228112 0.0242077248134542 0.0761988462861031 0.16571767802159 0.136723513082929 0.026526979874041 0.121455971693771
"NA19101.1.B05" 0.364184574959538 0.0528818475608355 0.126807207260068 0.125741598654478 0.107189384969642 0.0959606889875657 0.127234697607873
"NA19101.1.B07" 0.213083627716244 0.116512542016116 0.249898422776999 0.14862666898595 0.126070820231714 0.0542624655320921 0.0915454527408846
"NA19101.1.B08" 0.0489250987662318 0.192163105673526 0.254718388552585 0.242811493785764 0.0559463298887748 0.0876816907686095 0.117753892564508
"NA19101.1.B09" 0.204430828626453 0.189091137420012 0.133115744326557 0.252055996697132 0.130785604163564 0.00710856294748241 0.0834121258188
"NA19101.1.B10" 0.291353850461932 0.0986304853281705 0.0682792677245626 0.314214407686638 0.133480294220775 3.91173574707704e-06 0.0940377828421751
"NA19101.1.B11" 0.265157008791763 0.0729131780264027 0.161894420625853 0.248148864186572 0.103100950899132 0.0317493870352853 0.117036190434992
"NA19101.1.B12" 0.53846827802707 0.0238005512463033 0.0211817643533828 0.0520496881348326 0.0666761330478139 0.152297647554313 0.145525937636285
"NA19101.1.C01" 0.281895787697973 0.0251079202038283 0.279485852397653 0.119490266365613 0.0943210300004522 0.134905951130244 0.0647931922042358
"NA19101.1.C02" 0.475595150790896 4.28784179157378e-06 0.0444500186619693 5.45221046914229e-06 0.121059531946786 0.200970394311749 0.157915164236339
"NA19101.1.C03" 0.285632382337132 0.17440140082504 0.0728392815748111 0.181938534573213 0.0858922077256822 0.0732049902749738 0.126091202689148
"NA19101.1.C04" 0.517688171114813 3.9893725661292e-06 0.0431043174143712 0.0271723267126713 0.136646710695403 0.168528463313728 0.106856021376447
"NA19101.1.C05" 0.101431710825557 0.0834734440771813 0.174515233339228 0.249779280369866 0.248059374800408 0.0756673701583117 0.0670735864294478
"NA19101.1.C06" 0.269091017573178 0.0568799813758034 0.193149500013579 0.259172031836846 0.112792794088609 9.94970749786798e-07 0.108913680141236
"NA19101.1.C07" 0.143291460766549 0.103055231536571 0.187301439470578 0.251590693678596 0.21528004530221 0.00691882664236819 0.0925623026031289
"NA19101.1.C08" 0.0938483216459741 0.0991217650824019 0.163746657456888 0.315690938233498 0.145634212211987 0.0225735605882037 0.159384544781047
"NA19101.1.C09" 0.463100048914438 0.0127276195723027 0.102174360511357 0.0933509919125883 0.118242883529354 0.0905390151040136 0.119865080455946
"NA19101.1.C10" 0.212527854924825 0.0619561206897202 0.163578482014538 0.324312826334688 0.112571286443852 0.031916358176543 0.0931370714158333
"NA19101.1.C11" 0.068433306454745 0.0245456753930658 0.146000666323784 0.436711224244453 0.120931253156295 0.0742633796222868 0.129114494805371
"NA19101.1.C12" 0.557978861145247 4.68024703195498e-05 0.145530919886589 5.3309495330644e-05 0.0732624319476374 0.113848977827098 0.109278697227778
"NA19101.1.D01" 0.230869618441654 3.80870503200524e-06 4.02838435462601e-06 0.122149780355365 0.375007458670225 0.186620393431321 0.0853449120120474
"NA19101.1.D02" 0.421908423533267 3.62573649596106e-06 0.20745475315047 0.0561411341086903 0.177239605755254 0.0296818791635869 0.107570578552237
"NA19101.1.D03" 0.37501656955064 0.116843327038133 0.0705259306320871 0.133372419431603 0.143123889604383 0.0576983417586861 0.103419521984468
"NA19101.1.D05" 0.609366534317497 8.91922746180555e-05 0.0516469996729692 0.0582377344488201 0.119387129168456 0.105488433718425 0.0557839763992145
"NA19101.1.D06" 0.288364260004151 2.39709509537907e-06 6.29191987986093e-06 0.17357711837404 0.321068648625432 0.110544766655396 0.106436517326005
"NA19101.1.D07" 0.320386819323806 0.0788510348698382 0.00335376868326849 0.194561737382271 0.267209240159515 0.0807011670896777 0.0549362324916238
"NA19101.1.D08" 0.120759394736598 0.0725410028496031 0.148980453427202 0.424528415139545 0.119646042410243 5.55132177427866e-05 0.113489178219066
"NA19101.1.D09" 0.0953995929335813 0.193113675454662 0.161488372405029 0.34615084895193 0.117014873187327 9.55129083603527e-07 0.0868316819383877
"NA19101.1.D10" 0.346851491645955 5.23729184612897e-06 0.113755279048354 0.197340796513812 0.211034035710738 0.0485174519294374 0.0824957078598572
"NA19101.1.D11" 0.229173282972172 0.0756217142219633 0.139320622285498 0.33134677452364 0.138235670002883 1.73193478776544e-06 0.086300204059056
"NA19101.1.D12" 0.519099417436848 0.00521314243216652 0.124905238381014 0.0588343536296336 0.106113781256718 0.0794248321927288 0.106409234670891
"NA19101.1.E01" 0.104793649811929 0.056628774539501 0.142402736619449 0.395127219800279 0.126159170646996 0.0302280136429962 0.144660434938851
"NA19101.1.E02" 0.329358127472552 0.000140238191938289 0.186656893102669 0.188486249707076 0.0719396969969452 0.106321886687566 0.117096907841253
"NA19101.1.E03" 0.477115530574164 6.32845497055279e-06 0.0933735030387462 0.106549146059273 0.117026060643787 0.111024662964773 0.0949047682642859
"NA19101.1.E04" 0.212020766551082 0.000692740917399269 0.206635686700602 0.363267353107202 0.118694126676794 1.15491865138842e-06 0.0986881711282692
"NA19101.1.E07" 0.366423326913141 0.0590257280033359 0.189614541350182 0.208074697619639 0.0639733125833776 0.006037648290582 0.106850745239742
"NA19101.1.E08" 0.136035500509489 0.0568640995559666 0.359720006774232 0.247738549757006 0.0735761015330325 0.0366404513246944 0.0894252905455803
"NA19101.1.E10" 0.132391897509812 0.0409128416351352 0.354986947211624 0.339115104605247 0.068010020210168 2.09451633382152e-05 0.064562243664676
"NA19101.1.E12" 0.233034505794376 0.0577093112966607 0.0947237695219807 0.315552487747858 0.133545234993096 0.0548304389842181 0.11060425166181
"NA19101.1.F01" 0.36448555054763 0.0234208149902562 0.141511283902743 0.14063380059375 0.0643292830696073 0.172252778356962 0.0933664885390516
"NA19101.1.F02" 0.233790399879473 0.0880609363187364 0.09249355570253 0.372988623681631 0.107127326770753 0.00515467270029278 0.100384484946584
"NA19101.1.F03" 0.385562139183815 0.0508385175187141 0.141032313949556 0.188468057935422 0.132108145817239 2.00417756156936e-06 0.101988821417692
"NA19101.1.F04" 0.286979358247895 0.00493204634876289 0.0493408839543694 0.194280936968427 0.234815297494473 0.102231459346702 0.12742001763937
"NA19101.1.F07" 0.370069754479045 0.0640667321475433 0.12799719602157 0.190878365918019 0.13986427843437 0.0233643777607919 0.0837592952386599
"NA19101.1.F08" 0.361632386054654 0.0540716585463343 0.106597843901188 0.220792499071114 0.155423233697193 0.0121396791765238 0.0893426995529942
"NA19101.1.F09" 0.181085739818204 0.109379412765559 0.248641190551377 0.276620934136943 0.116265105704864 1.2599738263588e-06 0.0680063570492267
"NA19101.1.F11" 0.473551099450336 2.90906303712409e-06 0.134489376202035 0.0788636804666261 0.114738564946624 0.0961648836833109 0.102189486188031
"NA19101.1.F12" 0.433929167227297 2.0593714865051e-05 0.0979634425657673 0.0589215026108744 0.193485794459693 0.104738805072589 0.110940694348914
"NA19101.1.G02" 0.0861926848776492 0.0719467659153341 0.166224306754541 0.270002932408913 0.137801693652396 0.102849863117431 0.164981753273736
"NA19101.1.G03" 0.454796676317209 1.83258490093478e-05 0.0449122195799557 0.0749672392898955 0.145391912737404 0.114656892570135 0.165256733656391
"NA19101.1.G04" 0.125811289452116 0.0289390774538093 0.374209418118594 0.276985112627531 0.0581223131458851 6.27201785688061e-06 0.135926517184208
"NA19101.1.G05" 0.253726233941496 0.0622887934154461 0.137949752004341 0.17585548731113 0.205919212286025 0.0840374216144099 0.0802230994271523
"NA19101.1.G07" 0.489427004612415 0.000264352258990123 0.17847273058584 0.0642322905521146 0.0631658576919945 0.0963698318081055 0.10806793249054
"NA19101.1.G08" 0.328938237831524 0.0394580410661217 0.077014706549376 0.115892523390031 0.241741130676699 0.110257215079536 0.0866981454067117
"NA19101.1.G09" 0.383997820741778 0.0944359197377372 0.0500069807913732 0.122568090601141 0.154104004940896 0.110350275834193 0.0845369073528805
"NA19101.1.G10" 0.34668704621354 1.06992183085402e-05 0.186844726205585 0.187498635654705 0.118037430023936 0.0558345536252838 0.105086909058642
"NA19101.1.G11" 0.101774287879368 0.155089906345759 0.148855536579288 0.379929509223417 0.132164905946435 9.88851186452587e-06 0.0821759655138687
"NA19101.1.G12" 0.0721376009290419 0.101583337284447 0.253145733633189 0.390874635312629 0.0968517763132526 6.98942484806711e-07 0.0854062175849556
"NA19101.1.H01" 0.108085520729574 0.193194453062511 0.100447966745764 0.288975231254149 0.0966642957328858 0.0289530795114134 0.183679452963703
"NA19101.1.H02" 0.483185072075447 0.0645658239783508 0.0373442227556263 0.0112371792206397 0.112918734511107 0.129704868929253 0.161044098529576
"NA19101.1.H03" 0.0238608647844372 0.146135780410622 0.323855022541755 0.295381543956529 0.101904631435802 8.4656058433731e-05 0.108777500812422
"NA19101.1.H05" 0.147370579378331 0.0803685189436591 0.192616511158292 0.342278939625347 0.102788020970575 0.0386245860025568 0.0959528439212387
"NA19101.1.H06" 0.233786864071879 0.0893931211539015 0.0565638840862441 0.35124966859795 0.120641588332408 0.04386961765764 0.104495256099978
"NA19101.1.H08" 0.442992043062038 0.0727195872923461 0.145628358135271 0.0112560279057493 0.0997457541990368 0.115882880046057 0.111775349359502
"NA19101.1.H10" 0.11571041301637 3.73008840794725e-06 0.271037164505315 0.408403430888423 0.0673564746394704 1.84178884599977e-06 0.137486945073167
"NA19101.1.H12" 0.539541974853203 6.12077851589182e-06 0.232611466826482 0.00810360523775366 0.0571357517232699 0.0719894011935622 0.0906116793872135
"NA19101.2.A01" 0.0102604381379585 0.177788224376953 0.373622152598887 0.0759059366437145 0.108857070370138 0.0941999823695564 0.159366195502793
"NA19101.2.A02" 0.192572692775558 0.21611792013926 0.285832318369999 2.40410097170504e-06 0.0707933725023769 0.172747620639801 0.0619336714720328
"NA19101.2.A06" 0.0383296321143007 0.0977859203720203 0.381188802098189 0.218786130802012 0.10179463004232 0.0822539647430215 0.0798609198281367
"NA19101.2.A08" 0.131934469962591 0.198326084212805 0.346399304636433 0.0742015404981287 0.0661576917327693 0.0810991839725762 0.101881724984696
"NA19101.2.A09" 0.0625219955652454 0.277852327261328 0.2991528373851 0.116944891007219 0.0973138608952684 0.0520033182775334 0.0942107696083048
"NA19101.2.A10" 0.282241034301814 0.19284134814895 0.235593125538188 5.92438100877679e-06 0.0328673513660338 0.147544985278875 0.10890623098513
"NA19101.2.B02" 0.0405312439989819 0.235908818318737 0.168759475037323 0.244682142324612 0.171792517848432 0.0526555827133756 0.0856702197585391
"NA19101.2.B03" 0.219866419909583 0.144749834298356 0.263185361690677 6.35031137915618e-06 0.157894127019588 0.113317580470169 0.100980326300247
"NA19101.2.B04" 7.02784848012963e-07 9.69542421624982e-07 0.31605501583829 1.12221789052009e-06 0.34439930940592 0.187452428093381 0.152090452117249
"NA19101.2.B06" 0.221972184287021 0.129120492326014 0.227661371392874 0.0150716386249085 0.195925709097818 0.0928540950890736 0.117394509182291
"NA19101.2.B08" 0.145827977061295 0.213284476480241 0.276477295836915 1.01316095476238e-05 0.0927571159287524 0.233542099634658 0.0381009034485921
"NA19101.2.B09" 0.222836987217078 0.150945209423931 0.232703167994648 0.0389637202960499 0.165882437707342 0.0922287253064994 0.0964397520544524
"NA19101.2.B10" 0.219310427808215 0.116895838148204 0.254524992847735 0.0258984141979059 0.164722573057888 0.17566501514281 0.0429827387972428
"NA19101.2.B12" 0.0923672931196133 0.137490036508384 0.426638063248858 0.104286190076894 0.133930613281836 0.00327685787516229 0.102010945889253
"NA19101.2.C01" 1.2101032963327e-05 9.88218634709722e-06 0.446137336344811 2.38016001082177e-06 0.242055267966394 0.149727181365267 0.162055850944207
"NA19101.2.C03" 0.101925648176508 0.155223081435249 0.355338491952813 0.0171692253632666 0.164675946446406 0.13329375003541 0.0723738565903481
"NA19101.2.C04" 0.305272718673844 0.0501132983123626 0.403354213598101 1.0347701335707e-05 0.000355218710640201 0.172828356081842 0.0680658469218758
"NA19101.2.C05" 0.207742011742482 0.130044702945339 0.204437648244093 0.000910820091447545 0.230417487251494 0.138759806867876 0.0876875228572681
"NA19101.2.C06" 0.201493587617988 0.100371389574958 0.240790954849938 0.179258119312901 0.160509137528743 0.0660472204599981 0.0515295906554734
"NA19101.2.C07" 0.372318371606436 0.100622699960327 0.274196866091143 0.0580612391269328 0.132097823933634 0.0233326905063151 0.0393703087752127
"NA19101.2.C08" 0.275964329119365 0.0595578572490844 0.318048450930703 7.58946347493215e-06 0.138002390271136 0.10640343870487 0.102015944261367
"NA19101.2.C09" 1.33412035042079e-06 2.02370194785452e-06 0.243464006321855 9.5330010283303e-06 0.41641783701025 0.188491347174099 0.151613918670469
"NA19101.2.C11" 0.0444266696311869 0.115040690489424 0.381798865551014 0.257378741568675 0.139965509882167 4.53520468314864e-06 0.06138498767285
"NA19101.2.D02" 0.240322087508138 0.0274182514721594 0.366857203679568 0.000149061154478608 0.127328711122252 0.106230718827237 0.131693966236167
"NA19101.2.D03" 0.176148764012463 0.118080963568668 0.39771047191136 0.153698384598246 0.0142977579707901 0.105845523265559 0.034218134672914
"NA19101.2.D04" 0.111766516338099 0.0734116613927319 0.375284440013764 0.172352318162861 0.106084847384934 0.121824605527618 0.0392756111799925
"NA19101.2.D05" 4.37577318029064e-06 4.74274423843587e-06 0.394432146676271 0.00293869421990108 0.292953207049219 0.171261938199606 0.138404895337584
"NA19101.2.D06" 0.270787695260218 0.00769028742706459 0.230488325041731 0.0696066945631708 0.233234986177716 0.0981017512013137 0.090090260328786
"NA19101.2.D07" 0.16658543178238 0.0508710539802024 0.11551769839622 0.166216463494078 0.408581864113308 0.020274782343503 0.0719527058903082
"NA19101.2.D08" 0.361072168119507 0.0765857958735838 0.169060503692753 0.086714532348983 0.170028865977381 0.0245949527020516 0.111943181285742
"NA19101.2.D09" 0.0621622418858834 8.88042763807919e-06 0.454281441603003 0.0207390113576135 0.145199579775056 0.157912401825865 0.159696443124941
"NA19101.2.D10" 0.0148524355542217 0.0726173471024817 0.232592914444123 0.181595570138299 0.342168376018846 0.0713693377186115 0.0848040190234165
"NA19101.2.D11" 0.145805286495656 0.147019588775281 0.359802100893487 0.114150413530494 0.0523818126967436 0.134630782602624 0.0462100150057144
"NA19101.2.E01" 0.170571867517915 0.0756815792826226 0.371197745427746 0.0199411230845884 0.172210619640974 0.0808142684105693 0.109582796635585
"NA19101.2.E02" 0.353848858626637 0.0502039004935032 0.284877151066206 0.0359860387216117 0.109147714648957 0.102922974644262 0.0630133617988242
"NA19101.2.E03" 6.47340287159013e-06 3.94642939284368e-06 0.395224194617983 7.47398932494552e-06 0.230946703487876 0.324299371365951 0.0495118367066002
"NA19101.2.E04" 0.0951130460845796 0.100923212716268 0.328749486668337 0.205380628062591 0.230059218335412 2.33527803256001e-06 0.0397720728547799
"NA19101.2.E06" 0.143255491305009 0.0136838567603549 0.241094780888725 0.0572107441178895 0.283523256420792 0.110418037121328 0.150813833385902
"NA19101.2.E07" 0.137541799021148 0.075753608437546 0.31891205097606 0.109078447536063 0.207856504172234 0.0557096448223283 0.0951479450346215
"NA19101.2.E09" 0.00364974368918281 0.0287626753634679 0.443602233644608 0.171963441696736 0.156985595132848 0.0379171425213965 0.157119167951761
"NA19101.2.E10" 0.368797271264132 0.0535440665863354 0.202617731931914 0.104067620084649 0.0716404724691923 0.112355966510547 0.086976871153231
"NA19101.2.E11" 0.0521836151704077 0.0910908211764616 0.322976624410532 0.212276607467539 0.246183052054708 0.0104591279406685 0.0648301517796838
"NA19101.2.E12" 0.26909033984464 0.115461451897477 0.332108023416367 0.156702689170629 0.0146571305718806 0.0661611728137021 0.045819192285304
"NA19101.2.F01" 0.21520647870111 0.100469752543667 0.393144860929758 0.0696283927841522 0.0691035647638476 0.0801087837952921 0.0723381664821735
"NA19101.2.F03" 0.104224549621052 0.0823923520691395 0.369354626078961 0.158076876929531 0.190263791673621 1.11132407333699e-06 0.0956866923036215
"NA19101.2.F04" 0.278373728874435 0.0188671169407425 0.139512829063035 0.102080333536206 0.264133611018674 0.115956393734507 0.0810759868324008
"NA19101.2.F06" 0.205834066783955 0.0944701648263738 0.250817304743513 0.232539202361197 0.168838172693692 1.31571343357823e-06 0.0474997728778351
"NA19101.2.F07" 0.0620750228327651 0.135753090055172 0.276562684195511 0.253936742811546 0.181349324303694 0.0216656043642776 0.0686575314370336
"NA19101.2.F08" 0.0775133326385402 0.036590440587025 0.489272292374525 0.171615260365417 0.0449256429166341 0.0943706608968862 0.0857123702209721
"NA19101.2.F09" 0.218151305310644 0.0959397335125999 0.347104324985223 3.35280416200511e-05 0.084815033134016 0.149505885160258 0.10445018985564
"NA19101.2.F12" 5.67888293996573e-06 5.33274970958712e-06 0.493428127710302 0.0214366031765655 0.225624728148245 0.140491025357274 0.119008503974964
"NA19101.2.G01" 0.128869885253626 0.156877420829996 0.341701268833352 0.0419949754577466 0.159245156135693 0.0679536803986632 0.103357613090924
"NA19101.2.G02" 0.0416458238965709 0.109947548569327 0.228716427294338 0.261725081152395 0.208886121458382 0.0513494272154896 0.0977295704134962
"NA19101.2.G03" 0.19300488228313 0.0799873244470786 0.231480046899444 0.0122377735978217 0.257674867266052 0.0892738796280303 0.136341225878443
"NA19101.2.G04" 0.213742685688431 0.0790662750490988 0.274833090569776 0.15362851007134 0.18231690264606 0.0290057612667973 0.0674067747084975
"NA19101.2.G05" 0.0668408630172108 0.124094883864218 0.407482798665394 0.0588274762002935 0.120660790824765 0.167086435547981 0.0550067518801365
"NA19101.2.G07" 0.108149149890134 0.127003269304667 0.194549052055743 0.106165989715176 0.277309360032683 0.079598243550588 0.10722493545101
"NA19101.2.G08" 2.11551615200027e-06 3.29982955984095e-06 0.371688066300564 9.82861266474633e-06 0.242852841777393 0.2441243400728 0.141319507890866
"NA19101.2.G09" 0.130229334941573 0.169526069297178 0.321422586748143 0.142651679946899 0.104965851961717 0.0222854384773983 0.108919038627092
"NA19101.2.G12" 0.217757330407092 0.0593644929533596 0.291373544870459 0.115810729317463 0.190784640367744 0.0175692596364483 0.107340002447434
"NA19101.2.H01" 0.187853263186355 0.0988243276548838 0.373578759506167 0.035054842108356 0.123348267851492 0.0529930055750414 0.128347534117705
"NA19101.2.H02" 0.0742016555062265 0.0705020522771094 0.313772117154156 0.0500989470975886 0.222891759150758 0.110287569897526 0.158245898916636
"NA19101.2.H03" 0.161279663550799 0.144540874522948 0.394933174814734 0.0772515309902725 0.0889667861209971 3.52965198605884e-06 0.133024440348264
"NA19101.2.H05" 0.0313895913454623 0.12887093952096 0.478038323390739 0.232957751935192 2.14714881152126e-06 0.111390694256361 0.0173505524024742
"NA19101.2.H06" 0.0227506356875297 0.167175444555093 0.327414759686189 0.300706148360275 0.0898849265413093 0.0271204400465293 0.0649476451230746
"NA19101.2.H07" 0.160236896562873 0.136621874566758 0.28028738789776 0.131380269031549 0.184306571133982 7.24972249552334e-06 0.107159751084582
"NA19101.2.H08" 0.191535687357435 0.22010685238862 0.291178204321682 0.0332520854326912 0.0204233931526589 0.177974200540603 0.0655295768063104
"NA19101.2.H09" 1.09334718280439e-06 1.83974204041174e-06 0.306788538657653 1.10949039702109e-06 0.343862867315062 0.168176810656856 0.181167740790809
"NA19101.3.A06" 0.0622732538541867 0.14144525328442 0.219284241790624 0.260092168564588 0.216691889921404 0.0739484880185798 0.026264704566197
"NA19101.3.A07" 0.131114049090374 0.0665310736389599 0.129885662111739 0.121869397182509 0.313961257373654 0.0941094977750727 0.142529062827692
"NA19101.3.A10" 0.0728449430998568 0.219412786297964 0.21978047423228 0.34406199712448 0.104394204537365 4.81749848527196e-06 0.0395007772095692
"NA19101.3.A12" 0.334146679282786 0.0406569457200822 0.0754350420838775 0.125091261017 0.231454079153058 0.15353694417938 0.0396790485638159
"NA19101.3.B01" 0.231036105473339 0.172554033968307 0.174754019784979 0.224333093588217 0.0794040510841382 0.0336383537134602 0.0842803423875594
"NA19101.3.B02" 0.145632833258308 0.214726222305811 0.251505210385531 0.291021251939995 0.0247377839487929 0.000306722342717518 0.0720699758188449
"NA19101.3.B06" 0.253988111833123 0.0946948175620779 0.238504750328488 0.136128185054201 0.113226274950455 0.08946010420201 0.0739977560696455
"NA19101.3.B07" 0.0866802464465724 0.247871125231949 0.17188747953022 0.323531749745481 0.127821923875197 2.22773182239438e-06 0.042205247438759
"NA19101.3.B08" 0.318729775451671 0.128623427847715 0.0933490457925229 0.172716272367677 0.0961255835632671 0.129635020326058 0.0608208746510898
"NA19101.3.B09" 0.380576280074095 0.0766191371360141 0.0667451629011434 0.154291387570723 0.142242486425491 0.101581503796601 0.0779440420959323
"NA19101.3.B10" 0.0281477106166919 0.200599632964237 0.271829881704687 0.32813869488424 0.114037898495005 0.000882338310124233 0.0563638430250147
"NA19101.3.B11" 0.0887795025809169 0.0773047753402045 0.167316315216381 0.402459513678509 0.168072020478489 0.0134205951302708 0.082647277575229
"NA19101.3.B12" 0.101272241744524 0.152253044612287 0.221655838648558 0.365238125895613 0.0986525314022543 4.7168188598368e-06 0.060923500877903
"NA19101.3.C03" 0.366555621111048 0.110144567706365 0.0148477696909453 0.0898804034781866 0.239452035976693 0.122067626375561 0.057051975661201
"NA19101.3.C04" 0.180475486245091 0.138268196109261 0.207403419750539 0.305478500473562 0.107387228982886 3.10912123570142e-06 0.0609840593174249
"NA19101.3.C05" 0.0817266296802169 0.105105982258436 0.161670005826165 0.365292798840887 0.213258381641059 0.0400580530705461 0.0328881486826901
"NA19101.3.C06" 0.425434469291925 0.0186765396306449 0.124794912273549 0.148580922425534 0.0897427806616954 0.128880691879258 0.0638896838373928
"NA19101.3.C07" 0.439262665571688 0.0634065648485377 0.0118653006985116 0.240734199516907 0.190014550827329 0.0250468499295537 0.0296698686074735
"NA19101.3.C08" 0.454913447137499 0.039123446144478 0.0487437700484784 0.162974251348423 0.181400444623179 0.0851456081648542 0.027699032533088
"NA19101.3.C10" 0.0293529790340708 0.0488033253766929 0.293510180698485 0.276069121905247 0.216298773367751 0.105561857962384 0.0304037616553684
"NA19101.3.C11" 0.280108809716204 0.0265266912589871 0.244559184615828 0.261480672530984 0.107575023811158 0.000177277265505263 0.0795723408013334
"NA19101.3.D03" 0.107218173111964 0.146987029201445 0.100496490095539 0.36671940668215 0.224604406388545 0.0142927696181515 0.0396817249022042
"NA19101.3.D06" 0.208527799248286 0.0518403901767026 0.204458673989381 0.345229440522463 0.14316293541427 0.0126404621661913 0.0341402984827053
"NA19101.3.D08" 0.474896915932231 0.0320563164633558 1.06376600365007e-05 0.251003401996567 0.177881260197994 0.0237399302608264 0.0404115374889899
"NA19101.3.D10" 0.272631849480323 0.0582401081556407 0.108217996616811 0.373339532560861 0.137747291170317 5.91451998200297e-06 0.0498173074960649
"NA19101.3.D12" 0.371202245202688 0.0610006643786107 0.209071015179099 0.13682692145859 0.106772011816553 0.0386090930318568 0.0765180489326018
"NA19101.3.E02" 0.494072061448859 0.0396227670573665 0.1129373368235 0.115548905881594 0.116967702072564 0.0464805861044089 0.0743706406117072
"NA19101.3.E03" 0.295011298948634 5.02494534998064e-05 0.175057134796783 0.135100895527949 0.222372425957363 0.0985523035349611 0.0738556917808088
"NA19101.3.E04" 0.403747891133763 1.4316158449458e-06 0.22947966530848 0.0774303165686282 0.165394095262393 0.066607425132611 0.0573391749782798
"NA19101.3.E06" 0.473757180764433 3.61076325847429e-06 0.20522364844297 0.0433267667381176 0.112692137461584 0.0866793561262459 0.0783172997033917
"NA19101.3.E07" 0.109757220423196 0.13450764709274 0.334717525133799 0.295118245272535 0.0770320706562292 0.00915534731836019 0.0397119441031412
"NA19101.3.E09" 0.146703935580371 0.101725964612523 0.239111029685826 0.281245495000265 0.132210783394135 4.20434781008326e-06 0.0989985873790712
"NA19101.3.F01" 0.300860830921162 0.0602485996836818 0.150020985529626 0.281981009684458 0.145051396974942 9.07283393806275e-06 0.0618281043721925
"NA19101.3.F02" 0.190666472388019 0.0701515237088069 0.294454292670422 0.253316674164941 0.106495446815183 0.0103017720317203 0.0746138182209067
"NA19101.3.F03" 0.0167221297025569 0.108532071985416 0.469019238545531 0.323359729541027 0.0258967875033349 0.0204056990894183 0.0360643436327163
"NA19101.3.F05" 0.398813463110734 0.0332829609036 4.26705142014685e-06 0.304046596559822 0.197393768798659 0.0259408864105432 0.0405180571652211
"NA19101.3.F07" 0.0387798867754933 0.0711604863792663 0.235939156419418 0.337710011466598 0.193631224420375 0.0832227414646815 0.0395564930741679
"NA19101.3.F08" 0.467275650490022 0.0538231407566799 0.06524510274448 0.0531424232128202 0.159199636023482 0.130819724741115 0.0704943220314004
"NA19101.3.F10" 0.359814745338679 0.0357969219841967 3.55081039817287e-06 0.325378234544066 0.182515550942467 0.0394788745893032 0.0570121217908909
"NA19101.3.F11" 0.502468904767371 0.00235822681174431 0.0698009834788012 0.0853748803347197 0.207908506673502 0.0857792253707893 0.0463092725630727
"NA19101.3.F12" 0.505843290444332 0.0368498237900583 0.166490960516266 0.117109960832062 0.113002047688969 0.0248314416156117 0.0358724751127017
"NA19101.3.G01" 0.228939896310185 0.021505680149914 0.202078807815943 0.139986890585069 0.180738094138914 0.108369676373809 0.118380954626167
"NA19101.3.G03" 0.270534391721727 0.0943894064030879 0.216286700451301 0.155802535200949 0.134759271749979 0.0670252340940867 0.061202460378869
"NA19101.3.G05" 0.443463650440566 0.027646985170321 0.0966738275236063 0.133001281649488 0.147457731756405 0.083759464286436 0.0679970591731778
"NA19101.3.G06" 0.0878808516284269 0.106214484979518 0.26368007018627 0.288003110526954 0.0753574218311876 0.138375551417467 0.0404885094301752
"NA19101.3.G07" 0.0381698655370614 0.130249016931472 0.226479502301196 0.285475670991432 0.26122697325892 0.017916168170414 0.0404828028095034
"NA19101.3.G08" 0.101288260123984 0.131244948574095 0.208082692775587 0.182876269033959 0.198364432234245 0.126660468414059 0.0514829288440711
"NA19101.3.G10" 0.312556472382838 0.146197867190797 0.151309085968058 0.181845955292752 0.00356809550593864 0.16442974504914 0.0400927786104766
"NA19101.3.G11" 0.199376974209308 0.0597848290102712 0.323742010890437 0.211863969242482 0.137041502003272 0.0111155487563415 0.0570751658878881
"NA19101.3.G12" 0.480017152560795 0.0676043271971952 0.200916929838088 0.0190756639259699 0.0754200146939655 0.0836943251166735 0.0732715866673123
"NA19101.3.H05" 0.468042894864911 0.0941372696964098 0.158465460978808 0.128542742105372 0.0573696456570285 0.0405092254799642 0.0529327612175069
"NA19101.3.H08" 0.458980408675067 0.120958322251684 0.112689695226124 0.0367541420879642 0.0731368093136978 0.118949890906679 0.0785307315387844
"NA19239.1.A01" 0.0472451089113389 0.411550409945915 0.244034297526676 0.081563155768945 0.174844059592357 0.0319694458388985 0.00879352241586866
"NA19239.1.A03" 0.154131726535545 0.372470248751132 0.152844130287214 3.61559053361082e-06 0.131379765617557 0.14030207788423 0.0488684353337884
"NA19239.1.A05" 0.314609902097517 0.264499910728773 0.316846072102352 2.64219045846206e-05 0.0679653550252959 0.0360485836105656 3.75453091162104e-06
"NA19239.1.A06" 0.0442407651228311 0.334914214236718 0.383005807456592 0.08930548972403 0.115833899432922 0.0326968808575654 2.94316934158714e-06
"NA19239.1.A08" 0.0979530773433903 0.393947100739844 0.194306642166778 5.99216290111661e-06 0.131491554580399 0.180069869449022 0.00222576355766539
"NA19239.1.A09" 0.0393742247123397 0.354700113736745 0.148542759327326 0.101588174217782 0.27175090679434 0.0543715753919488 0.0296722458195194
"NA19239.1.A10" 0.204691010303343 0.309368652509962 0.323378041982298 0.016240238576035 0.0783972806145987 0.0599829788279102 0.00794179718585234
"NA19239.1.B02" 0.036326994321991 0.302060115138686 0.242683389682218 0.223966316361708 0.114620509787515 5.56539122989354e-06 0.0803371093166517
"NA19239.1.B03" 0.155907021041806 0.367473588136224 0.153594860277616 4.61049411184583e-06 0.217359035414327 0.0918792392283603 0.0137816454075546
"NA19239.1.B05" 0.144354787763978 0.230562273928511 0.381385414520373 0.00858258998280413 0.126408572756739 0.0842339235027317 0.0244724375448634
"NA19239.1.B06" 0.1494000697272 0.23177612145509 0.0802088220991764 2.50342036022802e-05 0.40390079476823 0.0795604535926452 0.0551287041540566
"NA19239.1.B07" 0.224212966670882 0.251518782165519 0.139395397633235 4.92423428122532e-06 0.212192762390342 0.166621496835425 0.00605367007031566
"NA19239.1.B08" 0.25148052327849 0.391237784111118 0.176573407231924 0.0227400036367861 0.136451362600195 0.0215152388757076 1.68026577849715e-06
"NA19239.1.B09" 0.225026121867569 0.381928488795273 0.185237655945755 0.018963526132338 0.166399778113284 1.39242154005873e-06 0.0224430367242405
"NA19239.1.B10" 0.181196733641974 0.20324880352158 0.0803735942551572 4.82385876488417e-05 0.381542915853255 0.153557814328113 3.18998122722788e-05
"NA19239.1.B11" 0.146865045992619 0.375581569590385 0.111169082597023 0.126907934084005 0.239473988961599 1.29342278750353e-06 1.08535158098416e-06
"NA19239.1.B12" 0.40758189075539 0.3143921407149 0.11659232114239 4.53260560051091e-06 0.0981556737741587 0.0632697685242058 3.67248335490599e-06
"NA19239.1.C01" 0.0440114268100266 0.324343465206668 0.286284513364431 0.0580225317593559 0.227488490430641 0.0598456941878991 3.8782409795516e-06
"NA19239.1.C02" 0.380918330648428 0.317653624670485 0.170516047412519 1.06517105262003e-05 0.098643981833216 5.85241296082868e-06 0.0322515113118646
"NA19239.1.C03" 0.318817013405727 0.295279492179905 0.1963072577148 3.71670751058559e-05 0.164924038599216 0.0244905076819444 0.000144523343302898
"NA19239.1.C05" 0.219376643629804 0.332789331364583 0.175532801042325 0.108574640081635 0.16371211324106 1.40101646009254e-06 1.30696241337621e-05
"NA19239.1.C06" 0.0793480102127203 0.317118778446832 0.134605634769992 0.181383421784703 0.251952185980698 0.0355901053664035 1.8634386517452e-06
"NA19239.1.C08" 0.0627474607075632 0.354254386843706 0.23711434470537 0.13675996546575 0.209117361064324 4.87416859289782e-06 1.6070446926189e-06
"NA19239.1.C09" 0.312636076050029 0.337251597913964 0.197626774931553 0.022978359243637 0.0981881613085983 0.0313151403698637 3.89018235491196e-06
"NA19239.1.C10" 0.216271887559773 0.373470465454743 0.160483054300107 0.0686389746967608 0.181115849675239 1.60701308844708e-05 3.69818249239668e-06
"NA19239.1.C11" 0.221450223052185 0.170714386812938 0.129796797081044 6.33773404395729e-06 0.369752343671797 0.108276798337227 3.11331076568474e-06
"NA19239.1.C12" 0.193656934833506 0.316425886017631 0.154331711899462 0.175723543141081 0.159858836100761 1.69838850131523e-06 1.38961905841579e-06
"NA19239.1.D01" 0.306279284011469 0.373237756163642 0.049390943798335 0.0369280349596363 0.194341173215608 0.0398215073180709 1.30053323764998e-06
"NA19239.1.D02" 0.170832139315941 0.340411289253026 0.164795643890882 0.0859065730338577 0.207536723162111 0.0305150203259487 2.61101823334269e-06
"NA19239.1.D03" 0.0138730243296016 0.281541992871006 0.237539606688544 0.0891676295134724 0.304177250711909 0.0601056942286845 0.013594801656782
"NA19239.1.D04" 0.182772418320911 0.285654341458921 0.169332051172147 0.09790903691909 0.245297520703804 0.0190334088472387 1.222577888269e-06
"NA19239.1.D05" 0.369348546190868 0.249447240469095 0.062894024600561 3.68247233333066e-06 0.277754922894217 0.0405509085313029 6.74841622987817e-07
"NA19239.1.D06" 0.242866330936372 0.269095699424066 0.18951327570572 0.111224060933442 0.169637193604924 8.49168232532143e-07 0.0176625902272444
"NA19239.1.D08" 0.160488446890919 0.334092103948539 0.15551085642551 0.176197780859846 0.173705267629233 4.05419981246818e-06 1.4900461402274e-06
"NA19239.1.D09" 0.241585346490581 0.304895225605619 0.206157583406323 0.055300754081622 0.181050690317456 4.38946450592899e-05 0.0109665054533406
"NA19239.1.D10" 0.0992634528851984 0.296536943864839 0.296538137054706 0.0281031395711 0.211023731369842 0.0685319578785663 2.63737574862924e-06
"NA19239.1.D11" 0.259529537579981 0.318924088380065 0.217482241999045 3.51294672176023e-05 0.166377494936511 0.00938611277879438 0.0282653948583872
"NA19239.1.D12" 0.0811414765278245 0.315807579731406 0.198418134232329 0.0674857763431492 0.257675729094088 0.0794339776605859 3.73264106177121e-05
"NA19239.1.E01" 0.370288258998147 0.245826443331938 0.186744556722736 4.17294144867184e-06 0.163020128783129 0.0341155767084031 8.62514198783296e-07
"NA19239.1.E02" 0.183945238062266 0.364795170195251 0.135310731664962 0.179311472797595 0.136634948393688 8.25205229172412e-07 1.61368101006024e-06
"NA19239.1.E03" 0.241760378373527 0.27305113408913 0.269731214157054 0.0259988123907574 0.142996518475553 0.0464593838539915 2.55865998732032e-06
"NA19239.1.E04" 0.312347884428462 0.229961042811998 0.285193471784952 7.18275652348332e-06 0.143768970039241 0.0287200170246126 1.4311542111009e-06
"NA19239.1.E06" 0.229542019631855 0.262531119620688 0.264838545292958 1.5414441074393e-06 0.130552930614005 0.110355539955487 0.00217830344089826
"NA19239.1.E07" 0.0762461752337023 0.373032144498209 0.201749548257854 0.144676278764826 0.204291478181701 1.4046424695618e-06 2.97042123839999e-06
"NA19239.1.E08" 0.178623011022579 0.306533980455004 0.208075418172996 0.166139093188111 0.140626442466386 1.04640967124157e-06 1.00828525342277e-06
"NA19239.1.E09" 0.331511517137567 0.311144776578807 0.122543761954687 0.0335843506231477 0.166597164152808 0.0248795837259454 0.00973884582703853
"NA19239.1.E10" 0.302413476323467 0.238449052339763 0.187516635425116 1.20366234350337e-05 0.198672480563782 0.0729349247556099 1.39396882722843e-06
"NA19239.1.E11" 0.0725881277758458 0.311374238498229 0.262103116485808 0.18738189430036 0.166548613779932 1.96260640889163e-06 2.04655341617969e-06
"NA19239.1.E12" 0.417969605455267 0.23455717110845 0.231774637833463 3.8954232803922e-06 0.114911647327846 2.54408526721693e-06 0.000780498766426698
"NA19239.1.F01" 0.237766476071012 0.333841108042825 0.20782362338944 0.037702634565776 0.182860504441147 1.7915353006639e-06 3.86195449928475e-06
"NA19239.1.F02" 0.254212167219593 0.295205600054464 0.186122088570594 0.0128012958219992 0.203353730707014 0.0483039065784467 1.21104788741104e-06
"NA19239.1.F03" 0.309742163168438 0.226887444933787 0.174218617882299 3.05141344816638e-06 0.218911694819712 0.0702353740160117 1.65376630350978e-06
"NA19239.1.F04" 0.123529678494302 0.319306746073645 0.247165268786845 0.125958818244322 0.184036073886269 2.0472665355899e-06 1.36724808194457e-06
"NA19239.1.F06" 0.420202059631912 0.252197495241532 0.0321672776527837 4.59719054905438e-06 0.202423746269432 0.0930025287962008 2.29521759017808e-06
"NA19239.1.F07" 0.369281286739045 0.247253283722201 0.157651082396883 6.89976021439989e-06 0.199294406694513 7.79337970231253e-06 0.026505247307441
"NA19239.1.F08" 0.0694840152439939 0.353257522582227 0.240086408956929 0.149092216447162 0.185767093714742 0.00231121782599491 1.52522894983809e-06
"NA19239.1.F09" 0.186578661994367 0.369872284630318 0.165588286505062 0.0812163731539301 0.191420375997065 0.00531871629421742 5.30142504141633e-06
"NA19239.1.F10" 0.404781027037814 0.319262447111464 0.0831829706810374 0.000137494594854091 0.0906024809431432 0.102032627690026 9.51941661808561e-07
"NA19239.1.F12" 0.272976912715085 0.224525502467537 0.353744602675241 0.0452229679278507 0.048301708628473 0.0552262844770256 2.02110878731593e-06
"NA19239.1.G01" 0.232255315827791 0.285741210234629 0.227247291510035 2.3483677322945e-06 0.129477984272607 0.125274147566846 1.70222036006138e-06
"NA19239.1.G02" 0.238371789173838 0.239769536491835 0.232191350672193 3.29985705774089e-06 0.19707578316434 0.0727992529419871 0.0197889876987488
"NA19239.1.G03" 0.100810214304838 0.290808557647475 0.239534127695336 0.17162840464136 0.169682728046316 0.0275337393446082 2.22832006822954e-06
"NA19239.1.G04" 0.0744132114869177 0.245631661779309 0.412820595265207 0.0481434863860573 0.118047561637796 0.100942026495653 1.45694905968339e-06
"NA19239.1.G06" 0.259712137805695 0.175658710916275 0.38817289827639 7.29277872895906e-05 0.0634648181997386 0.112907298807628 1.1208206983829e-05
"NA19239.1.G09" 0.116234725732814 0.327089562768463 0.35657285696625 1.70635958998279e-05 0.101540016468092 0.090389585789263 0.00815618867921837
"NA19239.1.G10" 0.276467323112435 0.277464633866897 0.314936983370734 9.37704812156892e-06 0.0445643933450623 0.086549665904869 7.62335188143506e-06
"NA19239.1.G11" 0.193675609869914 0.295974385144752 0.200579538714301 0.1302019677347 0.156465482812465 0.0231006189118518 2.39681201561964e-06
"NA19239.1.G12" 0.302807114284294 0.21903198488202 0.244247845529906 3.28071936428778e-06 0.138908544375271 0.0949997004672591 1.52974188570654e-06
"NA19239.1.H01" 0.124984971116904 0.318860744219654 0.20642171261677 0.0539217532659072 0.228435142303395 0.0673668866421753 8.78983519508012e-06
"NA19239.1.H03" 0.293162103183283 0.362897952463628 0.114903411683204 4.49788569704097e-06 0.120715321271713 0.108313797561799 2.91595067574472e-06
"NA19239.1.H04" 0.177776063246931 0.276219281463806 0.246756555883074 3.78509512592653e-06 0.211638830619644 0.0600544137393755 0.0275510699520438
"NA19239.1.H05" 0.0219702389371553 0.380921383150634 0.392982902743641 2.86331819952363e-06 0.0141077856292361 0.190011144540475 3.68168065915832e-06
"NA19239.1.H06" 0.06535287117127 0.367717269857474 0.273771697418732 0.11634048499147 0.170392973268844 0.0064230567234359 1.64656877433149e-06
"NA19239.1.H07" 0.155499661511859 0.381148811088047 0.213656960697429 0.0702860340185984 0.127113771849016 0.0522869753391156 7.78549593434596e-06
"NA19239.1.H08" 0.14883807768406 0.281198447438661 0.258010026823478 3.81657854125939e-06 0.186102917762305 0.117675907229453 0.00817080648350203
"NA19239.1.H09" 0.0722908858386584 0.384785270778075 0.121373899122646 0.0572702397291841 0.309856174492962 0.0242735971401159 0.0301499328983582
"NA19239.1.H10" 0.321222421120418 0.283461993297559 0.133638742396306 0.0774774224117348 0.124684042947972 0.0595132924086258 2.08541738378082e-06
"NA19239.1.H11" 0.260491110748744 0.345472705597374 0.326945670229674 7.9269917559588e-05 0.0204104855516262 0.0465990377047953 1.72025022710736e-06
"NA19239.2.A01" 0.234451437357528 0.375506292058637 3.93538643179927e-06 1.05363177111203e-05 0.211298376369979 0.175927124387561 0.00280229812215294
"NA19239.2.A02" 5.78382494403669e-06 0.520658829526137 0.242357356743464 0.104700891404414 1.49469594133885e-05 0.0939116226098873 0.0383505689317397
"NA19239.2.A04" 0.0239339596079322 0.354267170274828 0.123044638086339 0.244462767259365 0.23717815649381 0.00811398977595983 0.00899931850176678
"NA19239.2.A05" 0.257924345864252 0.27239464584981 0.130665861756637 0.0633288225912382 0.212691592624909 0.0563182253971552 0.00667650591599899
"NA19239.2.A06" 0.0328483425200819 0.288864752388735 0.203210786546061 0.266947412578136 0.168317687003816 0.000665877116546804 0.0391451418466234
"NA19239.2.A07" 0.279632673352581 0.352674527762098 0.132104993031643 4.13515022715955e-06 0.0349337680641575 0.052702394395275 0.147947508244018
"NA19239.2.A08" 0.0106785194243782 0.478545084864794 0.287910327163449 0.117623211713973 1.43528155595869e-06 0.103861199561584 0.00138022199026619
"NA19239.2.A09" 0.345778080419509 0.356805643130749 0.0239182892748334 9.86334939755851e-05 0.138068604275928 0.0726009476719533 0.0627298017330516
"NA19239.2.A11" 0.296040989410793 0.293227737778105 0.177327044002236 0.0133835926755049 0.14173681636071 0.0210757829612816 0.057208036811369
"NA19239.2.A12" 0.234964515780755 0.221693269726541 0.0373901401235808 0.229465196310976 0.254038088171802 8.19809742212335e-05 0.0223668089121239
"NA19239.2.B02" 0.286580587273475 0.299245640485063 0.131366706358387 4.4797483519814e-06 0.0878397185437129 0.126780752605948 0.0681821149850619
"NA19239.2.B04" 0.0771534886462966 0.327628991444868 0.238962636931922 0.204743538747395 0.10179792177272 0.0366071135205878 0.0131063089362106
"NA19239.2.B05" 8.50590426519863e-06 0.425267815460187 0.323654231582892 1.82872041323223e-05 0.0683836173338409 0.152745086031205 0.0299224564834768
"NA19239.2.B06" 0.155499247324117 0.286852341469022 0.169375319202694 0.186453458825506 0.178741541316799 0.00680712729095175 0.0162709645709095
"NA19239.2.B07" 0.27750615247161 0.281019486744692 0.0241164410471341 0.163360280820324 0.207945169115188 0.0175680263416245 0.0284844434594286
"NA19239.2.B08" 0.267099902277325 0.279767990414196 0.0665621914914208 2.28085530155226e-06 0.264272590058325 0.110358633473853 0.0119364114295788
"NA19239.2.B09" 0.311684081401507 0.300806760708353 0.217816350479846 0.0214105935320139 0.0440426125665645 0.0455039665333085 0.0587356347784064
"NA19239.2.B12" 0.254959386702284 0.211932798838855 0.169263858925323 0.141837506123534 0.191709736602236 6.61031013897723e-06 0.0302901024976288
"NA19239.2.C02" 0.157880026814996 0.257677465161599 0.113612893295606 5.69742961495369e-06 0.239872417223359 0.222724082632678 0.00822741744214772
"NA19239.2.C04" 0.162349238710089 0.206693200703751 0.340772286288739 0.155136933826144 0.0656625400796908 0.0413114250414363 0.0280743753501498
"NA19239.2.C05" 0.0108422132603376 0.200137205194979 0.179775422133189 0.199762732246402 0.36144437336 0.0479857544883074 5.22993167856904e-05
"NA19239.2.C07" 0.0325782561227671 0.278134365586808 0.305891976732362 0.271156287949941 0.107931180368429 3.82561010334419e-05 0.00426967713866033
"NA19239.2.C09" 0.197902036509376 0.255640135597869 0.102339974312434 0.226294319487819 0.181626034719135 0.00429449895496086 0.0319030004184065
"NA19239.2.C11" 0.0932916002334415 0.233575780238858 0.425808352021734 0.13808028060285 0.089220564544361 4.88699564129757e-06 0.0200185353631152
"NA19239.2.C12" 0.253824116928935 0.189401232961435 0.182211815355441 0.0649643928228983 0.260836255774048 0.0487569486120823 5.23754516000963e-06
"NA19239.2.D01" 0.207997818696663 0.174055224175771 0.158463096361376 0.0523094290637624 0.346505412412273 0.0351119965148174 0.0255570227753376
"NA19239.2.D02" 0.103050262779684 0.263687385632878 0.268457857162752 0.223868105037507 0.128729819766632 4.95219807331281e-06 0.0122016174224733
"NA19239.2.D04" 0.187873227078893 0.272518763536663 0.222969186386677 0.195859861566989 0.12076602304365 1.15971905401106e-06 1.17786680737537e-05
"NA19239.2.D05" 0.468133988824297 0.114687054848462 0.117428879574287 0.00419824356934657 0.152370285991431 0.119808871533982 0.0233726756581938
"NA19239.2.D06" 0.372989501944849 0.152937148577249 0.219476413196844 0.00599634726028806 0.168383208848228 0.0757425970976147 0.00447478307492797
"NA19239.2.D11" 0.484285854617102 0.151769463228025 0.0881561004207923 0.0389600826901464 0.185351270714608 0.0400725186860414 0.011404709643285
"NA19239.2.D12" 6.75006970495925e-07 8.45034707026842e-07 8.6605231787146e-07 1.44777935657377e-06 0.790173460386293 0.209344800584244 0.000477905156110752
"NA19239.2.E01" 0.428753426020139 0.100810068580137 0.0158012805562442 0.0445144938278894 0.223700553730541 0.164980439403434 0.0214397378816157
"NA19239.2.E02" 0.260182999529729 0.24870877039143 0.0676602117262275 0.207484908588329 0.186533646832497 0.0243598946983168 0.00506956823347067
"NA19239.2.E04" 0.0789698192506005 0.267330349010619 0.233494333833238 0.2377181336301 0.173227437059427 1.21696894305056e-06 0.00925871024707254
"NA19239.2.E05" 0.427637317361313 0.165429996516496 0.177498917483182 0.0143649126888251 0.156806787961441 0.0538734666950086 0.00438860129373413
"NA19239.2.E06" 0.300925541482371 0.170130213229486 0.220903116949691 0.139192141659747 0.150476532291608 8.47454354663055e-07 0.0183716069327418
"NA19239.2.E07" 0.396531593639399 0.198065595393215 0.100723925739015 0.0167360119657448 0.209366430714967 0.0729192997254159 0.00565714282224314
"NA19239.2.E08" 0.219412576411222 0.204223560270996 0.225480136612198 0.12383200875896 0.215089472790634 1.11753577500909e-06 0.0119611276202152
"NA19239.2.E11" 0.117181914171381 0.215210368643258 0.353855874153516 0.115368515225114 0.17748422068237 0.0140061607709682 0.00689294635339171
"NA19239.2.E12" 0.0935484744953382 0.14131527691497 0.225429107091046 0.230979374732577 0.285182260058674 0.0101980129406026 0.0133474937667913
"NA19239.2.F01" 0.0858963211893126 0.267710172754193 0.185825356382847 0.220539509746231 0.230829122472432 0.00019476285061825 0.00900475460436532
"NA19239.2.F02" 0.203582554270813 0.174617860440907 0.141533052142583 0.107632266245024 0.275650775091003 0.024666938023004 0.0723165537866656
"NA19239.2.F03" 0.222099595300918 0.242915313272912 0.0454959043212761 0.0745796468963636 0.302306774063305 0.11259544943429 7.31671093467039e-06
"NA19239.2.F05" 0.166971591528328 0.20064578081503 0.29351979476666 0.0831325818251267 0.155401970966914 0.0918637566934108 0.00846452340453016
"NA19239.2.F08" 0.0726386537574887 0.322993722731654 0.212401187544802 0.21534058751416 0.167602021282188 1.65426326445805e-06 0.00902217290644371
"NA19239.2.F09" 0.177729963114377 0.205001559708792 0.215960383037677 6.40947455606966e-06 0.260474203740049 0.14082351376034 3.96716420814582e-06
"NA19239.2.F10" 0.179822356026884 0.239304303438567 0.302053394576523 0.0740345093027177 0.155387889420072 0.0493906317257006 6.9155095360865e-06
"NA19239.2.F11" 0.22914188325615 0.271702357396443 0.189764980541092 0.0975746309890406 0.111106118175141 0.100683245296613 2.6784345520779e-05
"NA19239.2.G01" 0.375758947048469 0.189544619077862 0.198525858623406 0.00106902445585224 0.122421357659186 0.0880795107504533 0.0246006823847717
"NA19239.2.G02" 0.328364985137634 0.167093536945763 0.171558904725995 0.0529441004491615 0.159283248761635 0.0762350057439012 0.0445202182359104
"NA19239.2.G04" 0.120081061342552 0.175837419951749 0.289464246564301 0.232451293823405 0.162973493892957 0.00271861546115078 0.0164738689638842
"NA19239.2.G05" 0.47949862646223 0.165102054248718 0.155568954604123 5.25110571284983e-06 0.140518645046015 0.0577263398845334 0.00158012864866752
"NA19239.2.G06" 0.0783147865346424 0.192646169358912 0.324730377356735 0.16943008780288 0.181061154044241 0.0356013808809387 0.0182160440216511
"NA19239.2.G07" 0.342584298723433 0.22483869941601 0.0638253602498311 0.0233446780180797 0.248396239106487 0.072812140415343 0.0241985840708161
"NA19239.2.G09" 0.101731789388582 0.409064549324362 0.112521716631313 0.223300356098595 0.121630291977024 2.85790015640749e-06 0.0317484386799668
"NA19239.2.G10" 0.324249951258739 0.245232235638217 0.182801333342662 0.0773687406056426 0.151162295337059 2.29005762446698e-06 0.0191831537600559
"NA19239.2.G11" 0.327261505880229 0.234926742848909 0.292544341340138 0.0441497835428253 0.00458740245012088 0.0273130271675909 0.0692171967701866
"NA19239.2.G12" 0.254941040472137 0.246920097559079 0.295876778812817 0.0339532357652921 0.0950855843005922 0.0428562145195215 0.0303670485705618
"NA19239.2.H01" 0.373086714099286 0.248622257117532 0.0864538011569127 0.0326815078259966 0.16430053648405 0.0559899695018662 0.0388652138143568
"NA19239.2.H04" 0.00947572355981047 0.29154632007991 0.336362171748085 0.223322714391584 0.127695987994927 0.0115242851528975 7.27970727855498e-05
"NA19239.2.H05" 0.244834916599524 0.111308812567146 0.0214509973545202 0.0134668659736066 0.429583601726384 0.145270528444602 0.0340842773342175
"NA19239.2.H06" 0.278049861122083 0.16764727792191 0.242497458157524 0.0153100933056067 0.169345771177736 0.101716803429656 0.0254327348854839
"NA19239.2.H08" 0.0575935096075325 0.345864698421583 0.160246354869211 0.218539603963096 0.16842219896919 3.80066300452167e-06 0.0493298335063825
"NA19239.2.H09" 0.0307244398173103 0.319683945211375 0.202639718301369 0.160007244404958 0.225978634245459 0.0472066864606656 0.0137593315588631
"NA19239.2.H10" 0.278465972787529 0.201335547346495 0.314945850888775 0.0992401587129186 0.06313394706949 0.00323273229310319 0.039645790901689
"NA19239.2.H12" 0.178101898716753 0.287627830849688 0.226841683853657 0.112317672281811 0.142946379226885 0.052162096296703 2.43877450244934e-06
"NA19239.3.A02" 0.0354108841353621 0.625808933693723 0.0813139148583971 0.0382203904810275 0.0941579322547337 0.105775183699886 0.0193127608768707
"NA19239.3.A03" 0.191985726268336 0.5576703552172 4.87228732132013e-06 0.000101789009364544 0.0663500413252107 0.175502146531262 0.00838506936130587
"NA19239.3.A04" 0.054959403984826 0.455804632525177 0.112837055026689 0.19540239208267 0.0971870264173227 0.0606946276155089 0.0231148623478064
"NA19239.3.A05" 0.294760041879256 0.448980434982719 0.0223072645653143 2.76760757009406e-06 0.0686050961791413 0.161834000509815 0.00351039427618372
"NA19239.3.A06" 0.259693062939928 0.442509946409444 0.0591033230557742 0.000955348883044271 0.059389409062395 0.151560683909503 0.026788225739911
"NA19239.3.A07" 0.170248161900215 0.597580607926836 1.70184536014424e-05 0.0455857422100196 0.0590704571113336 0.10388746153027 0.023610550867725
"NA19239.3.A08" 5.88866105665023e-06 0.418810609790733 4.6557305018611e-06 6.75541832625672e-05 0.224821745993923 0.356286331831633 3.21380888978589e-06
"NA19239.3.A09" 0.196348425862537 0.552843392015154 1.83663831399432e-06 0.0293863604373469 0.0804209193036659 0.138992477880843 0.00200658786213955
"NA19239.3.A10" 0.0988393942029509 0.490616404870537 0.0529402425656648 6.84646417838785e-05 0.216035422573824 0.141494571443382 5.49970185691366e-06
"NA19239.3.A12" 0.318398022726924 0.450333880442078 1.50903098671038e-06 5.59468475816582e-06 0.102758398852982 0.125674932830666 0.00282766143160564
"NA19239.3.B01" 0.107741903258277 0.497070448281228 2.04242854882235e-05 0.0186947583956762 0.153170334394435 0.223299632845906 2.49853898959717e-06
"NA19239.3.B02" 0.0526327377003177 0.531740347564401 0.0876312530757168 0.00385147349737067 0.155794703355688 0.168332392251501 1.70925550041185e-05
"NA19239.3.B03" 0.202035329635667 0.56584945041856 0.0369286092367644 0.0372067067515023 1.77188251069086e-06 0.157975674237697 2.45783729816823e-06
"NA19239.3.B04" 0.198523262269196 0.491070270600305 0.00021464450087522 0.0104345556411198 0.170161183166989 0.117909027554459 0.0116870562670564
"NA19239.3.B05" 0.217988811451198 0.481294057804302 6.80343563838878e-06 4.64642560944112e-06 0.104446897419547 0.196256215371553 2.56809215349492e-06
"NA19239.3.B06" 0.25716220791063 0.433520144497075 0.0700924146054148 5.1352671569211e-06 0.0895975103769719 0.149617820141638 4.76720111301989e-06
"NA19239.3.B07" 0.0109541449667279 0.556896337026863 0.100258266563161 0.087820427033718 0.0764017473414029 0.159206954564486 0.00846212250364093
"NA19239.3.B10" 0.198601686715355 0.448418989090354 0.0192866638630424 0.0791515054847869 0.153644573982691 0.0958750577946799 0.00502152306909086
"NA19239.3.B11" 0.102885795007705 0.552507975279078 0.0115955863467641 0.0898727158101068 0.140019727803125 0.0885994535898717 0.0145187461633497
"NA19239.3.B12" 0.305713172007599 0.390288228671523 0.0371667116352607 2.31273396764387e-06 0.118371547574485 0.148455339077579 2.68829958540876e-06
"NA19239.3.C01" 0.189373452897032 0.621244851481342 0.0724518713985419 0.0813444533239558 4.72600710714115e-07 0.0355821239098208 2.77438859702429e-06
"NA19239.3.C02" 0.249211920778721 0.397915623262567 2.55132101046896e-06 2.6994987474536e-06 0.150664118251076 0.202201819915618 1.26697226143318e-06
"NA19239.3.C03" 0.236651627732869 0.5370084025218 6.30701976546384e-06 1.88171741512372e-05 0.0426379504307656 0.167944234443524 0.0157326606771246
"NA19239.3.C06" 0.0529230651802304 0.395337989553171 0.261308295080943 0.0803296372228582 0.0167919034483843 0.182442937558116 0.0108661719562971
"NA19239.3.C08" 0.304619792084713 0.398518421605979 1.76721428812914e-06 5.95044476755353e-06 0.122138084727689 0.17471448264641 1.5012761542006e-06
"NA19239.3.C09" 0.233423510641688 0.521409596028509 0.0763983368792572 9.57157566238693e-06 0.00348293658719175 0.11950920608476 0.0457668422029318
"NA19239.3.C10" 0.130101966112083 0.46398003393408 0.0504461910343229 0.101307493667319 0.161290872747808 0.0928708124150808 2.63008930610593e-06
"NA19239.3.C11" 0.357864397900578 0.402962935149204 5.64624393523924e-06 0.0115026090969541 0.114092709116886 0.0893830629716049 0.0241886395208382
"NA19239.3.C12" 0.104713162446532 0.419157432559205 0.225038680799241 0.0825505253438086 0.00634029764205694 0.142786028001396 0.0194138732077608
"NA19239.3.D01" 0.116121022730118 0.465022592992202 0.121206119188613 0.0469730283115135 0.0183478621820479 0.232326740252758 2.63434274809731e-06
"NA19239.3.D02" 0.0249828066009519 0.550679385182073 0.0949932042951967 0.188553420608617 0.0995052478773506 0.0412841356121964 1.79982361378162e-06
"NA19239.3.D03" 0.12570144285954 0.504767059057751 0.0185977502517171 0.120450510333157 0.112622996406896 0.117858288728302 1.95236263766293e-06
"NA19239.3.D04" 0.152364395896805 0.479099945953841 0.0749479361990182 4.06013617900265e-06 0.0525890622339727 0.2341911920049 0.00680340757528393
"NA19239.3.D05" 0.232411456792512 0.444857594891798 0.0903738485570114 0.0404891719356766 0.0484513064134018 0.136365465756487 0.00705115565311199
"NA19239.3.D06" 0.200337406643677 0.397163935453105 0.0144723618204207 0.189336507864004 0.14703310034807 0.0508989663585953 0.000757721512128172
"NA19239.3.D07" 0.0129346119606575 0.37735250331762 0.174153439201852 0.152895336687793 0.136870460148009 0.130024703082377 0.0157689456016919
"NA19239.3.D08" 0.28996024295606 0.375699824249165 1.02953911967313e-05 4.51589150045149e-06 0.173947633417808 0.160374615518466 2.87257580333142e-06
"NA19239.3.D09" 0.0528722275742749 0.467455583950681 0.179590571745354 0.0818412486846025 0.0916705748543793 0.101765814204495 0.0248039789862129
"NA19239.3.D10" 0.304119562620462 0.417319389513848 0.0388021194844841 0.0347453712787549 0.0822777456695966 0.100580207746169 0.0221556036866852
"NA19239.3.D12" 0.0464330141174814 0.471979433949972 0.0620949783103159 0.16662701707951 0.155360649596647 0.0975030570505097 1.84989556353793e-06
"NA19239.3.E02" 0.0685947259005999 0.476273679727331 0.100325870145167 0.10212582982111 0.0994688273008639 0.153209050254462 2.01685046627464e-06
"NA19239.3.E05" 0.115137646565797 0.527874585418661 0.0182166169556181 0.153699912432335 0.107947238705813 0.0771216769373582 2.32298441726258e-06
"NA19239.3.E06" 0.273285596742413 0.426226936648545 1.30343608344723e-05 0.0443542775372237 0.134717623770057 0.121400430626073 2.10031485358813e-06
"NA19239.3.E07" 0.270622151308427 0.410671263436693 5.77274096777342e-06 0.0918752842977179 0.149632760401125 0.0771575751806761 3.51926343933214e-05
"NA19239.3.E08" 0.233978780503289 0.516448898124669 5.51049374893492e-06 0.0126172373836644 0.120822115298746 0.116125969360473 1.48883540925627e-06
"NA19239.3.E09" 0.29736615958872 0.400682652734605 5.69931406183071e-06 8.75915289033616e-06 0.133816723670157 0.161965879152782 0.00615412638678441
"NA19239.3.E10" 0.0329611076771945 0.507915455918893 0.124773700100746 0.188030804485776 0.0948077273470238 0.0515096402860812 1.5641842854414e-06
"NA19239.3.E11" 0.237005043531674 0.385999270014698 0.0590672195056744 0.159546688567405 0.0651016592190109 0.055917267681954 0.0373628514795828
"NA19239.3.F01" 0.175667801742918 0.514908526649172 0.00464297458419202 0.0950223264095238 0.119184041863983 0.0847259246053775 0.00584840414483452
"NA19239.3.F02" 0.118612366833329 0.45313035077008 0.0235370755442577 5.7272824375373e-06 0.148141831614812 0.256570660663015 1.98729206855593e-06
"NA19239.3.F03" 0.201833271899403 0.474538236934969 0.0131670876599881 0.0955055808089229 0.118423677095625 0.0950731358672426 0.00145900973384962
"NA19239.3.F04" 0.0144653049276385 0.313544595483127 0.185571336820025 0.142493420285219 0.197868190226519 0.0770203867445337 0.0690367655129376
"NA19239.3.F05" 0.205867718246992 0.461836078678572 0.00419874015208648 0.138666904241166 0.0469750211377768 0.126867406508388 0.0155881310350181
"NA19239.3.F06" 0.104969663510241 0.49949896386977 0.104879983804106 0.0228384862234693 0.137396543461587 0.130415219611843 1.13951898434747e-06
"NA19239.3.F07" 0.131558139740049 0.523917622401033 4.52443314509057e-06 0.151201316746518 0.114139545745902 0.0777573399730358 0.00142151096031803
"NA19239.3.F08" 0.343434656571016 0.408175375088494 2.16390286600152e-06 3.80129057582079e-06 0.095351168619075 0.137253230057082 0.0157796044708908
"NA19239.3.F09" 0.109172969454607 0.545751961371848 0.0436427587319199 0.154740435512774 0.0891995912856851 0.044450957785704 0.0130413258574612
"NA19239.3.F10" 0.303296065736753 0.352143317124586 7.67395399970154e-06 2.31317584373608e-06 0.179281362637453 0.165265442685314 3.82468605118098e-06
"NA19239.3.F11" 0.0962028904905355 0.45847028472962 0.132598672665514 0.148612046436114 0.0760663762268123 0.0842616218069009 0.00378810764450364
"NA19239.3.F12" 0.264414000913829 0.458296228699129 0.0554711649018866 0.0498365496917507 0.0687524972800399 0.095878061732948 0.00735149678041636
"NA19239.3.G02" 0.0849986730918733 0.568784010265166 0.0691819367526137 0.115096152307706 0.118350062572417 0.0266919022412282 0.0168972627689959
"NA19239.3.G03" 0.243463931250488 0.467252054301136 0.0229456346316529 6.51220425660289e-06 0.0967405303008786 0.151805247810865 0.0177860895007221
"NA19239.3.G05" 0.300054801515023 0.449057601096354 9.15648183680069e-06 6.42803461293042e-06 0.0627959810428855 0.188074160990208 1.87083908045969e-06
"NA19239.3.G06" 0.0270678537549184 0.499772694271121 0.153539136098428 0.158091216349992 0.120250523939274 0.0239778498636989 0.0173007257225677
"NA19239.3.G07" 0.28606081441377 0.440291573246683 0.0107890375544967 0.0393247679421031 0.104454987848962 0.0792988369502802 0.0397799820437057
"NA19239.3.G08" 0.225216629097532 0.500225321572469 4.66010870780929e-06 0.0228151674448684 0.0992420225146109 0.152490592514921 5.60674689161621e-06
"NA19239.3.G09" 0.295738500719262 0.514178829277612 2.61923033456826e-06 0.0241774202981906 0.0415807589255456 0.106117612918198 0.018204258630858
"NA19239.3.G11" 0.283054678708318 0.459977116647408 1.74694815014403e-05 0.0541583513949709 0.109455434672975 0.0933129431469363 2.40059478903252e-05
"NA19239.3.G12" 9.00970560844254e-07 0.569591858796319 0.129190688294073 0.0561243092214537 0.0684399291390876 0.127693571728439 0.0489587418500679
"NA19239.3.H01" 0.127134450762685 0.473727880976255 0.00168912527106977 0.133861034692806 4.58146518176384e-06 0.262365882335706 0.0012170444962961
"NA19239.3.H03" 0.186160940617235 0.560959087062185 1.77926754901264e-05 0.000179912941289028 0.0881874624735371 0.146812680788306 0.0176821234419579
"NA19239.3.H04" 0.18270280838716 0.4461699295949 0.10477614304373 0.0730826139996983 0.0557386311053189 0.107966829103391 0.0295630447658017
"NA19239.3.H05" 0.0351655569077496 0.496216665343383 0.121837715017866 0.152898969729617 0.115274793102754 0.0603198044346922 0.0182864954639383
"NA19239.3.H06" 0.121584066301724 0.366198690565021 0.184510074214519 0.148073501334964 0.131066240131389 0.0485661584116619 1.26904072112987e-06
"NA19239.3.H07" 0.0475803889752086 0.600903862095151 8.16770486621275e-06 0.1365174530927 0.0734227229168848 0.138716993774781 0.002850411440409
"NA19239.3.H08" 0.080304154982198 0.528882840771067 0.0142369166704366 3.79655094055504e-06 0.097383676317302 0.279185315912712 3.29879534421352e-06
"NA19239.3.H09" 0.0508507580523556 0.636681570679617 0.178811197107604 5.96396448299475e-06 2.86015908974961e-06 0.110595527002219 0.0230521230346325
"NA19239.3.H11" 0.24783374600661 0.267306735526247 0.269950766793824 2.82906216154846e-05 0.0572440052150144 0.157635130351704 1.32548498448569e-06
"NA19239.3.H12" 0.326009794503717 0.456049649550241 6.45317363049202e-06 0.000180341917537359 0.098075995478335 0.11519394785065 0.00448381752589005
