"1" "2" "3" "4" "5"
"NA19098.1.A01" 9.2641096298226e-06 0.532126312542258 2.60467374507084e-06 0.336183634809933 0.131678183864434
"NA19098.1.A02" 0.182393095413088 0.516701931726829 2.72774537858135e-06 0.162166351792356 0.138735893322348
"NA19098.1.A04" 5.44960407541211e-05 0.471230581878651 0.115525635322303 0.304012469209192 0.1091768175491
"NA19098.1.A05" 0.0308779755285737 0.610815193646368 0.0230022672430048 0.227326168077576 0.107978395504478
"NA19098.1.A06" 0.12817334253453 0.551862698971372 0.110532570653181 0.112728000189588 0.0967033876513287
"NA19098.1.A07" 0.138481292469377 0.532535897331489 0.00108983624057908 0.200064536271333 0.127828437687223
"NA19098.1.A08" 0.386319979592246 0.348682103474427 0.126282959691667 0.097206290732991 0.0415086665086695
"NA19098.1.A09" 1.12179881369529e-05 0.652819840502532 0.0605057850016342 0.0605219209327966 0.2261412355749
"NA19098.1.A10" 0.229840412266437 0.470807725587105 0.156175448872931 0.0811622716375354 0.0620141416359915
"NA19098.1.A11" 0.0252580467747797 0.598733985573026 0.0419709077294673 0.212714307961388 0.121322751961339
"NA19098.1.A12" 0.00775930619911737 0.705240571017759 0.0823660490874263 0.108556154362471 0.0960779193332266
"NA19098.1.B01" 0.268266102225362 0.552272211109926 0.00279237119886812 0.0917031444583398 0.0849661710075038
"NA19098.1.B02" 0.106691561016218 0.556402038519328 0.118691403899591 0.0948544724278524 0.12336052413701
"NA19098.1.B03" 0.074344988062987 0.436944832275121 0.0761105675126822 0.330780125565564 0.0818194865836454
"NA19098.1.B05" 0.0374077326968604 0.648257368928558 0.0876289653814143 0.137993228876709 0.0887127041164581
"NA19098.1.B06" 0.00280038714503701 0.632485833983191 0.0163025430960546 0.268348089339451 0.0800631464362665
"NA19098.1.B07" 0.158314658162899 0.63577255164718 0.00595547637437211 0.0937482313099787 0.10620908250557
"NA19098.1.B08" 0.177039766498193 0.569492401293966 0.129969727930738 0.0761808916086378 0.0473172126684659
"NA19098.1.B09" 0.000535257309373491 0.39152548063127 0.308298941647556 0.235041704155266 0.0645986162565345
"NA19098.1.B11" 0.000109705981282831 0.47804109815498 0.170982635651808 0.28239952076254 0.0684670394493892
"NA19098.1.B12" 0.16177774533677 0.571749217515237 0.11574087793841 0.0911379238013373 0.0595942354082465
"NA19098.1.C01" 0.107891152556876 0.659161301941178 0.0322998642341539 0.126747864194783 0.0738998170730096
"NA19098.1.C02" 0.1859884387088 0.595849219574475 0.0220779226576559 0.129730763471974 0.0663536555870956
"NA19098.1.C03" 0.0686730487864068 0.592486912592168 4.00013903767737e-05 0.229485590018513 0.109314447212535
"NA19098.1.C04" 3.39995511533339e-05 0.654286536365002 0.000237561696799169 0.235575916591677 0.109865985795369
"NA19098.1.C05" 0.108343847261869 0.487282042719195 0.141189489876993 0.244300409509586 0.0188842106323575
"NA19098.1.C06" 0.161746929791162 0.37383133386578 0.250021952242538 0.181880610036474 0.0325191740640469
"NA19098.1.C07" 0.158961016725092 0.554128340394333 0.160044942432523 0.10906834736928 0.0177973530787723
"NA19098.1.C08" 7.90436955181301e-06 0.554375410870628 1.07660311022107e-05 0.295581188507469 0.150024730221248
"NA19098.1.C09" 1.99183289382598e-05 0.633421798239506 0.0970781480487462 0.176515235335918 0.0929649000468917
"NA19098.1.C10" 0.0863303474770607 0.710319099838216 5.0121972221284e-06 0.104340826309534 0.0990047141779669
"NA19098.1.C11" 0.185990323208603 0.524752881649868 0.14775752983586 0.13749701366233 0.00400225164333796
"NA19098.1.C12" 0.000302437271661905 0.461070926502429 0.132668490496122 0.346095584604033 0.059862561125754
"NA19098.1.D01" 0.0196260619554895 0.557651709454333 0.00957222419915417 0.345674009861947 0.0674759945290763
"NA19098.1.D02" 0.111686339220943 0.540480396367096 0.162758885105751 0.171618687967592 0.0134556913386189
"NA19098.1.D03" 0.152415030617954 0.648710200440736 0.0171496246875779 0.108105890608346 0.0736192536453864
"NA19098.1.D04" 0.20779236512183 0.456926494675366 0.150447606693624 0.151027603465462 0.0338059300437178
"NA19098.1.D06" 0.220228500767378 0.483434936401186 0.179280223573111 0.117054026441775 2.31281655013505e-06
"NA19098.1.D08" 0.0467699037915132 0.562492881330345 0.172889840344778 0.214414601995883 0.00343277253748059
"NA19098.1.D09" 4.64799790956914e-06 0.586991148178625 0.040396065864274 0.275546236353555 0.0970619016056359
"NA19098.1.D10" 2.488440797506e-05 0.736012261536742 0.0315359152122355 0.162033694920183 0.0703932439228652
"NA19098.1.D11" 6.78659702298264e-06 0.450997107782152 0.122484049166857 0.324864598178437 0.101647458275531
"NA19098.1.D12" 0.0789195481614872 0.746780128420475 0.00427512150590963 0.0967227651226935 0.0733024367894342
"NA19098.1.E01" 3.38949394931157e-05 0.583050878152767 0.213195427884838 0.137195697169603 0.0665241018532984
"NA19098.1.E02" 0.15450981986151 0.540753502040738 0.122291627725308 0.175752534052907 0.00669251631953658
"NA19098.1.E03" 0.0746417560581094 0.670087212924059 0.102503562666678 0.114172930164855 0.0385945381862984
"NA19098.1.E05" 1.27466271018499e-05 0.672311741149996 4.11954010028801e-06 0.213001256220809 0.114670136461992
"NA19098.1.E06" 0.0862059338392576 0.584766611777576 0.099421520273531 0.173874325333458 0.0557316087761775
"NA19098.1.E07" 8.43709845150299e-06 0.464923814448817 0.0817716044111742 0.405086037916718 0.0482101061248394
"NA19098.1.E08" 0.0957603883969284 0.66177797131751 0.0889837514223051 0.117235020811077 0.0362428680521793
"NA19098.1.E09" 0.050638990930108 0.609818802543281 0.131666923300415 0.15861634882085 0.0492589344053456
"NA19098.1.E10" 0.0281742082023233 0.706651315228518 0.0607555354383022 0.120355256575068 0.0840636845557885
"NA19098.1.E11" 0.224736395124708 0.461244031425156 0.0957443540756581 0.213033825418201 0.00524139395627669
"NA19098.1.E12" 0.0632380253369883 0.517068101252002 0.213959947323903 0.155198684185863 0.050535241901244
"NA19098.1.F01" 0.0467216494614238 0.460089026267335 0.279611731873886 0.201438468586191 0.0121391238111639
"NA19098.1.F02" 0.168928419367413 0.596755806375804 0.118277678957766 0.0695061544073187 0.0465319408916983
"NA19098.1.F03" 0.0620087915759104 0.734874261696845 5.58107380874164e-06 0.1217666348331 0.0813447308203354
"NA19098.1.F07" 9.67824320455789e-06 0.419474748595193 0.139586156498065 0.331042689099404 0.109886727564134
"NA19098.1.F08" 0.041842110850892 0.58361980441122 7.96991358327192e-06 0.278634159587099 0.0958959552372061
"NA19098.1.F09" 0.0177980924820801 0.701529595809859 0.012298259590033 0.126394346987837 0.14197970513019
"NA19098.1.F10" 0.237887452322251 0.50615684889413 0.160208088754623 0.0762082922184014 0.0195393178105947
"NA19098.1.F11" 0.0212953487838445 0.723364546919707 0.043980042773048 0.13402817300527 0.0773318885181312
"NA19098.1.F12" 8.12230517382267e-06 0.65466688390999 0.0301698118400207 0.228045017128239 0.0871101648165767
"NA19098.1.G01" 4.74580312779955e-05 0.555620772521859 3.06556575397404e-06 0.348740189271916 0.0955885146091925
"NA19098.1.G02" 0.144062090650648 0.497943992799424 0.237921737298459 0.0577032093100418 0.0623689699414269
"NA19098.1.G03" 2.4411074561895e-05 0.497075134396689 0.106546749278705 0.321503485979113 0.0748502192709306
"NA19098.1.G04" 0.00510755861252448 0.66187532183636 0.0018924378592072 0.219861155618197 0.111263526073711
"NA19098.1.G05" 0.0170105418699671 0.700688213524136 0.0508988017162552 0.158604335717514 0.0727981071721272
"NA19098.1.G06" 0.0713231140821705 0.557101884532646 0.12579922179136 0.199517394462139 0.0462583851316854
"NA19098.1.G07" 0.0609769090906124 0.52183384613575 0.100122893301933 0.267725068886184 0.0493412825855201
"NA19098.1.G08" 0.0639422344237216 0.542295534594211 0.138185478267688 0.134430322053083 0.121146430661296
"NA19098.1.G09" 0.0217422463462653 0.629153212114998 0.0795419998212955 0.154220871083572 0.11534167063387
"NA19098.1.G10" 0.128845221741299 0.568618626890546 0.116294280226982 0.111358621914228 0.0748832492269446
"NA19098.1.G11" 0.238945075576565 0.496425482868489 0.132855882585441 0.11636826506005 0.0154052939094547
"NA19098.1.G12" 2.04945935624257e-05 0.62421018010502 2.38594666864132e-05 0.247462534666237 0.128282931168495
"NA19098.1.H01" 0.179112607788633 0.570636241032358 0.0473613313222056 0.123705778612665 0.0791840412441383
"NA19098.1.H02" 0.0410207689411003 0.487999398776716 0.0664793278374933 0.314803592532991 0.0896969119116993
"NA19098.1.H03" 7.32089245885293e-06 0.520757487045966 0.0281140473271093 0.328835766568206 0.122285378166259
"NA19098.1.H04" 0.0728316041363389 0.614313664224809 0.0166957035080106 0.193514152204335 0.102644875926506
"NA19098.1.H05" 0.0142031704180444 0.732702185256804 1.40119814858015e-06 0.146215755595649 0.106877487531353
"NA19098.1.H06" 4.52174405195582e-06 0.0614236101024448 0.321176534939079 0.532093563000888 0.0853017702135359
"NA19098.1.H07" 2.09277914474123e-05 0.536038021144584 0.0835665991430216 0.277574098768017 0.10280035315293
"NA19098.1.H10" 0.19805266145482 0.361256732076364 0.265814832970479 0.117007772884367 0.0578680006139697
"NA19098.1.H11" 0.131291045847269 0.560025041503179 0.121126463628174 0.146262735512748 0.0412947135086297
"NA19098.1.H12" 3.39681947123136e-05 0.543234453231821 0.0339913687085657 0.332728001191731 0.0900122086731703
"NA19098.2.A05" 0.0929492853951528 0.459516165573518 0.200136369362444 0.143404673394608 0.103993506274277
"NA19098.2.A07" 0.149233791245995 0.31644481426895 0.285511762784727 0.126240760974665 0.122568870725663
"NA19098.2.B03" 0.102881591699075 0.384916606191353 0.180046702228486 0.171753518250199 0.160401581630886
"NA19098.2.B06" 0.0784470009506211 0.397170660549092 0.307236851740326 0.10684345419325 0.110302032566711
"NA19098.2.B08" 0.123234170045516 0.380785286384979 0.223678826435983 0.127113885634831 0.145187831498691
"NA19098.2.B10" 0.0829392824602647 0.437953639499686 0.223819332022181 0.0958763313959841 0.159411414621884
"NA19098.2.C01" 0.0608536677423757 0.325849180368289 0.244990919407678 0.248326593297144 0.119979639184513
"NA19098.2.C06" 9.21714384159877e-06 0.386591363689237 0.150974557604174 0.317709782569814 0.144715078992934
"NA19098.2.C07" 0.0638452329601937 0.411477199094942 0.179520779599166 0.216085195808437 0.129071592537261
"NA19098.2.E08" 0.01681379617273 0.44836802315269 0.269472106391634 0.165752673739999 0.0995934005429469
"NA19098.2.E11" 0.124400049603199 0.363871732248326 0.284530148162244 0.119049066400663 0.108149003585567
"NA19098.2.F04" 6.65770801384937e-06 0.374793693037332 0.198663313194825 0.265596530180447 0.160939805879382
"NA19098.2.F07" 0.0452065497869065 0.435583004686193 0.20560567486939 0.169827128500751 0.143777642156759
"NA19098.2.G08" 2.81105532319967e-05 0.409654771472167 0.231969491687343 0.187096469049859 0.171251157237399
"NA19098.2.G12" 0.05674634012873 0.32861831987787 0.371505433646076 0.182456557768009 0.0606733485793157
"NA19098.3.A03" 0.291777775793404 0.305730650005276 0.265928487873024 0.0964403931032744 0.0401226932250208
"NA19098.3.A06" 0.151352983701396 0.321428242847876 0.203217635185684 0.277350879055208 0.0466502592098354
"NA19098.3.A08" 0.2639784010858 0.35485351555178 0.156623317396734 0.187256429809997 0.0372883361556898
"NA19098.3.A12" 0.0950122755352285 0.431760414634308 0.243912044007558 0.141398911775787 0.087916354047118
"NA19098.3.B01" 0.155534090340509 0.168141261464143 0.333684218315022 0.251293390826199 0.0913470390541278
"NA19098.3.B03" 0.157808764152271 0.506350871286211 0.0947831166934182 0.129535668277113 0.111521579590987
"NA19098.3.B04" 0.29603996962127 0.396064651890957 0.182056327450028 0.12583823384061 8.17197135407653e-07
"NA19098.3.B05" 0.30070661012141 0.351538019784543 0.235012454234386 0.112740830204358 2.08565530249493e-06
"NA19098.3.B07" 0.128133817848518 0.575749814962695 0.106346166028585 0.0885159934583524 0.10125420770185
"NA19098.3.B09" 0.203908201205978 0.289691954222332 0.403601143028685 8.80648311984695e-07 0.102797820894693
"NA19098.3.B11" 0.188220795272782 0.4937249581129 0.107434419763374 0.210617213948503 2.61290244087047e-06
"NA19098.3.B12" 0.200981728580749 0.353222812893822 0.272490031120434 0.173304351980701 1.07542429380095e-06
"NA19098.3.C01" 0.235338094968292 0.341209354180684 0.191730113631762 0.190087566758104 0.0416348704611582
"NA19098.3.C03" 0.0698248117855255 0.358070244310844 0.189014152511363 0.315165533334102 0.0679252580581651
"NA19098.3.C04" 0.0979977097907812 0.559972381790998 0.118768885528278 0.141509278746461 0.0817517441434808
"NA19098.3.C05" 0.243462189678981 0.363726187553615 0.241690901742657 0.151113638174249 7.08285049921886e-06
"NA19098.3.C09" 0.285580836004587 0.354084899671607 0.270770705126189 0.0895630098959701 5.49301646278174e-07
"NA19098.3.C10" 0.124413202804352 0.506716781248639 0.240753386543752 0.0824143311323232 0.0457022982709339
"NA19098.3.C11" 0.161961184186573 0.491890606146497 0.101824208515594 0.19062945382398 0.053694547327355
"NA19098.3.C12" 0.115341278253625 0.397865808659307 0.169788769878799 0.288752013567322 0.0282521296409466
"NA19098.3.D02" 1.32379813312126e-05 0.0557771397319398 0.553742788133345 0.382278466236097 0.00818836791728655
"NA19098.3.D03" 0.177833106117241 0.469574960698151 0.222849595268013 0.107981716667218 0.0217606212493767
"NA19098.3.D05" 0.28655649662852 0.367157938368913 0.24376809345638 0.102516356229863 1.1153163236606e-06
"NA19098.3.D07" 0.193671259153152 0.320717964953243 0.481996457531531 0.00360032143234916 1.39969297245924e-05
"NA19098.3.D09" 0.152749603721543 0.456896096609014 0.227917528584727 0.144826405679931 0.0176103654047848
"NA19098.3.D10" 0.206256331799041 0.407173631227049 0.167296381690673 0.147275552297491 0.0719981029857467
"NA19098.3.D11" 0.107765948368944 0.450413995723833 0.198710060404765 0.232563935179753 0.0105460603227044
"NA19098.3.D12" 1.05244955775259e-05 0.440688944362355 0.100135754955903 0.373092141840407 0.0860726343457577
"NA19098.3.E01" 0.261773228874921 0.25858179656528 0.394550485050382 0.0850930343280259 1.45518139152497e-06
"NA19098.3.E02" 0.172384498807351 0.514420742955538 0.139490299605647 0.129343387754753 0.0443610708767103
"NA19098.3.E03" 0.216869796723327 0.435827171910846 0.249852879364276 0.0804656369453957 0.0169845150561561
"NA19098.3.E04" 0.0638317289297169 0.535042508628783 0.115327519575802 0.248218186225408 0.03758005664029
"NA19098.3.E06" 8.73931058428049e-06 0.00391715194995442 0.424103977505734 0.48920929748747 0.0827608337462573
"NA19098.3.E07" 0.0609882252980717 0.102437079268368 0.273814571193305 0.561699138612675 0.00106098562757973
"NA19098.3.E10" 0.176556346171127 0.390401067534661 0.330041352169871 0.0837317419388736 0.0192694921854671
"NA19098.3.E11" 0.136239852325435 0.588092932288682 0.163420781972666 0.050880345008821 0.0613660884043968
"NA19098.3.E12" 0.109582598824103 0.408538807393076 0.306206198374266 0.0920101699421151 0.0836622254664397
"NA19098.3.F03" 0.197826081530257 0.309815594055633 0.322513078536337 0.164342900120847 0.00550234575692612
"NA19098.3.F04" 0.0624992157941226 0.487701110583898 0.192080462366185 0.213455971631308 0.0442632396244856
"NA19098.3.F05" 0.186637463788558 0.451363431483112 0.0253291121291765 0.271666041712631 0.0650039508865217
"NA19098.3.F06" 0.243732322714967 0.337308427636146 0.206778011238309 0.165097890872389 0.0470833475381887
"NA19098.3.F07" 0.0743169897565658 0.318922812181578 0.116154759555199 0.490604544879469 8.93627188358389e-07
"NA19098.3.F09" 0.16271635789766 0.423692868170267 0.314281171389948 0.0715962353789921 0.027713367163133
"NA19098.3.F10" 0.187199342631916 0.432917351690422 0.218361448904073 0.16152004587269 1.81090089926526e-06
"NA19098.3.G01" 2.40650522904454e-05 0.610150586538008 0.235396244558852 4.26848605231784e-07 0.154428677002245
"NA19098.3.G05" 0.351433804290508 0.441745172648189 0.144893152347225 0.0619268784032112 9.92310867511338e-07
"NA19098.3.G06" 0.0821160138031487 0.469526073055937 0.181059250130205 0.189657659990544 0.077641003020165
"NA19098.3.G08" 2.05283932487437e-06 2.63635929246613e-06 0.359642624938059 0.61438532597548 0.0259673598878434
"NA19098.3.G10" 0.286328842094803 0.434767483517685 0.211024015045971 0.0461086062986115 0.0217710530429298
"NA19098.3.H02" 0.246146612704653 0.28977885321364 0.165565425359758 0.27989945730418 0.0186096514177695
"NA19098.3.H03" 0.26546029647081 0.30707006014689 0.233823593359394 0.170455219294392 0.0231908307285138
"NA19098.3.H04" 0.261926436339585 0.303619580086489 0.423293614077176 0.0111583782892303 1.99120752027061e-06
"NA19098.3.H05" 0.157801429960699 0.342019754667582 0.273496313195326 0.181597196007835 0.0450853061685576
"NA19098.3.H06" 0.171767374681182 0.508448948167854 0.0985083543260905 0.157040653948319 0.0642346688765557
"NA19098.3.H10" 0.121250312680145 0.451524033246917 0.258691303496057 0.142227185929288 0.0263071646475928
"NA19098.3.H11" 1.22264712391265e-05 0.372148724275593 0.0699214332327783 0.523824851941014 0.0340927640793759
"NA19098.3.H12" 0.155418196505527 0.546874658209826 0.102834412823113 0.131887586098068 0.0629851463634659
"NA19101.1.A02" 0.212648159498906 0.35022271743887 0.167596424800193 0.201298769754648 0.0682339285073824
"NA19101.1.A03" 0.409705526471236 0.25550490554802 0.214961243206857 0.119825635552059 2.68922182802981e-06
"NA19101.1.A04" 0.105219242430159 0.522572357143641 1.49044652353637e-05 0.300911360247333 0.071282135713632
"NA19101.1.A05" 0.295669270841154 0.367713010948192 0.181120756855631 0.134843347528431 0.0206536138265911
"NA19101.1.A06" 0.238014269100673 0.497271889963806 0.1417089308058 0.0623955360156616 0.0606093741140597
"NA19101.1.A07" 0.41089949341253 0.257924883886353 0.252190147497066 0.0728501165870354 0.0061353586170155
"NA19101.1.A08" 0.0268972417712795 0.453518174274167 0.103632094703044 0.317615699675827 0.0983367895756827
"NA19101.1.A09" 0.365888415254582 0.284059196835121 0.321208125995616 0.0243752717195667 0.00446899019511453
"NA19101.1.A10" 0.148380923891648 0.602475923110869 0.0456902037119726 0.1436840893842 0.0597688599013097
"NA19101.1.B02" 0.313555302860617 0.291315688560694 0.350236463840567 0.0408553021655036 0.00403724257261927
"NA19101.1.B03" 0.135321428005399 0.634516642436099 0.0780990559215667 0.0575935167971757 0.0944693568397597
"NA19101.1.B04" 0.184262567308394 0.53872312015728 0.135974510858223 0.123125690836928 0.0179141108391754
"NA19101.1.B05" 0.178667800455614 0.444910887522764 0.182456437819864 0.142393028967372 0.0515718452343859
"NA19101.1.B07" 0.30061362342204 0.27370748757286 0.277349563830609 0.132941891259374 0.0153874339151175
"NA19101.1.B08" 0.304694536717122 0.250067666028837 0.313261864774393 0.107033732325151 0.024942200154496
"NA19101.1.B09" 0.384725408817671 0.334170477361903 0.16698737925262 0.109349666153836 0.00476706841396899
"NA19101.1.B10" 0.280197876665912 0.494456715280742 0.112389279775965 0.112954737528283 1.39074909713673e-06
"NA19101.1.B11" 0.224059475964213 0.441566194365868 0.217702901987895 0.104959227936128 0.0117121997458958
"NA19101.1.B12" 0.130682858289102 0.56755819812969 0.0985408945934743 0.131116926661885 0.0721011223258497
"NA19101.1.C01" 0.159522084100795 0.367620028485123 0.270282614527863 0.146787302085869 0.0557879708003505
"NA19101.1.C02" 2.58398892432789e-05 0.524151649251098 0.154920811791483 0.222443394712546 0.0984583043556291
"NA19101.1.C03" 0.311574800665412 0.412713593885878 0.140338033152656 0.115271103790959 0.0201024685050943
"NA19101.1.C04" 0.0433720937317645 0.566234766032036 0.110976937705018 0.202768408906853 0.0766477936243277
"NA19101.1.C05" 0.217159791419454 0.283704166459852 0.227289312351401 0.271817478223383 2.92515459103241e-05
"NA19101.1.C06" 0.259174530277205 0.410035238552668 0.244834906026153 0.0859544953992637 8.29744709486127e-07
"NA19101.1.C07" 0.268065926524849 0.313688042602275 0.219901783694712 0.198342189260304 2.05791785996074e-06
"NA19101.1.C08" 0.21016955047489 0.354538292179672 0.27409953618129 0.161190131036907 2.4901272413261e-06
"NA19101.1.C09" 0.156241580891383 0.491198754267422 0.160223208781665 0.139273841416131 0.0530626146433994
"NA19101.1.C10" 0.203460002656088 0.465439079912878 0.203721469301486 0.117145338844542 0.010234109285007
"NA19101.1.C11" 0.0789802054914607 0.503814713506548 0.227264076610127 0.178287523097364 0.0116534812945003
"NA19101.1.C12" 0.185311354669076 0.459001263414432 0.170517923119853 0.0965763097492157 0.0885931490474229
"NA19101.1.D01" 0.00237458780705686 0.401338359419055 0.091653200426557 0.468642038119578 0.0359918142277527
"NA19101.1.D02" 0.12604206768179 0.423897178760548 0.26343255268678 0.148459842767439 0.0381683581034433
"NA19101.1.D03" 0.294704217277144 0.414714955448719 0.117479197111082 0.146036597459318 0.0270650327037369
"NA19101.1.D05" 0.208014572527921 0.544718991772513 0.0497023949823178 0.128740721407376 0.0688233193098718
"NA19101.1.D06" 0.000935552789001125 0.500219132551286 0.10660004412424 0.368238613423968 0.024006657111505
"NA19101.1.D07" 0.252586194924488 0.400427347447358 0.0547554409561796 0.272633949640611 0.0195970670313625
"NA19101.1.D08" 0.191081062613084 0.494509695871091 0.192885727534077 0.121522325789005 1.18819274189789e-06
"NA19101.1.D09" 0.385340921010361 0.318398735293177 0.196708943630016 0.0995508830131728 5.17053272777269e-07
"NA19101.1.D10" 0.119167902757764 0.48841651519664 0.162215537227807 0.203089087255496 0.0271109575622922
"NA19101.1.D11" 0.25346429715988 0.459321904856286 0.16821668214826 0.11899643978118 6.76054394190371e-07
"NA19101.1.D12" 0.141632995567115 0.5184244111338 0.164148316225832 0.113419699189962 0.0623745778832911
"NA19101.1.E01" 0.149789558908813 0.4671010602424 0.229247752079087 0.153859588170434 2.04059926599124e-06
"NA19101.1.E02" 0.0764182612103699 0.512611019799126 0.239638463743294 0.11957909709772 0.0517531581494894
"NA19101.1.E03" 0.109706038000355 0.552079605196671 0.142556508392227 0.148650325806175 0.047007522604572
"NA19101.1.E04" 0.137030254147072 0.511038710210029 0.247576175593582 0.10435418394568 6.76103637240457e-07
"NA19101.1.E07" 0.24989404094624 0.475487649916879 0.213914528440609 0.0433298625063904 0.0173739181898825
"NA19101.1.E08" 0.230681556261476 0.325100320072467 0.360135747089042 0.0833392113312319 0.000743165245782803
"NA19101.1.E10" 0.221183069317579 0.392926223806802 0.328807146280635 0.057080512679105 3.04791587971473e-06
"NA19101.1.E12" 0.178438283838586 0.498435301410624 0.157114685394754 0.159174997874606 0.00683673148142915
"NA19101.1.F01" 0.106359616864979 0.507546131486735 0.163336568041906 0.147769909100617 0.0749877745057628
"NA19101.1.F02" 0.237480234019138 0.531728993853655 0.128706359491779 0.10208237560227 2.03703315905595e-06
"NA19101.1.F03" 0.257651084013532 0.458533306685548 0.1860145827637 0.0977907619742065 1.02645630135597e-05
"NA19101.1.F04" 0.0825629317070098 0.463157034094587 0.15119130960498 0.279624025186727 0.0234646994066955
"NA19101.1.F07" 0.261183330420682 0.447379678907649 0.155437638810897 0.120291903220681 0.0157074486400911
"NA19101.1.F08" 0.245396051716397 0.479967005148713 0.142619992313186 0.131985777628089 3.11731936156327e-05
"NA19101.1.F09" 0.328481548169876 0.332000765944038 0.250846228487744 0.0886707042968168 7.53101524875029e-07
"NA19101.1.F11" 0.0685948670484574 0.553566078046305 0.18783916442909 0.13578097446868 0.0542189160074678
"NA19101.1.F12" 0.142460677056734 0.42271366812766 0.176507708357116 0.219669799652183 0.0386481468063067
"NA19101.1.G02" 0.127412368231423 0.357758383507872 0.291221479051257 0.213573619236394 0.0100341499730526
"NA19101.1.G03" 0.093253604049439 0.510476400376735 0.159630812603294 0.193880073053419 0.0427591099171127
"NA19101.1.G04" 0.193393029295401 0.352508468571228 0.399574002887448 0.0545229069916212 1.59225430228514e-06
"NA19101.1.G05" 0.225684679884878 0.346591383343782 0.191821324150785 0.228265590431983 0.00763702218857142
"NA19101.1.G07" 0.133168203565666 0.502042476958621 0.208023538349947 0.0849344229964776 0.0718313581292891
"NA19101.1.G08" 0.1627070118059 0.389367102145856 0.139017722917934 0.273913911611508 0.0349942515188013
"NA19101.1.G09" 0.24173093324804 0.440127023557878 0.0922750157546014 0.186467741336634 0.0393992861028469
"NA19101.1.G10" 0.133952216723827 0.480670239036052 0.223219632908373 0.126631462986535 0.0355264483452137
"NA19101.1.G11" 0.314477608007755 0.392405499864096 0.170375300087565 0.122740255185318 1.33685526582028e-06
"NA19101.1.G12" 0.273583465457376 0.375598655982751 0.263426625494341 0.0873909036983288 3.49367203724093e-07
"NA19101.1.H01" 0.290086791095711 0.381818157403471 0.206424156252456 0.121668339083727 2.55616463410492e-06
"NA19101.1.H02" 0.167957598822127 0.454020665739741 0.148027173638481 0.166447426614419 0.0635471351852326
"NA19101.1.H03" 0.326421607192994 0.222659033556425 0.355301538920898 0.0956166598141281 1.1605155546687e-06
"NA19101.1.H05" 0.208573431002052 0.439620885161969 0.225440489714709 0.120289469208017 0.00607572491325451
"NA19101.1.H06" 0.212157343171093 0.530074031110936 0.117355944203173 0.138394306759392 0.00201837475540657
"NA19101.1.H08" 0.241246692196327 0.37712035374758 0.18725962405284 0.132002527799459 0.0623708022037939
"NA19101.1.H10" 0.0482372446691646 0.546418400419738 0.33194426962045 0.0733995199821729 5.65308474623984e-07
"NA19101.1.H12" 0.152855340050726 0.488157862840027 0.238279990410274 0.0547743874562945 0.0659324192426787
"NA19101.2.A01" 0.327340919516652 6.85216545534824e-05 0.494815450394645 0.154500340601351 0.0232747678327986
"NA19101.2.A02" 0.407710913939615 0.0873419605826019 0.273114695317224 0.143559755583848 0.0882726745767108
"NA19101.2.A06" 0.246999188221788 0.207348931757062 0.394206793596224 0.139219471905861 0.0122256145190651
"NA19101.2.A08" 0.37899692436109 0.0978214444309018 0.377744934460618 0.0881785673252578 0.0572581294221317
"NA19101.2.A09" 0.491251512037143 0.0357217103598555 0.348509695008803 0.102769051502092 0.0217480310921065
"NA19101.2.A10" 0.344487924175787 0.215832754474304 0.261707739776887 0.0928672746224139 0.0851043069506079
"NA19101.2.B02" 0.406390601954849 0.152656106715046 0.251440488083374 0.183681118461153 0.00583168478557827
"NA19101.2.B03" 0.317000601525874 0.11581984350435 0.317678306761753 0.188496591066915 0.0610046571411073
"NA19101.2.B04" 1.56941391112664e-06 1.38207415202019e-06 0.54501034764323 0.414819690976765 0.0401670098919417
"NA19101.2.B06" 0.28975314495348 0.142793600004378 0.308914056953681 0.219244420463206 0.0392947776252551
"NA19101.2.B08" 0.363314999412154 0.101134609958605 0.238345181309917 0.198311105048537 0.0988941042707867
"NA19101.2.B09" 0.317104157568442 0.164706714323907 0.288065820900132 0.182952274122233 0.0471710330852857
"NA19101.2.B10" 0.281990349679629 0.166858056544623 0.259035565390502 0.226893735972164 0.0652222924130821
"NA19101.2.B12" 0.356570575356454 0.0828575225406687 0.450886430477469 0.108442545854739 0.00124292577066898
"NA19101.2.C01" 0.0372119923380804 4.78754040308218e-06 0.602575616399024 0.310304160783121 0.0499034429393714
"NA19101.2.C03" 0.33924239907796 0.0304137337509004 0.382472112380889 0.20814271722982 0.0397290375604303
"NA19101.2.C04" 0.239935863717952 0.237057107990838 0.353191709431825 0.0768102339330531 0.0930050849263323
"NA19101.2.C05" 0.281859030155724 0.123477628859777 0.269354613924902 0.27158491140642 0.0537238156531777
"NA19101.2.C06" 0.284475329893494 0.267707927349679 0.252481700896936 0.165813145238429 0.0295218966214627
"NA19101.2.C07" 0.379186833198214 0.256077129973771 0.236103492691788 0.0933466106140868 0.0352859335221406
"NA19101.2.C08" 0.240566215354827 0.182754909148827 0.352186465367396 0.166058038893062 0.0584343712358875
"NA19101.2.C09" 4.31590168203284e-06 3.81714435765562e-06 0.48374183567133 0.494400541090248 0.0218494901923819
"NA19101.2.C11" 0.342687667064052 0.159863588956887 0.380112708582236 0.11733509592221 9.39474615121395e-07
"NA19101.2.D02" 0.16322349322122 0.18611327295695 0.432272807358257 0.159816419423461 0.0585740070401117
"NA19101.2.D03" 0.331272133810954 0.243813701348103 0.323708903121132 0.0557615345847706 0.0454437271350403
"NA19101.2.D04" 0.234938878328983 0.225973671107985 0.346806381865527 0.153235342748214 0.0390457259492918
"NA19101.2.D05" 0.0287527409370686 0.000703984939347105 0.575319070511471 0.366225623024613 0.0289985805874999
"NA19101.2.D06" 0.139649422022129 0.26407714205615 0.296769224971263 0.247509023324165 0.0519951876262936
"NA19101.2.D07" 0.192086399483313 0.235946283216656 0.191861239277165 0.380103223374932 2.85464793413652e-06
"NA19101.2.D08" 0.261399867763654 0.336170947520621 0.231244530963256 0.144945522491551 0.0262391312609181
"NA19101.2.D09" 0.0594880664310189 0.085828544445152 0.57106904169529 0.222656059480496 0.0609582879480437
"NA19101.2.D10" 0.21903185756821 0.0898395962432219 0.336314014710153 0.354812250269052 2.28120936292779e-06
"NA19101.2.D11" 0.330098580232876 0.193961195183524 0.319268263655673 0.109757479199386 0.0469144817285409
"NA19101.2.E01" 0.253975448167425 0.104506825476046 0.425693143454613 0.187667485882057 0.0281570970198588
"NA19101.2.E02" 0.246412009291556 0.294400147272612 0.280422503454967 0.13010633783106 0.0486590021498062
"NA19101.2.E03" 3.35759540908465e-05 0.0588827778073855 0.47227023878829 0.388167907989581 0.0806454994606529
"NA19101.2.E04" 0.356967628733369 0.130242064607183 0.327511214898651 0.185277146094857 1.94566593955669e-06
"NA19101.2.E06" 0.0937261729372547 0.16289536709259 0.382952264839314 0.329199380432142 0.0312268146986999
"NA19101.2.E07" 0.250459731014785 0.157507517898203 0.369603743889629 0.209464874183387 0.0129641330139964
"NA19101.2.E09" 0.194820539429691 0.0772770164226134 0.555365141622186 0.172535906695713 1.39582979571302e-06
"NA19101.2.E10" 0.208256490057947 0.403273302331082 0.219942780211077 0.10822001522429 0.0603074121756044
"NA19101.2.E11" 0.305239399418536 0.114552826651238 0.360196740414416 0.220009524221549 1.50929426174515e-06
"NA19101.2.E12" 0.343343968647836 0.315421312046245 0.275609598726239 0.0279112546983446 0.0377138658813344
"NA19101.2.F01" 0.313111962638113 0.177125078005899 0.374591070583633 0.0868641038266044 0.0483077849457505
"NA19101.2.F03" 0.302250073098037 0.123503073775226 0.422015906542878 0.15222923939026 1.70719359940685e-06
"NA19101.2.F04" 0.138488152188646 0.317427751906834 0.21954174993912 0.295209526325744 0.0293328196396546
"NA19101.2.F06" 0.326856461381637 0.288715885415429 0.256540948135406 0.127885594609453 1.11045807598621e-06
"NA19101.2.F07" 0.344919266452085 0.16083001784616 0.324771765503832 0.168730394212549 0.000748555985374792
"NA19101.2.F08" 0.198161088776796 0.204315369432992 0.482215842441833 0.0903356228375717 0.0249720765108079
"NA19101.2.F09" 0.249842515465225 0.154662949603547 0.380372932197742 0.145722977451151 0.069398625282336
"NA19101.2.F12" 0.0509089373779917 0.000265710869467233 0.649337708841432 0.273923539134833 0.0255641037762767
"NA19101.2.G01" 0.353314998816735 0.0606784278141915 0.390910758770669 0.168039678133711 0.0270561364646931
"NA19101.2.G02" 0.260339236453897 0.207486202562914 0.309303531753499 0.222858976954024 1.20522756653771e-05
"NA19101.2.G03" 0.20494370810805 0.123542439258487 0.348595815966975 0.27637359704844 0.046544439618047
"NA19101.2.G04" 0.282730263991693 0.240074000842093 0.294309703280496 0.162157369310936 0.0207286625747817
"NA19101.2.G05" 0.300076107284768 0.0516532270808554 0.405668776594261 0.191605927158002 0.0509959618821126
"NA19101.2.G07" 0.265317911014899 0.125988960355232 0.296003109259626 0.296096108557376 0.0165939108128671
"NA19101.2.G08" 5.29938530940218e-05 0.0118098776365338 0.561729666424383 0.366948623210916 0.0594588388750734
"NA19101.2.G09" 0.366464972552387 0.140194930742616 0.372019270849658 0.0923877400747128 0.0289330857806264
"NA19101.2.G12" 0.238132431541263 0.224368156467779 0.347781179939687 0.167690272062931 0.02202795998834
"NA19101.2.H01" 0.273185044476715 0.134148292317816 0.425418368769131 0.123969073736661 0.0432792206996782
"NA19101.2.H02" 0.178499643941819 0.0522641931691216 0.458857902747372 0.267272168161409 0.043106091980278
"NA19101.2.H03" 0.356975059875956 0.113376603186452 0.45409439722751 0.0600469595597712 0.0155069801503107
"NA19101.2.H05" 0.288831986439424 0.242425914555674 0.375152999789715 0.0507664008191329 0.0428226983960545
"NA19101.2.H06" 0.387500902911747 0.160216128271743 0.359271519632257 0.0930078571425268 3.5920417270019e-06
"NA19101.2.H07" 0.33289924335121 0.160277190815118 0.343204916242857 0.149946623816241 0.0136720257745731
"NA19101.2.H08" 0.372164665754308 0.177601071903806 0.269981625599694 0.103536260925898 0.0767163758162944
"NA19101.2.H09" 3.66563612749519e-06 1.96388996830716e-06 0.522835407480199 0.427653620819038 0.0495053421746678
"NA19101.3.A06" 0.298891195955157 0.235505404523264 0.232632280750281 0.231778647071196 0.00119247170010176
"NA19101.3.A07" 0.14783467171033 0.197703804820582 0.277216517630686 0.352396670565634 0.0248483352727678
"NA19101.3.A10" 0.441569629985907 0.259603271709198 0.214873491854862 0.0839520032867095 1.60316332347482e-06
"NA19101.3.A12" 0.170086440993024 0.395788138648607 0.112169338890069 0.279783735539059 0.0421723459292415
"NA19101.3.B01" 0.351780647727418 0.343611638843302 0.198137870290304 0.0751731893418252 0.0312966537971514
"NA19101.3.B02" 0.427281841828824 0.290407036623853 0.257088924043345 0.0105965251659764 0.014625672338002
"NA19101.3.B06" 0.263595866666989 0.303480759875881 0.256184202311364 0.137299750571591 0.0394394205741748
"NA19101.3.B07" 0.473073945601008 0.246519182127325 0.178501887254514 0.101903874770172 1.11024698067567e-06
"NA19101.3.B08" 0.253548734403958 0.436563004451967 0.107276856803605 0.145669844389495 0.0569415599509755
"NA19101.3.B09" 0.20254195665403 0.469383496822903 0.108289907440255 0.167465943057497 0.052318696025315
"NA19101.3.B10" 0.401685111902221 0.225164336051769 0.272657219340445 0.100492052205227 1.28050033881899e-06
"NA19101.3.B11" 0.215737472598176 0.404467666335229 0.212014441015592 0.167778730230997 1.68982000518109e-06
"NA19101.3.B12" 0.361687326962296 0.313672127479129 0.242337153334197 0.0823013531080925 2.0391162854449e-06
"NA19101.3.C03" 0.256971328887299 0.362960705096841 0.0660762358348187 0.264297573558857 0.0496941566221842
"NA19101.3.C04" 0.341338772922257 0.364224931387209 0.208824661909973 0.0856098408621621 1.79291839901323e-06
"NA19101.3.C05" 0.257995321960584 0.344483146763985 0.183578768999228 0.213939785348763 2.97692744041472e-06
"NA19101.3.C06" 0.158692284252456 0.506955259978341 0.139205197013933 0.133576516990656 0.0615707417646141
"NA19101.3.C07" 0.270688490281548 0.541823167758825 0.0197332714825793 0.16034931898761 0.00740575148943775
"NA19101.3.C08" 0.231973779546475 0.496863879541098 0.0486091583788991 0.182167382817818 0.0403857997157102
"NA19101.3.C10" 0.194045936822484 0.231910480457947 0.31174138733952 0.253705939048118 0.00859625633193048
"NA19101.3.C11" 0.190265701141402 0.442666504302433 0.269436345990589 0.0798214929534463 0.0178099556121294
"NA19101.3.D03" 0.314241957879494 0.36312961386632 0.111557197945164 0.211070076228067 1.15408095479483e-06
"NA19101.3.D06" 0.241213081981779 0.43015301544123 0.195139385540345 0.123327178534329 0.0101673385023168
"NA19101.3.D08" 0.224135568023949 0.60268452504572 0.0044259214859974 0.152547705420931 0.0162062800234029
"NA19101.3.D10" 0.238791916580952 0.527591714666449 0.11978722543479 0.113826632003486 2.51131432197318e-06
"NA19101.3.D12" 0.281881211968921 0.380081322371871 0.21997114406789 0.0927935118635254 0.0252728097277917
"NA19101.3.E02" 0.257888154468645 0.479379077570878 0.120459095873236 0.0997005807094097 0.0425730913778317
"NA19101.3.E03" 0.126745961840425 0.374319812523287 0.221437622764511 0.245368255794115 0.0321283470776626
"NA19101.3.E04" 0.0279537379533069 0.505573485279849 0.265298314574592 0.155822239708764 0.0453522224834875
"NA19101.3.E06" 0.120699287669695 0.473182620847666 0.227243042088144 0.119331112733683 0.0595439366608121
"NA19101.3.E07" 0.356801147549213 0.279040861878351 0.299986435906266 0.0641549657336332 1.65889325370949e-05
"NA19101.3.E09" 0.27850608347313 0.321808909657437 0.285062909731468 0.114620338506055 1.75863190976542e-06
"NA19101.3.F01" 0.257725458575162 0.461563752019786 0.164233466105751 0.114190004973824 0.00228731832547832
"NA19101.3.F02" 0.264154392772341 0.344818081364094 0.299265043820669 0.0917580866381371 4.39540475889298e-06
"NA19101.3.F03" 0.349273931058014 0.201041573053573 0.417867713000602 0.031811118875432 5.66401237849091e-06
"NA19101.3.F05" 0.211870227282736 0.593540549417691 0.00479646935722028 0.183993303517226 0.00579945042512615
"NA19101.3.F07" 0.20199297885769 0.302460588006752 0.266826586910269 0.225594217929607 0.0031256282956815
"NA19101.3.F08" 0.213559864903999 0.430251123206758 0.0949198429475047 0.192839701900634 0.0684294670411042
"NA19101.3.F10" 0.180196769629517 0.604585224444375 0.0150338823577996 0.187769219801503 0.012414903766806
"NA19101.3.F11" 0.17621336792506 0.479152715706901 0.0973036696175537 0.200777230787342 0.0465530159631438
"NA19101.3.F12" 0.299895822707313 0.456314223208465 0.129468025294681 0.0737889413755668 0.0405329874139742
"NA19101.3.G01" 0.1214052203539 0.335361377143341 0.281477082374833 0.224887872638768 0.0368684474891593
"NA19101.3.G03" 0.273005287428515 0.331908987388936 0.222927265054614 0.140888304510793 0.0312701556171414
"NA19101.3.G05" 0.199708677100439 0.478251416693814 0.125234429014685 0.15702979040936 0.0397756867817021
"NA19101.3.G06" 0.222453519493149 0.36140054462403 0.239280207820945 0.151923894492026 0.0249418335698505
"NA19101.3.G07" 0.307703726245141 0.208505831790911 0.242579000757695 0.241210568715129 8.72491124030186e-07
"NA19101.3.G08" 0.261038020043225 0.224193251443571 0.238106044214506 0.246662093688911 0.0300005906097876
"NA19101.3.G10" 0.290311605500094 0.45039011731364 0.109040832852919 0.0832398561304697 0.0670175882028777
"NA19101.3.G11" 0.272083407953161 0.297105368397018 0.315646173434272 0.113342853092321 0.00182219712322859
"NA19101.3.G12" 0.308462619438437 0.357263189121511 0.190771259560884 0.0799085385245262 0.0635943933546424
"NA19101.3.H05" 0.333153874075963 0.450137402320717 0.13333735822089 0.0392941927707576 0.0440771726116727
"NA19101.3.H08" 0.276756533119015 0.411002307722135 0.128589475313331 0.10292003466387 0.0807316491816488
"NA19239.1.A01" 0.63443292067182 4.39265937854749e-06 0.201845788569029 0.144477181382916 0.0192397167168561
"NA19239.1.A03" 0.594952218969661 4.39264435494648e-05 0.147671975358749 0.175840590090592 0.0814912891374486
"NA19239.1.A05" 0.645122345041529 0.0686214891993158 0.193773498114682 0.0331285022532763 0.0593541653911966
"NA19239.1.A06" 0.596364828263844 5.34361812596351e-06 0.285613054726045 0.0908388191988588 0.0271779541931267
"NA19239.1.A08" 0.585588016084115 1.36810893270342e-05 0.134141582325013 0.19484532869385 0.0854113918076948
"NA19239.1.A09" 0.548519260475561 6.34127957139635e-06 0.179590421399156 0.25534554792488 0.0165384289208325
"NA19239.1.A10" 0.635607310628761 0.0107254058527384 0.239157651633968 0.0626427707024317 0.0518668611821016
"NA19239.1.B02" 0.533422983069225 0.0874729215655664 0.288129331926214 0.0909728794291899 1.88400980531367e-06
"NA19239.1.B03" 0.60872755028456 1.08512574783509e-05 0.122128137205256 0.215093165172152 0.0540402960805537
"NA19239.1.B05" 0.499488568757407 3.02762586032406e-05 0.312421917529309 0.127043789813575 0.0610154476411047
"NA19239.1.B06" 0.427657716141281 4.76488920101012e-05 0.146824133601393 0.393237219862571 0.0322332815027445
"NA19239.1.B07" 0.499577752226426 0.0471913327734679 0.113894665943609 0.25347650083542 0.0858597482210774
"NA19239.1.B08" 0.776734442067775 0.0057553621215283 0.0920627856624076 0.0898132199374677 0.0356341902108213
"NA19239.1.B09" 0.723208555598238 0.000378554291923745 0.164709260189679 0.0991073811221365 0.012596248798023
"NA19239.1.B10" 0.41711195422489 0.0199524397091439 0.104550332584493 0.400935818462542 0.0574494550189315
"NA19239.1.B11" 0.742345797949083 6.92148599432888e-05 0.086022270719646 0.17156008407584 2.63239548721333e-06
"NA19239.1.B12" 0.692005003875688 0.132876987307402 0.0346764286787042 0.0741768281128264 0.066264752025379
"NA19239.1.C01" 0.526009011367807 4.9803001149214e-06 0.237973250835065 0.206383707758501 0.0296290497385118
"NA19239.1.C02" 0.674068414160248 0.115680243420957 0.122698300555697 0.0368244173111999 0.0507286245518977
"NA19239.1.C03" 0.656973146992329 0.069793090731715 0.122846822760543 0.112733597082881 0.0376533424325327
"NA19239.1.C05" 0.688309236603783 0.065359244533094 0.131320865633918 0.100579697892182 0.0144309553370231
"NA19239.1.C06" 0.616447019841347 0.0314911345131626 0.116001008098923 0.226433134993471 0.0096277025530967
"NA19239.1.C08" 0.651914501306778 1.12453488677777e-05 0.189908739972603 0.157445111948194 0.000720401423557529
"NA19239.1.C09" 0.71761405322838 0.0723804705345901 0.110755888933335 0.0579557550208305 0.0412938322828639
"NA19239.1.C10" 0.738709709718246 0.0148251077254084 0.101185990959371 0.120464997512065 0.0248141940849091
"NA19239.1.C11" 0.443154687296851 0.0227748730272078 0.123126432642818 0.365207797349023 0.0457362096841008
"NA19239.1.C12" 0.66997830646608 0.106094901051768 0.109503474088246 0.106346958788852 0.00807635960505446
"NA19239.1.D01" 0.729657171388336 0.0815172570828714 4.96510614050436e-05 0.155667191552476 0.0331087289149112
"NA19239.1.D02" 0.668491256586015 0.0224291918547425 0.118446234333602 0.17063893914627 0.0199943780793709
"NA19239.1.D03" 0.453351161237885 4.97364201515214e-06 0.256911976574515 0.285076350840845 0.00465553770474063
"NA19239.1.D04" 0.632530933323145 0.021712078898234 0.123998498051892 0.197002858602448 0.0247556311242806
"NA19239.1.D05" 0.683623644442137 0.0443009661122693 1.60511414614146e-05 0.226755016179157 0.0453043221249751
"NA19239.1.D06" 0.60657162240073 0.11532526756655 0.175369682065384 0.10271610007253 1.7327894806231e-05
"NA19239.1.D08" 0.67288764236823 0.0882596996083679 0.111574433378392 0.124823567582617 0.00245465706239316
"NA19239.1.D09" 0.642862938804203 0.0562736044916563 0.151114710640667 0.120432610023051 0.0293161360404231
"NA19239.1.D10" 0.544469923103484 7.58242567952986e-06 0.227764380476102 0.19776529892808 0.0299928150666544
"NA19239.1.D11" 0.662750769379832 0.0209324363111 0.17199557101796 0.111684465990416 0.0326367573006925
"NA19239.1.D12" 0.539326332077894 9.02028003237507e-06 0.185216854805218 0.246489465953343 0.0289583268835135
"NA19239.1.E01" 0.667653317835735 0.0677207757421063 0.091921477904303 0.119029044095371 0.0536753844224852
"NA19239.1.E02" 0.720078242070005 0.0927259991127548 0.106372808363514 0.0808203994777763 2.55097595036547e-06
"NA19239.1.E03" 0.640032625513284 0.0148373074319944 0.175710710834039 0.11428205139733 0.0551373048233523
"NA19239.1.E04" 0.653309414868589 0.0142207425602029 0.170076879401751 0.0990077739012916 0.0633851892681648
"NA19239.1.E06" 0.546494064320547 6.46034015173957e-06 0.163683466124185 0.140343608348864 0.149472400866251
"NA19239.1.E07" 0.682898201023725 9.85245824174268e-06 0.172223947001358 0.144864914868782 3.08464789276247e-06
"NA19239.1.E08" 0.675095456749535 0.0801848740878821 0.151514782727312 0.0878489293564291 0.00535595707884181
"NA19239.1.E09" 0.648762327102612 0.124261805487911 0.0753415848617652 0.117736041283479 0.0338982412642329
"NA19239.1.E10" 0.622594349557156 0.0229592952296705 0.100042968495296 0.178108156832134 0.0762952298857435
"NA19239.1.E11" 0.663811080903125 9.21942690557841e-05 0.218813454992743 0.117278625899729 4.64393534675722e-06
"NA19239.1.E12" 0.670312869623396 0.092291010296537 0.136706116930044 0.0450133714429714 0.0556766317070522
"NA19239.1.F01" 0.718470136016057 0.000167196149016262 0.148516348850988 0.112211482924196 0.0206348360597426
"NA19239.1.F02" 0.657324062284529 0.0164494717330256 0.116735654460795 0.170026576237453 0.039464235284197
"NA19239.1.F03" 0.628178768542266 0.0199879342785283 0.0913205211035109 0.199186915696879 0.0613258603788152
"NA19239.1.F04" 0.675295172330027 0.00228622997239027 0.192435976342509 0.129950584655182 3.20366998926063e-05
"NA19239.1.F06" 0.600201060527301 0.1542643492645 1.02555519829307e-05 0.189915014664499 0.0556093199917181
"NA19239.1.F07" 0.61917459783038 0.0992476720976906 0.115636894909248 0.131710965191137 0.0342298699715431
"NA19239.1.F08" 0.674812046316757 6.46278880882673e-05 0.176148748964541 0.140111375220633 0.00886320160998042
"NA19239.1.F09" 0.721092351966719 0.00948046597320495 0.109646909233561 0.13709640059753 0.0226838722289847
"NA19239.1.F10" 0.681597945920096 0.151381052658742 2.76867626895253e-05 0.0934387337866001 0.0735545808718726
"NA19239.1.F12" 0.594608812507814 0.0846484586671619 0.222169656653287 0.0340303637547084 0.0645427084170287
"NA19239.1.G01" 0.637096893481079 2.18089743065082e-05 0.118708765639584 0.154809710968916 0.089362820936114
"NA19239.1.G02" 0.559036727280797 0.000113004493600157 0.190667617277533 0.180524379834271 0.0696582711137998
"NA19239.1.G03" 0.612182795212415 0.0424092341742298 0.18544462373612 0.142823979407685 0.0171393674695499
"NA19239.1.G04" 0.530348604407346 1.14535333319019e-05 0.279514954980891 0.13867076500052 0.0514542220779108
"NA19239.1.G06" 0.507393987538653 0.0619537859008689 0.263835107761306 0.0828680741339294 0.0839490446652423
"NA19239.1.G09" 0.568564614144549 9.99394097925013e-06 0.260746689897253 0.10830900055019 0.0623697014670286
"NA19239.1.G10" 0.661148694125271 0.0317549151579656 0.185877965919655 0.0472321382546152 0.0739862865424939
"NA19239.1.G11" 0.631402341534504 0.0865854183958188 0.136438769585308 0.120705503699142 0.0248679667852271
"NA19239.1.G12" 0.619115741580433 0.0227484275583948 0.140519666305406 0.141456620217182 0.0761595443385834
"NA19239.1.H01" 0.588648934283204 0.00203534250353381 0.162590504190977 0.210888903904844 0.0358363151174419
"NA19239.1.H03" 0.682791076410426 0.062400537884032 0.0526209606235949 0.129601393482747 0.0725860315992008
"NA19239.1.H04" 0.544513999979012 9.60256945255155e-06 0.212951525307038 0.192400273792138 0.0501245983523593
"NA19239.1.H05" 0.531403663336123 5.7665301114342e-06 0.227292221988223 0.0981132251907048 0.143185122954838
"NA19239.1.H06" 0.655592732579888 5.24920406043187e-06 0.205639688334507 0.125855516042668 0.0129068138388769
"NA19239.1.H07" 0.696971082993971 0.000208742966127726 0.154924924992902 0.108107501419116 0.0397877476278831
"NA19239.1.H08" 0.527872923797063 1.08897287048282e-05 0.201274486102816 0.202918886333129 0.0679228140382871
"NA19239.1.H09" 0.564804958957832 3.11372908149926e-06 0.149577849377159 0.268324628517595 0.017289449418332
"NA19239.1.H10" 0.625707019751816 0.159629692982811 0.05662286715305 0.106305172940756 0.0517352471715669
"NA19239.1.H11" 0.750712638025675 0.00580586346833385 0.194996518456647 3.76609126677579e-05 0.0484473191366766
"NA19239.2.A01" 0.572092014194029 0.0892272240611876 5.42290025562929e-06 0.262999020470882 0.0756763183736462
"NA19239.2.A02" 0.700606273141544 8.66643902267555e-06 0.221425691196199 0.033411401796543 0.0445479674266907
"NA19239.2.A04" 0.63630873808798 0.0326899417916512 0.13165832323986 0.199341678890094 1.31799041414861e-06
"NA19239.2.A05" 0.557597594633888 0.119660974234867 0.106278334797956 0.185689547428589 0.0307735489046999
"NA19239.2.A06" 0.560072236706063 0.0730895161518293 0.227346147113974 0.139489576522132 2.52350600165753e-06
"NA19239.2.A07" 0.542578616478721 0.142276122247871 0.2117711033934 0.0386562511931124 0.0647179066868962
"NA19239.2.A08" 0.671338181340089 0.0519261371705172 0.16518726657299 0.0191153023413236 0.0924331125750795
"NA19239.2.A09" 0.580025843189973 0.180405574131405 0.0448295469072089 0.131320414505192 0.0634186212662212
"NA19239.2.A11" 0.555281222832902 0.112932561165425 0.171900941073396 0.101289858117794 0.0585954168104836
"NA19239.2.A12" 0.46066828462722 0.29000031269711 0.0401177676879481 0.209208127228608 5.50775911359361e-06
"NA19239.2.B02" 0.517921539589221 0.138695955732039 0.130923424678497 0.127321333607871 0.0851377463923721
"NA19239.2.B04" 0.5870091844876 0.107030081701817 0.199705791320826 0.0926555217032251 0.0135994207865314
"NA19239.2.B05" 0.507955066584412 6.23922838277595e-06 0.26535543315327 0.125533136131188 0.101150124902748
"NA19239.2.B06" 0.56470350624886 0.138253803526505 0.148459311749632 0.139429818612336 0.00915355986266713
"NA19239.2.B07" 0.534102571623511 0.25362971470497 0.0251221718885389 0.171642757603295 0.0155027841796842
"NA19239.2.B08" 0.561089699962505 0.0332573518619344 0.0613586994592772 0.268773372672545 0.075520876043738
"NA19239.2.B09" 0.575517626997335 0.143084843601457 0.186486489772421 0.026393600991264 0.0685174386375229
"NA19239.2.B12" 0.494783688554285 0.197319638666141 0.149778301400973 0.139979192714722 0.0181391786638796
"NA19239.2.C02" 0.444804274745287 0.0340040922956167 0.113234128587651 0.32306287886204 0.0848946255094053
"NA19239.2.C04" 0.483377508988027 0.155648971521506 0.279559091516294 0.0590565773434418 0.0223578506307307
"NA19239.2.C05" 0.420556193788512 0.0371115328556776 0.202001119427713 0.34032986854221 1.28538588699094e-06
"NA19239.2.C07" 0.586751057007156 0.076766001819244 0.258086502505061 0.0783879090754456 8.52959309336596e-06
"NA19239.2.C09" 0.509974294251341 0.235516637202001 0.0980604778009453 0.143273209694653 0.013175381051059
"NA19239.2.C11" 0.574101257904559 0.00710680973602642 0.358026315986177 0.0504338457446801 0.0103317706285574
"NA19239.2.C12" 0.502033085079465 0.0863308522875114 0.139718111332898 0.221564834831123 0.0503531164690024
"NA19239.2.D01" 0.415718546175458 0.088904555708997 0.174070088401838 0.303534288887766 0.0177725208259411
"NA19239.2.D02" 0.563097684901915 0.119200083709467 0.227101303278363 0.0905877141208659 1.3213989389147e-05
"NA19239.2.D04" 0.60277146580297 0.144333790943429 0.183490598358182 0.0693898658545744 1.42790408447915e-05
"NA19239.2.D05" 0.359917423991024 0.307899281467087 0.0842399123544474 0.162108004479145 0.0858353777082963
"NA19239.2.D06" 0.456926686639835 0.181008473148554 0.161071788279887 0.148285565743251 0.0527074861884729
"NA19239.2.D11" 0.459862438120515 0.307022054448387 0.0511306976422217 0.138388408229007 0.0435964015598698
"NA19239.2.D12" 2.05858812792496e-06 1.96608592130614e-06 0.0713874573597345 0.918142302454511 0.0104662155117055
"NA19239.2.E01" 0.273975974013808 0.365195807692278 0.0310186586069028 0.26715334476804 0.0626562149189708
"NA19239.2.E02" 0.519616483047144 0.267451437283656 0.0420823664995902 0.153353489483417 0.0174962236861926
"NA19239.2.E04" 0.566779640558251 0.0982064378993241 0.206635650012743 0.128377439952367 8.3157731390922e-07
"NA19239.2.E05" 0.495593588864801 0.212362490295068 0.11457624843128 0.121066717186719 0.0564009552221321
"NA19239.2.E06" 0.481400496617906 0.226958959657503 0.198438125580794 0.0887900407624666 0.00441237738133045
"NA19239.2.E07" 0.499766832377224 0.199193702941723 0.0679078477408414 0.186693958443857 0.0464376584963556
"NA19239.2.E08" 0.520560895326985 0.1252292983452 0.201477423407401 0.152729976955854 2.40596455952869e-06
"NA19239.2.E11" 0.523627774869714 0.0328798148174133 0.296732313789611 0.136523304270055 0.0102367922532067
"NA19239.2.E12" 0.390148342930953 0.134131573764266 0.231514292925394 0.241589365612271 0.00261642476711556
"NA19239.2.F01" 0.538738717602595 0.11119261590275 0.160605719255814 0.189460761938639 2.18530020117922e-06
"NA19239.2.F02" 0.383726773870788 0.170494465488451 0.181542454890708 0.250887218659025 0.013349087091028
"NA19239.2.F03" 0.476807390679052 0.127457604937111 0.0525763876853738 0.310763858843145 0.0323947578553191
"NA19239.2.F05" 0.472714734716125 0.0859646652861765 0.238899532865602 0.16607027008334 0.0363507970487564
"NA19239.2.F08" 0.620372852186923 0.067483526004853 0.187105920920009 0.125036734344674 9.66543539916679e-07
"NA19239.2.F09" 0.459065252123062 2.73438093067195e-05 0.183939925017175 0.282247931042075 0.0747195480083812
"NA19239.2.F10" 0.564354986199584 0.0445384611989224 0.225735893058947 0.133454815148495 0.0319158443940526
"NA19239.2.F11" 0.554118294351686 0.15070582688579 0.125668348194413 0.130215452739073 0.0392920778290375
"NA19239.2.G01" 0.460111051090447 0.19963305446872 0.152722777654288 0.118177168636409 0.0693559481501362
"NA19239.2.G02" 0.404870545886714 0.218767246877472 0.161964850638034 0.152952127727867 0.0614452288699138
"NA19239.2.G04" 0.433654074151563 0.175896010012842 0.255571087364436 0.126137512723632 0.00874131574752611
"NA19239.2.G05" 0.534731384609653 0.215499433637742 0.0701151666096511 0.107888991792754 0.0717650233501998
"NA19239.2.G06" 0.452074595424389 0.0832289416389731 0.29677883553105 0.165239771801435 0.00267785560415354
"NA19239.2.G07" 0.485316543208074 0.177520307275677 0.0662863323115916 0.22962081936633 0.041255997838327
"NA19239.2.G09" 0.677660248854701 0.118629028944487 0.11780591969098 0.0858998761228137 4.92638701861133e-06
"NA19239.2.G10" 0.583374970944045 0.165179524160334 0.141419422390132 0.089908190416041 0.0201178920894475
"NA19239.2.G11" 0.515518268330173 0.185716468662791 0.247575912170885 1.27741578863594e-06 0.0511880734203626
"NA19239.2.G12" 0.557337209156451 0.0958761256579768 0.241719304888808 0.0727973124013901 0.0322700478953731
"NA19239.2.H01" 0.51297319675071 0.216762186409708 0.0715647293695267 0.141266940139931 0.0574329473301246
"NA19239.2.H04" 0.610603004023522 0.000541006021452331 0.285892030415587 0.102961169791243 2.78974819606435e-06
"NA19239.2.H05" 0.264502928105034 0.147319609295416 0.0992695012222143 0.456368434201936 0.0325395271754
"NA19239.2.H06" 0.42069394494086 0.13765414190261 0.208034796861553 0.174290632405551 0.0593264838894262
"NA19239.2.H08" 0.607878819478385 0.0679766695036743 0.189468029365124 0.134674262483085 2.21916973229511e-06
"NA19239.2.H09" 0.574236719063188 8.45992873099667e-05 0.207645603074332 0.211285786551003 0.00674729202416752
"NA19239.2.H10" 0.512028424981884 0.173612601557089 0.250713971588281 0.0222441721484978 0.0414008297242484
"NA19239.2.H12" 0.607044026772132 0.0758472070984091 0.159479764212658 0.128245227547778 0.0293837743690221
"NA19239.3.A02" 0.756745026941223 5.96853213880178e-06 0.0696376238966178 0.117304551891907 0.0563068287381138
"NA19239.3.A03" 0.736801714649931 0.049207778003652 3.58828257691745e-06 0.125916109355705 0.0880708097081346
"NA19239.3.A04" 0.708939491025306 0.033247988745747 0.128060935102722 0.103128634467208 0.0266229506590175
"NA19239.3.A05" 0.701413410347172 0.0869042615483162 6.72897086933617e-06 0.115292577652058 0.0963830214815839
"NA19239.3.A06" 0.648183707524854 0.105611786516584 0.0389509004081625 0.105295133817099 0.1019584717333
"NA19239.3.A07" 0.798868278217764 0.0604952694357749 1.2444989792412e-05 0.0819348067575548 0.0586892005991139
"NA19239.3.A08" 0.466706821906171 0.000459685369191743 0.000102229666098753 0.410201168750722 0.122530094307817
"NA19239.3.A09" 0.757979646807716 0.0456554888916687 1.94604414816938e-06 0.117931551534655 0.0784313667218122
"NA19239.3.A10" 0.661738251755602 8.00809676981264e-06 0.0365702856343718 0.248614025952464 0.0530694285607919
"NA19239.3.A12" 0.69410735832335 0.106992684778702 1.46298275966477e-06 0.122257097575567 0.0766413963396203
"NA19239.3.B01" 0.655069724582862 0.0235847460792271 7.64432801994961e-06 0.248667158840533 0.0726707261693582
"NA19239.3.B02" 0.661616570528067 6.52412837734004e-06 0.0586730216275026 0.208263062107808 0.0714408216082452
"NA19239.3.B03" 0.759956594681447 0.0953602834981582 3.9345287777733e-06 0.0427680233753855 0.101911163916231
"NA19239.3.B04" 0.709268961326459 0.0440531663977939 0.000433138778750817 0.18761573545534 0.0586289980416556
"NA19239.3.B05" 0.681546223860458 0.0593524630997149 3.34318391694375e-06 0.174172033702526 0.0849259361533845
"NA19239.3.B06" 0.702824580986389 0.0646065802192605 0.0183914189500179 0.129511877792191 0.0846655420521413
"NA19239.3.B07" 0.701960860647692 8.7380603096157e-06 0.0840984853926223 0.137619004389952 0.0763129115094242
"NA19239.3.B10" 0.685099175330878 0.095294409587516 0.00864418585709909 0.16185742686742 0.0491048023570872
"NA19239.3.B11" 0.777434429640617 0.000313730922329852 0.0273158926613385 0.149286979222999 0.0456489675527151
"NA19239.3.B12" 0.704390340677636 0.0504973081818833 1.32943153197284e-05 0.153837491527232 0.0912615652979293
"NA19239.3.C01" 0.851059249337191 0.0889617457820246 3.19311151105204e-06 3.80969746051452e-07 0.0599754307995272
"NA19239.3.C02" 0.624822424800919 0.060841840426806 2.12013499117763e-06 0.222734264825504 0.09159934981178
"NA19239.3.C03" 0.719160766865411 0.0822630200445717 3.92357144060442e-06 0.0969659857889472 0.101606303729629
"NA19239.3.C06" 0.58879404818549 0.0499868767375263 0.193500545480286 0.104021914507839 0.0636966150888587
"NA19239.3.C08" 0.622051096143761 0.117629239027113 1.58823053108572e-06 0.174814141656301 0.085503934942293
"NA19239.3.C09" 0.748876370562134 0.0557787626592388 0.0640174631741654 0.0374457010199365 0.0938817025845257
"NA19239.3.C10" 0.714008913798051 0.0296239938921587 0.0382076492888189 0.169773553695658 0.0483858893253141
"NA19239.3.C11" 0.657204132248765 0.159070162153738 4.80668812978319e-06 0.110647812916718 0.0730730859926492
"NA19239.3.C12" 0.643224994960487 0.0476030240748135 0.170380393720974 0.06584167485901 0.072949912384715
"NA19239.3.D01" 0.640058837946022 0.0825104513719432 0.0478767400451042 0.130974278789376 0.0985796918475541
"NA19239.3.D02" 0.811759223163834 1.21197018369502e-05 0.0793607883276978 0.0904976231411182 0.0183702456655135
"NA19239.3.D03" 0.747463373255345 0.0393226403169885 0.0098363574192299 0.141579830730997 0.0617977982774394
"NA19239.3.D04" 0.652160084539189 5.29590806296549e-05 0.0342040362202347 0.149517990435603 0.164064929724343
"NA19239.3.D05" 0.679639680069689 0.122956722524362 0.0415334384537687 0.0893161817714217 0.0665539771807579
"NA19239.3.D06" 0.658633876825113 0.178162430509659 0.00035835328267542 0.13292349444386 0.0299218449386919
"NA19239.3.D07" 0.574494303461741 0.0334916323639436 0.169757571161354 0.186946929973228 0.0353095630397337
"NA19239.3.D08" 0.621474553961467 0.0839773153296103 4.5680163156489e-06 0.211874635248463 0.0826689274441443
"NA19239.3.D09" 0.670768928956056 1.52338053959255e-05 0.168031826183363 0.117235670232196 0.0439483408229889
"NA19239.3.D10" 0.66113279003686 0.15805367066602 0.0213744672991624 0.0949495082756869 0.064489563722271
"NA19239.3.D12" 0.727662891683725 0.000325334854585046 0.0639128285939042 0.173954295832033 0.0341446490357527
"NA19239.3.E02" 0.689378982301353 0.0314080848749472 0.0575788331748918 0.158283287294885 0.0633508123539227
"NA19239.3.E05" 0.779332289623871 0.0589261781045222 0.00193694257594258 0.116798505697183 0.0430060839984818
"NA19239.3.E06" 0.679174428575871 0.102837782601364 3.77533050378248e-06 0.150291022816281 0.0676929906759797
"NA19239.3.E07" 0.66147735528922 0.152100437485413 3.53982440157063e-06 0.141177739980665 0.0452409274203005
"NA19239.3.E08" 0.777598571668369 0.0360569089811242 2.61675819347426e-06 0.137874731647417 0.0484671709448967
"NA19239.3.E09" 0.613096202859839 0.127965103630765 4.23973876192995e-06 0.175927057154466 0.0830073966161684
"NA19239.3.E10" 0.775932778474389 8.78494457292947e-06 0.106651319714126 0.0908182889237436 0.0265888279431681
"NA19239.3.E11" 0.618054293824559 0.209094669693242 0.058579085661826 0.0641440637057105 0.0501278871146628
"NA19239.3.F01" 0.757746589975515 0.0713236985770242 1.68940354034555e-05 0.124562501758931 0.0463503156531257
"NA19239.3.F02" 0.609589928212464 0.0301561073059882 2.93322479072063e-05 0.266962739308425 0.0932618929252163
"NA19239.3.F03" 0.722355861449383 0.101010100884125 1.35593290065158e-05 0.128298262845701 0.0483222154917848
"NA19239.3.F04" 0.509242614337023 0.000363758804861354 0.260034925169742 0.217779362649883 0.0125793390384902
"NA19239.3.F05" 0.645691212465783 0.20180894987778 1.32281969070705e-05 0.0909254181100711 0.0615611913494587
"NA19239.3.F06" 0.719448041152557 7.74033258053985e-06 0.0532627997493137 0.171341785190144 0.0559396335754049
"NA19239.3.F07" 0.752353114639796 0.0884079583952026 4.56373248605718e-06 0.121999299813828 0.037235063418687
"NA19239.3.F08" 0.634628773113026 0.150198503999588 2.02501319145188e-06 0.125256552371783 0.0899141455024123
"NA19239.3.F09" 0.807951100724918 0.0413336886700673 0.0420426792591455 0.0774511587017721 0.0312213726440972
"NA19239.3.F10" 0.612793391881927 0.0787903306322596 3.63300717193896e-06 0.217687297370152 0.0907253471084886
"NA19239.3.F11" 0.702239661012663 0.0773683762138943 0.0939195471591565 0.0937492413275276 0.0327231742867585
"NA19239.3.F12" 0.720863619820657 0.112143943450159 0.0208817042451424 0.0787846786476637 0.0673260538363782
"NA19239.3.G02" 0.821292380298302 2.30118407643438e-05 0.064221110598843 0.0897917763720809 0.02467172089001
"NA19239.3.G03" 0.684438977697178 0.0789722966636197 0.00754538181193122 0.138328913770191 0.0907144300570804
"NA19239.3.G05" 0.675173904763044 0.107545274376132 2.4259240961242e-06 0.123989647367544 0.0932887475691835
"NA19239.3.G06" 0.74042981720991 7.46278154104879e-06 0.156116394095698 0.0979293697795291 0.00551695613332224
"NA19239.3.G07" 0.664494617843051 0.150422347766037 0.0167478179514173 0.104699632414798 0.0636355840246965
"NA19239.3.G08" 0.71170796661078 0.0648555722443595 3.06493196171417e-06 0.139331127015721 0.084102269197178
"NA19239.3.G09" 0.731573310703872 0.133725163753958 2.40817178928775e-06 0.0581383121490513 0.0765608052213296
"NA19239.3.G11" 0.708388405467903 0.120156196211212 4.82560109925479e-06 0.109159330294752 0.0622912424250341
"NA19239.3.G12" 0.626966207156803 2.80754083496802e-06 0.170823741689643 0.115852632138149 0.0863546114745704
"NA19239.3.H01" 0.534506794829074 0.218927696174398 5.27366510232439e-06 0.118442880691718 0.128117354639708
"NA19239.3.H03" 0.748377720128088 0.0335213656564521 1.50826932988161e-05 0.129503106770183 0.0885827247519784
"NA19239.3.H04" 0.662536914020346 0.0967041877866762 0.0824394313447558 0.0828456592839311 0.0754738075642911
"NA19239.3.H05" 0.722982108359371 6.31188935867776e-06 0.135846773124298 0.115105822901662 0.0260589837253112
"NA19239.3.H06" 0.665579585349912 0.060229197846209 0.130706870430147 0.12005117364571 0.0234331727280224
"NA19239.3.H07" 0.769504072044769 0.0520988250146529 5.65839735033618e-06 0.127474704379208 0.0509167401640195
"NA19239.3.H08" 0.650421618862632 0.00611742081120724 1.75600161798049e-05 0.229157595965105 0.114285804344876
"NA19239.3.H09" 0.786065142716886 5.86745967488025e-06 0.103552886258777 0.024824007588134 0.0855520959765281
"NA19239.3.H11" 0.566875759857132 0.0815598877311026 0.158839930459715 0.105829558352592 0.0868948635994576
"NA19239.3.H12" 0.709244669259937 0.118386384946743 3.16860234189388e-06 0.109003585787752 0.0633621914032258
