"1" "2" "3" "4" "5" "6" "7"
"NA19098.1.A01" 0.443401987279808 0.000424526724025829 0.029122078765576 0.00085438061056196 0.156890153125361 0.369198761171386 0.000108112323281363
"NA19098.1.A02" 0.521587413269473 0.000871052386766323 0.000154978796930733 0.000101759434100264 0.20591667273505 0.271274609527704 9.35138499756265e-05
"NA19098.1.A04" 0.47340841226693 0.011071968121592 0.0597223297866499 0.000345876532148885 0.0698026381867628 0.356313168167159 0.0293356069387577
"NA19098.1.A05" 0.50520016716878 0.0299183426964513 0.0208121063097615 0.000405145637088982 0.106201410287104 0.32530913646377 0.0121536914370437
"NA19098.1.A06" 0.547378723047863 0.00267238914597168 0.0162381245759114 0.000321345292011813 0.107996688920647 0.275152995909329 0.0502397331082657
"NA19098.1.A07" 0.507174940299735 0.000808650167218315 0.0180036219006754 0.000176496503812469 0.181651968186814 0.292040736882833 0.000143586058911751
"NA19098.1.A08" 0.442300607780207 0.0663443401454987 0.0151542588959625 0.0106437981646933 0.180431545566379 0.245034939803988 0.0400905096432721
"NA19098.1.A09" 0.514131669770786 0.000564565635043789 0.0172541429413501 0.000133180144051734 0.133662887094464 0.333908397788059 0.000345156626246393
"NA19098.1.A10" 0.484311868905773 0.0585529513901486 0.0259326290199367 0.0154088304541616 0.120432343113332 0.245804634039583 0.0495567430770658
"NA19098.1.A11" 0.496587422507741 0.000774091876947696 0.0393777252888211 0.000431770791732563 0.109591411980588 0.352679676177432 0.000557901376736944
"NA19098.1.A12" 0.552957253885198 0.000294126692918793 0.00036009993759826 0.000117405580357164 0.116668802866683 0.329333791273075 0.000268519764169124
"NA19098.1.B01" 0.52426962059952 0.0446348067109211 0.000135331790565084 0.000515818107377837 0.185471039213492 0.2430386385942 0.00193474498392445
"NA19098.1.B02" 0.508682536112748 0.0183065743006547 0.0204993487882008 0.000285887293348876 0.132059627758196 0.314135884315037 0.00603014143181512
"NA19098.1.B03" 0.41932392942761 0.000711172703621616 0.0453356969102049 0.00999594100426905 0.122243217383538 0.384846083812851 0.0175439587579047
"NA19098.1.B05" 0.50754057297452 0.000755781882830181 0.026844859160235 0.0086156312350884 0.105980615724976 0.320306390606197 0.0299561484161534
"NA19098.1.B06" 0.52324841832221 0.00245770913629028 0.0147798349032773 0.0420836017767255 0.0812946765748255 0.317625718394716 0.0185100408919559
"NA19098.1.B07" 0.561780545050077 0.00729634583221049 0.00149085432036077 0.000129820783542663 0.154900547878728 0.273718047787747 0.00068383834733351
"NA19098.1.B08" 0.500230668776158 0.0176386922701977 0.000162882238043441 0.0174704005122725 0.127671675148248 0.296350233155851 0.04047544789923
"NA19098.1.B09" 0.418313021008466 0.000560173139557129 0.0674544460724967 0.0182390304731537 0.0799195429819237 0.394215606407913 0.0212981799164899
"NA19098.1.B11" 0.487402775366452 0.00115679620905966 0.0622859321677885 0.00494026637282023 0.0684987454674725 0.356444312744664 0.0192711716717439
"NA19098.1.B12" 0.520539472330385 0.0387252270415644 0.0168850752176231 0.0149239920692548 0.105761994502978 0.272896800002961 0.0302674388352333
"NA19098.1.C01" 0.567545884913702 0.00231809025772553 9.3834231564239e-05 0.000488167004854659 0.121623139885642 0.306434013044154 0.00149687066235868
"NA19098.1.C02" 0.553481705852557 0.0312862524783624 0.000189103580918416 0.00277673927162492 0.13208203484175 0.264710929223469 0.0154732347513191
"NA19098.1.C03" 0.485651298638504 0.0493400009762475 0.0150472387844584 0.00431480416887228 0.118624281003888 0.326450296121367 0.000572080306662364
"NA19098.1.C04" 0.549272516752923 0.0159333429721494 0.0241358139417845 0.00373457512997951 0.0779930802941653 0.315218075771187 0.0137125951378112
"NA19098.1.C05" 0.508826960407048 0.00990678065364937 0.0344002292894305 0.025066868650517 0.0634320892882734 0.320707773114621 0.0376592985964609
"NA19098.1.C06" 0.425603980251839 0.000836996384024341 0.198459373826789 0.0450312027803347 0.10610205472056 0.210133548278422 0.013832843758031
"NA19098.1.C07" 0.574181581474077 0.00100694305772665 0.000313764610526985 0.000653010254329472 0.0756243582375049 0.30411173131731 0.0441086110485252
"NA19098.1.C08" 0.509667847392069 0.000260935477707988 0.023123731932984 0.000557663432852431 0.102988029579613 0.360844387421126 0.00255740476364749
"NA19098.1.C09" 0.553507484391332 0.000252871558169897 0.0210588188039753 0.000831169350387142 0.0851828952065301 0.31468791591078 0.0244788447788255
"NA19098.1.C10" 0.606897325676472 0.0199794640678163 0.000198443534867288 0.000292282529276679 0.0956772898545014 0.276537084133045 0.000418110204021365
"NA19098.1.C11" 0.579876574046383 0.0179250300684819 0.00127651418602654 0.0119903430514273 0.0579327019131839 0.262095831196783 0.0689030055377137
"NA19098.1.C12" 0.472520633205306 0.00644746893964555 0.0399693594923535 0.00222896314028255 0.0656030750930509 0.386542337956143 0.026688162173219
"NA19098.1.D01" 0.531492299229871 0.00391917345676723 0.0432911341643369 0.00524815112095006 0.0588728956214604 0.35370637497924 0.00346997142737358
"NA19098.1.D02" 0.563399357518578 0.000676786045776457 0.0373977002081464 0.0171699308241423 0.0452017916096299 0.285814365844916 0.050340067948811
"NA19098.1.D03" 0.597791579132786 0.0159460778541354 8.80855721781472e-05 0.000114019893968949 0.106192841866641 0.279329142229638 0.000538253450652786
"NA19098.1.D04" 0.547637654281293 0.0170014743066731 0.056517679530955 0.014006187900029 0.0816524553029677 0.216926631576396 0.0662579171016859
"NA19098.1.D06" 0.582349774677432 0.0358422240234007 0.00866586598427066 0.0131353782930821 0.0525584904449617 0.207600712251458 0.0998475543253953
"NA19098.1.D08" 0.551952302139114 0.00342626880331224 0.0037735761619715 0.0210211400083499 0.0291308266435207 0.35884466913727 0.0318512171064621
"NA19098.1.D09" 0.512474565599742 0.00100877518111073 0.0170012037744074 0.00141717241858705 0.0495088020189257 0.416747550142301 0.00184193086492619
"NA19098.1.D10" 0.618367438804462 0.00173348928119962 0.000204030462593172 0.000122474764323026 0.0469775266565504 0.329966731886679 0.0026283081441933
"NA19098.1.D11" 0.508230364864723 0.000613139099321587 0.0598555695620045 0.00101506701729992 0.0508879884086925 0.344803496773005 0.0345943742749537
"NA19098.1.D12" 0.636989674543169 0.00559233979036937 8.69432193870569e-05 0.000951459903629361 0.0880264209385149 0.268217298515348 0.000135863089581974
"NA19098.1.E01" 0.585713508472266 0.000365090018247968 0.0277955101267707 0.00023034304364313 0.0369976155558598 0.311732679771964 0.0371652530112485
"NA19098.1.E02" 0.581921698767147 0.00176081572253475 0.000232207801560673 0.0180774365584503 0.0543170503462426 0.301943198445943 0.0417475923581214
"NA19098.1.E03" 0.62774638253274 0.00100397748692736 0.00619617700909078 0.0140222928171817 0.0506791507911665 0.267839064830487 0.0325129545324066
"NA19098.1.E05" 0.603823073752635 0.0024909610961921 0.000176074075390718 9.3953276377494e-05 0.0729978242978316 0.320303173757563 0.000114939744009563
"NA19098.1.E06" 0.547821010308679 0.0173161001160796 0.033385710432751 0.000464191463737005 0.0600481617274703 0.331040414424827 0.00992441152645662
"NA19098.1.E07" 0.488276250696756 0.000595412124239907 0.0353681350157288 0.0364807667303543 0.0326221410282003 0.382872146532296 0.023785147872424
"NA19098.1.E08" 0.609275401058881 0.000499896839911918 0.00024694174320578 0.0157561548187382 0.0606836577857766 0.243732804224506 0.0698051435289811
"NA19098.1.E09" 0.549136291524392 0.00673527004792836 0.000350503019843144 0.000126123623676759 0.0482353431971924 0.359609975496057 0.035806493090911
"NA19098.1.E10" 0.59039091073653 0.00320669846980772 0.00040401010345953 0.0209523511606006 0.0629121571274547 0.292816462083693 0.0293174103184551
"NA19098.1.E11" 0.50681150164548 0.0649324675734949 0.0591071885135248 0.036337401341395 0.034777536885474 0.274000943515329 0.0240329605253029
"NA19098.1.E12" 0.59450764167053 0.000474749779500183 0.02902304039518 0.000303892932222928 0.0446236636004676 0.301179017832214 0.0298879937898855
"NA19098.1.F01" 0.439872997333402 0.000340968255339447 0.0779197542474447 0.0308944672843199 0.0538076919883942 0.326166896342209 0.0709972245488911
"NA19098.1.F02" 0.594699878761187 0.0340983520715947 0.00349906490020365 0.00281070234417257 0.0734545957672824 0.238150544872617 0.0532868612829417
"NA19098.1.F03" 0.611888848460098 0.00119210776341727 0.000206460369773851 0.000955972645085561 0.0958722994079805 0.288873571720218 0.00101073963342717
"NA19098.1.F07" 0.498607561559613 0.000719006558416554 0.0765910970443755 0.0079027122196583 0.0543861566494549 0.350069326254328 0.0117241397141536
"NA19098.1.F08" 0.552806438637138 0.028336931518149 0.0263410565661507 0.000146767721559845 0.0654326517967706 0.325767216460662 0.00116893729957038
"NA19098.1.F09" 0.592108883806842 0.00102780427442799 0.000145327847200176 9.6405732927397e-05 0.0962453919417901 0.310229642251135 0.000146544145676902
"NA19098.1.F10" 0.649902441976894 0.0107340223068771 0.00457015468104358 9.85177356496297e-05 0.0509752177503359 0.238135916985261 0.0455837285639389
"NA19098.1.F11" 0.580496257087721 0.0122586354906117 0.000715632362766301 0.000494396753263511 0.0791210050326541 0.32669379742235 0.000220275850633052
"NA19098.1.F12" 0.556278161015779 0.000214304687996581 0.0144820385654231 0.0117930855085912 0.0569506789661251 0.358067025051689 0.00221470620439584
"NA19098.1.G01" 0.506022098035883 0.0177625819149564 0.0025126639248653 0.00262636680555639 0.0903650612530856 0.38038936247174 0.000321865593913224
"NA19098.1.G02" 0.58157758866942 0.00184261307638026 0.0288085387129663 0.00033301481270476 0.0790821840899426 0.278969960390116 0.0293861002484701
"NA19098.1.G03" 0.486869380460766 0.00139543899021223 0.0615247745663482 0.000301790142298052 0.0627333303570778 0.359862063259896 0.0273132222234014
"NA19098.1.G04" 0.578604998292714 0.00202100427336978 0.00993339979150754 0.000480244558384081 0.070025034083319 0.318330721666739 0.0206045973339664
"NA19098.1.G05" 0.583666541511893 0.000274015182180846 0.00066874138520984 0.0061831844207221 0.0751323342023854 0.306725046120115 0.0273501371774945
"NA19098.1.G06" 0.574125180063946 0.000850726084788992 0.0109048076172186 0.000329449221910026 0.0659747153877395 0.311004909519629 0.0368102121047683
"NA19098.1.G07" 0.497563613632094 0.000386059200014226 0.0447744919324835 0.0346987860866413 0.0900025994810534 0.300690436417905 0.031884013249808
"NA19098.1.G08" 0.554140337030825 0.00618719127727784 0.00544810289728594 0.000382603880261809 0.0912684855561944 0.341979597461374 0.00059368189678118
"NA19098.1.G09" 0.518616031938988 0.00650745867663382 0.0091024472129595 0.00603255255564232 0.107659389951129 0.327538450192093 0.0245436694725544
"NA19098.1.G10" 0.587169775120351 0.000614952416954218 0.000228877573147509 0.000317446489112768 0.107200989185291 0.285147146239053 0.0193208129760902
"NA19098.1.G11" 0.587264159403405 0.0316761460328061 0.000202057677484859 0.000552083041784479 0.0753068191775295 0.242173778958491 0.0628249557084994
"NA19098.1.G12" 0.540029526963331 0.000570224543101653 0.0150227468731555 0.000159792314898804 0.104601933788377 0.338577789948631 0.00103798556850531
"NA19098.1.H01" 0.545672843717618 0.00172170511302393 0.000115358376428349 0.000312485921819825 0.153259926711434 0.298609575329948 0.000308104829728687
"NA19098.1.H02" 0.473400324575667 0.000827188945821123 0.0441445020959205 0.000830016117452167 0.113632542751623 0.356204838738233 0.0109605867752827
"NA19098.1.H03" 0.464238487179036 0.000817810436378281 0.0766268822178225 0.00182505228004207 0.0630211402188194 0.375294877735382 0.0181757499325193
"NA19098.1.H04" 0.521499938998141 0.0185323657834812 0.0034133529785482 0.000330752051725594 0.119970298709006 0.335901864917931 0.000351426561166188
"NA19098.1.H05" 0.600771929383416 0.000379174234910209 6.94528432772893e-05 0.000857241240989896 0.126572469722046 0.271285630302344 6.41022730165167e-05
"NA19098.1.H06" 0.342127921714921 0.00444738379324161 0.146254315054681 0.0310753430913691 0.0248220104032485 0.420713464255073 0.0305595616874666
"NA19098.1.H07" 0.473580979735617 0.00317447955969511 0.0693359992909185 0.0170216205159891 0.0662996228792951 0.346207673514668 0.0243796245038167
"NA19098.1.H10" 0.52260505529522 0.0560389010673011 0.0393507411119266 0.00264855643031612 0.0769215901931644 0.270116726695013 0.0323184292070594
"NA19098.1.H11" 0.556340030445302 0.00315310140215428 0.042608398946538 0.0465461925102417 0.0917794870844034 0.258107411319271 0.00146537829208927
"NA19098.1.H12" 0.534725660915952 0.00365726579125264 0.00923935247327717 0.000320824563177384 0.0821705674659276 0.361379798859545 0.00850652993086819
"NA19098.2.A05" 0.48557249245939 0.000206155035709468 0.191522680747421 0.0192795235572746 0.0952014883763811 0.158751814696025 0.0494658451277992
"NA19098.2.A07" 0.378903501174599 0.000213882711905756 0.257254939702742 0.00375420388944098 0.167019574270407 0.14567675339814 0.0471771448527653
"NA19098.2.B03" 0.390273030970055 0.000202737221923858 0.238518143510106 0.000117539719432454 0.164777583689317 0.144543810343702 0.0615671545454645
"NA19098.2.B06" 0.44889366401712 0.000192192055391453 0.238851168233131 0.014449105232054 0.0795442372275988 0.162187928805159 0.0558817044295458
"NA19098.2.B08" 0.419479209391788 0.000204064959112012 0.243843833393817 0.000111651657328673 0.143019705891534 0.153878571790464 0.0394629629159564
"NA19098.2.B10" 0.458844378238111 0.000311320532334459 0.247573562171336 0.00281834765787731 0.111368043745731 0.108272358439025 0.0708119892155856
"NA19098.2.C01" 0.388146493875218 0.000885140928420209 0.282583393375589 0.0002692401444667 0.0800264337044579 0.194151499953161 0.0539377980186874
"NA19098.2.C06" 0.377562788484684 0.000237652043975754 0.275314650317954 0.0463728261143362 0.0370260862226737 0.213306404083708 0.0501795927326689
"NA19098.2.C07" 0.433003326042777 0.000533769418680575 0.232291375213959 0.0135613917859294 0.0832462099845288 0.180720761114643 0.0566431664394823
"NA19098.2.E08" 0.459905724653798 0.000306288946297114 0.247239732153334 0.0218841623602334 0.0388702131292122 0.168373397888896 0.0634204808682286
"NA19098.2.E11" 0.477942253744107 0.000459313303432192 0.232878718358407 0.000699018567031957 0.060886464371039 0.12985369740173 0.0972805342542519
"NA19098.2.F04" 0.381757020161535 0.00063490015389878 0.284747810234643 0.000635708615431508 0.0256602782377109 0.234281900494593 0.0722823821021876
"NA19098.2.F07" 0.446602043484413 0.000322484137652464 0.229329766572703 0.000161399049166427 0.0858059781093729 0.173282873544346 0.0644954551023464
"NA19098.2.G08" 0.37486304071455 0.000593544411807614 0.269246266223962 0.0274260741474426 0.0981924824951274 0.21594997419844 0.0137286178086714
"NA19098.2.G12" 0.343051980874 0.000245636672108979 0.349465917824937 0.0458488727603123 0.037330935136133 0.153107969056388 0.0709486876761204
"NA19098.3.A03" 0.501562782157568 0.0355327899191504 0.101198562820622 0.000114922739522061 0.0646621602256333 0.0444621690752497 0.252466613062255
"NA19098.3.A06" 0.440002908605512 0.047625694221956 0.171709412011458 0.00287509937220463 0.014224030330512 0.0513058263992743 0.272257029059083
"NA19098.3.A08" 0.502786508581579 0.0152257231074875 0.0747683546283309 0.000285951415228814 0.0824400293570652 0.0709269542388302 0.253566478671478
"NA19098.3.A12" 0.547501600876885 0.000424823758172861 0.133839072271122 0.000670834309241042 0.0277373125558678 0.0257410473501646 0.264085308878546
"NA19098.3.B01" 0.48287844701473 0.0243067366379859 0.155486866166506 0.000346346521640205 0.00674566732607492 0.0417050379173335 0.288530898415729
"NA19098.3.B03" 0.528866848736209 0.00314569905624244 0.077691733983292 0.00017942604547646 0.0831376453913694 0.0529550319981386 0.254023614789272
"NA19098.3.B04" 0.555661135578229 0.01430409093776 0.115688576845342 0.00473867429233047 0.0409779504438293 0.0215696825594472 0.247059889343063
"NA19098.3.B05" 0.579285802003008 0.0018535120088196 0.0946422777578892 6.53474548123731e-05 0.0344041585193707 0.0050123199825253 0.284736582273575
"NA19098.3.B07" 0.586000852497616 0.000631236295892329 0.0663613817326408 7.69326797678013e-05 0.0759831038397222 0.0379108163773905 0.233035676576971
"NA19098.3.B09" 0.584523935388625 0.000383680397784777 0.126294192587401 0.000208154658368864 0.0307110735204448 0.00010622311768098 0.257772740329694
"NA19098.3.B11" 0.560114938370164 0.0120305122654724 0.0763444402601226 0.00761019393721374 0.0234438113407956 0.0748514354070774 0.245604668419155
"NA19098.3.B12" 0.525991970520786 0.00852450970612917 0.12547224369337 0.0144800912410479 0.000974123342560406 0.0304854051636435 0.294071656332463
"NA19098.3.C01" 0.547772432603586 0.0230929289549176 0.106557057574578 0.000158115996105136 0.0393523053508481 0.0231089187065595 0.259958240813406
"NA19098.3.C03" 0.515994521399458 0.00580505651730577 0.143106909126098 0.000744730432149886 0.00182391417220197 0.0520504217349654 0.28047444661782
"NA19098.3.C04" 0.576379645353911 0.000866290777784972 0.0975914718460536 0.000353999330854569 0.0134369955166439 0.0430527335076065 0.268318863667145
"NA19098.3.C05" 0.555509066096396 0.0318015933523461 0.101713877254607 0.000383075607908156 0.00441099189437506 0.0470242251477896 0.259157170646578
"NA19098.3.C09" 0.600546636165289 0.00113827574542893 0.110941874563003 0.000293739949727526 0.0148963913178181 0.000117970253293814 0.27206511200544
"NA19098.3.C10" 0.604833164581434 0.000558536616484182 0.101614384742475 0.000306954758825203 0.000428252085348691 0.0233738750606911 0.268884832154742
"NA19098.3.C11" 0.563852158076345 0.0191238426886415 0.103088559714108 0.000622762103378394 0.0145106255146521 0.0384376778170418 0.260364374085833
"NA19098.3.C12" 0.570611132686102 0.000499646727923728 0.11548570111561 0.000108839453470786 0.000245055959532982 0.0481961249438546 0.264853499113507
"NA19098.3.D02" 0.346183134842277 0.000287830132831524 0.256716487313567 0.0112570802211771 6.90429803874317e-05 0.0776692479495274 0.307817176560232
"NA19098.3.D03" 0.587486221022823 0.000307746651164488 0.0932670899473924 0.000108137070934663 0.0216087762780364 0.0356925103250563 0.261529518704593
"NA19098.3.D05" 0.606563591378117 0.000845545803805652 0.0978980388567312 9.93389247225305e-05 0.0114989091730604 0.00025624184587288 0.282838334017691
"NA19098.3.D07" 0.558614234127364 0.000786132778036057 0.160108459946659 0.00109879805887914 0.00107098985594298 0.0198486142979564 0.258472770935162
"NA19098.3.D09" 0.593280167982151 0.00103098652724889 0.0977860362415119 0.00437871592794132 0.00310396580502897 0.0126568857197271 0.287763241796391
"NA19098.3.D10" 0.548643956520918 0.0271123032014982 0.127678262225312 0.000285335308352747 0.0101216335974827 0.0138293185788527 0.272329190567583
"NA19098.3.D11" 0.55277275043995 0.000442862552460301 0.115511884005735 0.00909224645058141 0.000133388852055865 0.0495052094922744 0.272541658206942
"NA19098.3.D12" 0.484657695192173 0.000856232973063336 0.153333284963199 0.000601591400195402 0.000172292601123776 0.0826402805138983 0.277738622356348
"NA19098.3.E01" 0.58073767013926 0.00692723950133588 0.133928488505782 0.00106938184529469 6.07022902621057e-05 0.00117048758761449 0.276106030130451
"NA19098.3.E02" 0.593073056134464 0.0199198025159145 0.102887276149507 0.000158565212113801 0.00609081358366601 0.00771431284375061 0.270156173560584
"NA19098.3.E03" 0.570246075751588 0.0244380131037777 0.106453732054621 0.000127493688800952 0.000549515656639747 0.0293550225887343 0.268830147155838
"NA19098.3.E04" 0.555969388568544 0.000275075770753041 0.111248370598433 0.00165558153337069 0.000312153384918313 0.0538821549351513 0.27665727520883
"NA19098.3.E06" 0.318846643163174 0.00045739352390737 0.256607085652402 0.00062512942633064 7.62337922254139e-05 0.111410825686137 0.311976688755823
"NA19098.3.E07" 0.284992668690773 0.000831652975833083 0.293697034933759 0.00220331334275911 0.00680934005036887 0.169436045645078 0.242029944361429
"NA19098.3.E10" 0.590050515381288 0.000428847649036076 0.0861715256283262 0.00012078123531937 0.00310075560725399 0.0103390681542262 0.30978850634455
"NA19098.3.E11" 0.640596380623932 0.000247259138567884 0.0831157793428907 6.58947356101442e-05 0.0077969794548485 0.000239165705862438 0.267938540998289
"NA19098.3.E12" 0.583494955616326 0.000533341977358521 0.142686611076753 0.000145227288950448 0.00386930578074127 0.000701298469425367 0.268569259790446
"NA19098.3.F03" 0.552276416172012 0.0134720210104063 0.125540512132341 0.000635523686265784 0.000114542764624135 0.0178250932324846 0.290135891001866
"NA19098.3.F04" 0.559278196919179 0.00051468050025558 0.113854097672583 0.000803035045478566 0.000138003043018407 0.0617293387924263 0.263682648027059
"NA19098.3.F05" 0.532905115927912 0.0537380822521327 0.113416181890237 0.000108925611378495 0.00318533668872679 0.0308299509195208 0.265816406710092
"NA19098.3.F06" 0.553033853008638 0.0142874226498547 0.145826846204509 0.000179218456706654 0.00038974203101189 0.022520384395503 0.263762533253777
"NA19098.3.F07" 0.443209071836802 0.00485723020287983 0.167864357552812 0.0116524800744007 5.86667824816715e-05 0.092447900174369 0.279910293376255
"NA19098.3.F09" 0.585923289605943 0.00085723197678397 0.102291254917657 0.0003515559717597 0.0164615686357602 0.0339300576389104 0.260185041253186
"NA19098.3.F10" 0.585177406678455 0.000508764554296813 0.123581306523718 0.000760806390854293 0.000120411963928485 0.0142986602425103 0.275552643646237
"NA19098.3.G01" 0.63089224767638 0.000286633089741831 0.0820336947430399 0.000110672013579857 0.00613379419727877 0.00115306048362276 0.279389897796357
"NA19098.3.G05" 0.660833383640082 0.000809414618075629 0.0713035140256925 7.12012661523656e-05 0.0281195190049107 5.46078362200851e-05 0.238808359608867
"NA19098.3.G06" 0.545964840682276 0.0115720232803871 0.13219462847565 0.000726339647746799 0.00159739616901262 0.0378974176843064 0.270047354060621
"NA19098.3.G08" 0.361695252002463 0.000640801845133177 0.221121428366894 0.000155192776928929 7.9850233008349e-05 0.0910405416366779 0.325266933138894
"NA19098.3.G10" 0.628871577658322 0.0123421874884084 0.0614004869885897 0.0018479139537161 0.0363540285485665 0.00761392235226519 0.251569883010133
"NA19098.3.H02" 0.549577050294152 0.0149354478006553 0.102954234262719 0.000797126644232141 0.0308779733480198 0.0414502664702977 0.259407901179924
"NA19098.3.H03" 0.541757057215794 0.00858012436626505 0.113775384382679 9.30192224986352e-05 0.0385387292033194 0.0126874200792059 0.284568265530237
"NA19098.3.H04" 0.571285509255139 0.000803351195773329 0.110204692712348 8.63427553129547e-05 0.0204332006413863 0.0241016980003391 0.273085205439701
"NA19098.3.H05" 0.544727100287311 0.00880419351311549 0.135734170058484 0.00258345170634155 0.00578103049284859 0.0434592420535611 0.258910811888338
"NA19098.3.H06" 0.5854059119281 0.00109923479711633 0.104452839285079 0.000779719700717014 0.0345401512897004 0.0415372817731784 0.23218486122611
"NA19098.3.H10" 0.597694225539002 0.000416423304479131 0.109618291235662 0.000403408481958859 0.000216570528617525 0.00552729460759654 0.286123786302684
"NA19098.3.H11" 0.413427573829227 0.000376722800372234 0.192049379666085 0.0371477061384947 0.000255676014243433 0.112841678166235 0.243901263385342
"NA19098.3.H12" 0.602789644837708 0.00947459470119218 0.0796166024114155 0.000249610870461841 0.0218523766041273 0.0226199909660451 0.26339717960905
"NA19101.1.A02" 0.397699775232497 0.0497697867884014 0.0991948284270071 0.269367464812731 0.104485208220723 0.0793802049486681 0.000102731569972767
"NA19101.1.A03" 0.509667453619384 0.0136223841211058 0.0681214848210029 0.247230558864341 0.135661206781996 0.0142082023137699 0.0114887094784001
"NA19101.1.A04" 0.533626790335088 0.0641518227329301 0.00639022172170938 0.234002561707568 0.0590887927888598 0.102621004686349 0.000118806027495802
"NA19101.1.A05" 0.500398070837863 0.0894364429861518 0.0557042287079617 0.2877033800533 0.054152976592967 0.0124706566298049 0.000134244191950758
"NA19101.1.A06" 0.558581165999677 0.017874123728691 0.045367827697963 0.261433013267156 0.0846745793808014 0.0200309297720472 0.0120383601536649
"NA19101.1.A07" 0.40471603667248 0.107732776710749 0.0405364816962005 0.248869618326506 0.134151976617429 0.0636067857207868 0.00038632425584865
"NA19101.1.A08" 0.412687249905219 0.00130387978688551 0.101994623612399 0.302526282371874 0.0805498382094554 0.100820727400518 0.00011739871364865
"NA19101.1.A09" 0.50634056869951 0.019213012690449 0.087031818584833 0.248287103001878 0.114869178215355 0.0180518430162556 0.00620647579171948
"NA19101.1.A10" 0.553989743453112 0.0522826668886288 0.00163694754132289 0.288514434661859 0.054150321877938 0.0493648847144976 6.10008626410349e-05
"NA19101.1.B02" 0.513472912728929 0.0219116582978873 0.0740601907352443 0.286886002324832 0.0576560192004949 0.0458195392665866 0.000193677446025577
"NA19101.1.B03" 0.550036936213745 0.0128383154922315 0.0130685376586694 0.218518093476908 0.120882916561019 0.0845685193481215 8.6681249305828e-05
"NA19101.1.B04" 0.528311748877575 0.0479456769098178 0.0294421253710369 0.283106528645773 0.0350924325355987 0.0609499362051712 0.0151515514550266
"NA19101.1.B05" 0.468576437593314 0.0711460890467226 0.0583548977279945 0.297088550846349 0.0396808125763545 0.0618804690444567 0.00327274316480898
"NA19101.1.B07" 0.499326979640207 0.0299529642035686 0.123975420212523 0.256917646506691 0.056333627100593 0.0311549139287654 0.00233844840765248
"NA19101.1.B08" 0.437867165176178 0.0748850843529599 0.0694462323882295 0.277870087782346 0.053264952922123 0.06578222306737 0.0208842543107933
"NA19101.1.B09" 0.505847081310288 0.0628145481570767 0.0601533831078956 0.240193492357425 0.0988430767275491 0.00174924457154887 0.0303991737682167
"NA19101.1.B10" 0.527873918186268 0.0822130369542523 0.0243788669779862 0.262559852831073 0.0586679442108856 0.0257580100063418 0.0185483708331938
"NA19101.1.B11" 0.542092938252274 0.0418536138714538 0.0672380983269734 0.273656197896349 0.0348172138546721 0.0400747217111541 0.000267216087123674
"NA19101.1.B12" 0.537139651559488 0.0568591583126999 0.0217307810516014 0.269434240687459 0.0474678254536685 0.067281482897168 8.6860037915581e-05
"NA19101.1.C01" 0.477839349905284 0.0430114897344382 0.130561031955749 0.264736677599116 0.0236615417003866 0.0562960675397338 0.00389384156529301
"NA19101.1.C02" 0.462181609655258 0.0107433068218895 0.0721711797174485 0.314239509527247 0.0372383810946599 0.103325877349759 0.000100135833738549
"NA19101.1.C03" 0.473478948160918 0.122908616234971 0.01255990907872 0.252744831132348 0.0746512701154372 0.0635925669528927 6.38583247123416e-05
"NA19101.1.C04" 0.533615669013946 0.0154976655238235 0.0484765016091525 0.269234248987979 0.0145455294843835 0.114515441592563 0.00411494378815309
"NA19101.1.C05" 0.420516466826286 0.107140802672532 0.0995633598836119 0.307603689082594 0.00313230485529863 0.0617509483185086 0.000292428361168179
"NA19101.1.C06" 0.494454306869504 0.120883519912782 0.0816470582443715 0.293172645644687 0.00022734648278279 0.00942176988514967 0.000193352960722797
"NA19101.1.C07" 0.409626680308274 0.157246649920351 0.0910943608129368 0.274832458826703 0.000363738079273679 0.0515973270507779 0.0152387850016844
"NA19101.1.C08" 0.438643948490312 0.0657646423171255 0.0743107979952958 0.322059618671237 0.0194845221727565 0.0788622614556847 0.000874208897588661
"NA19101.1.C09" 0.532258749907355 0.018741146913929 0.0786011010996741 0.278505025626856 0.03433694209816 0.0572394687576212 0.000317565596404504
"NA19101.1.C10" 0.596234376305035 0.000397245279986755 0.0613205446960303 0.268337785245691 0.038992418245367 0.0182618126512554 0.0164558175766341
"NA19101.1.C11" 0.55291293351549 0.00254804778478172 0.0132106315862601 0.28586199874661 0.00750366166780387 0.103774273883576 0.0341884528154778
"NA19101.1.C12" 0.491622537235531 0.092655857479877 0.0999596300347143 0.264415452783378 0.0165169987792956 0.0347293001581929 0.00010022352901178
"NA19101.1.D01" 0.427762577876484 0.00110211714705017 0.103724558527273 0.317853975362371 0.00138057736247379 0.136034041392092 0.0121421523322567
"NA19101.1.D02" 0.499775924302644 0.0199514425440661 0.170690189434489 0.274293612934081 0.000368400975685192 0.0346587951280636 0.000261634680970805
"NA19101.1.D03" 0.443616669020718 0.152259720977267 0.0209039777427915 0.290584720747917 0.0299279403305797 0.0467922908737865 0.0159146803069408
"NA19101.1.D05" 0.551735886710016 0.110267002739505 0.0441667450661115 0.232090561353908 0.0135729801924017 0.0478871943857741 0.000279629552283726
"NA19101.1.D06" 0.441353029080053 0.0117793807159067 0.0681008858676528 0.3090024806533 0.000211673045588835 0.164484307773604 0.00506824286389403
"NA19101.1.D07" 0.465838318088597 0.130225977832912 0.0663008327859136 0.281376717689739 0.00581508111853671 0.0422351640149364 0.00820790846936543
"NA19101.1.D08" 0.574888454974927 0.000427531182862361 0.020091177915894 0.280950209667607 0.0210548041082343 0.0619279901160333 0.0406598320344422
"NA19101.1.D09" 0.48911579017406 0.117730247482047 0.0492533028796757 0.296871057240164 0.0103257374380305 0.00580200520346306 0.0309018595825599
"NA19101.1.D10" 0.56214023784624 0.00746575510075727 0.0924098558191763 0.282234843949707 0.000151417533186585 0.0304006533718669 0.0251972363790656
"NA19101.1.D11" 0.561190299317676 0.0697653869819215 0.0321401813683823 0.28417719407751 0.0114014816877355 0.0186394917748758 0.0226859647918996
"NA19101.1.D12" 0.509599134171375 0.0936916843847807 0.0609909002951459 0.279623518902837 0.0162316765316021 0.0381124503166552 0.00175063539760432
"NA19101.1.E01" 0.546106612240078 0.0125536276793567 0.0408998979865325 0.30011225464291 0.000574330798376603 0.0761952150564874 0.0235580615962594
"NA19101.1.E02" 0.542437924824907 0.0021616399578575 0.0658011185620929 0.300472436943817 0.0153014907870948 0.0563399830540112 0.0174854058702204
"NA19101.1.E03" 0.585549577527534 0.00483738418255437 0.0790279160628087 0.251470848755951 0.00757894158926729 0.0482535266136238 0.023281805268261
"NA19101.1.E04" 0.598524774493164 0.00147671585388652 0.0654835422202735 0.266592839692493 0.000143078011741473 0.0349616260236963 0.0328174237047454
"NA19101.1.E07" 0.504241352898404 0.126616915233091 0.0424204800138895 0.265350861159799 0.0111408018196869 0.0494667291211115 0.000762859754017986
"NA19101.1.E08" 0.548177006619335 0.0183964857195432 0.103922872140357 0.282896524569106 0.00473428955004405 0.035520014037826 0.00635280736378869
"NA19101.1.E10" 0.624229642724505 0.0159171754029234 0.0838293733294853 0.237917102780529 0.000266288611713274 0.0183760916541213 0.0194643254967227
"NA19101.1.E12" 0.588508399068235 0.0415563839714974 0.00581743313391815 0.307871007337625 0.00103354947861722 0.0551397548117887 7.34721983192868e-05
"NA19101.1.F01" 0.495808374536286 0.0763860357545216 0.0273348316623015 0.290834338445229 0.0164398112869235 0.0918986699145351 0.00129793840020301
"NA19101.1.F02" 0.600529182717757 0.0399692739549812 0.0101965288110151 0.268298190653552 0.0231489905215545 0.0574602703704741 0.00039756297066567
"NA19101.1.F03" 0.50950564884268 0.104106009895939 0.0568489495209702 0.280751414325771 0.00951730277998004 0.0309527182588081 0.00831795637585171
"NA19101.1.F04" 0.465635861161756 0.072237150570242 0.0461769325235145 0.338051121645267 0.000132373894203575 0.077589043801425 0.000177516403591563
"NA19101.1.F07" 0.537958411521774 0.0613590925120951 0.0491038427341744 0.288884430160825 0.0303092881298349 0.0214216565180118 0.0109632784232856
"NA19101.1.F08" 0.553337393454206 0.0737454248473615 0.0503604695911324 0.275336039125419 0.0178500799124835 0.0291574052005903 0.000213187868807647
"NA19101.1.F09" 0.550935822983115 0.05834049621312 0.097296494395468 0.24084425057953 0.00790163612688408 0.00146799738077058 0.0432133023211125
"NA19101.1.F11" 0.567616443109709 0.0208185842099447 0.070070988270171 0.277170047033487 0.00418189082948461 0.0464154162491888 0.013726630298015
"NA19101.1.F12" 0.483397293969556 0.0669577565086163 0.0774763772802824 0.299425265465131 0.00391593962540134 0.0686168306848365 0.000210536466175997
"NA19101.1.G02" 0.462637417436149 0.0120005047410701 0.0745516669040338 0.302020908102248 0.0215129410804455 0.125651572133103 0.00162498960294986
"NA19101.1.G03" 0.502421511231492 0.0261496370773555 0.0473071309232905 0.313448640389731 0.0236559669671515 0.0869375761949121 7.95372160673697e-05
"NA19101.1.G04" 0.564098022030139 0.0140782866024923 0.0866385277960266 0.281448875947221 0.000686774965716376 0.0329628831273839 0.0200866295310211
"NA19101.1.G05" 0.455002652437045 0.139975833628676 0.0677457329534228 0.286035562051956 0.000278919094598968 0.0508713481880137 8.99516462872436e-05
"NA19101.1.G07" 0.553777237560658 0.00161401766479366 0.104279704139053 0.268033250608781 0.0460060438756401 0.025242420743562 0.00104732540751195
"NA19101.1.G08" 0.496739898576302 0.00605201504125271 0.0930036565591374 0.296629624799728 0.0438196111275911 0.0627738577241458 0.000981336171843007
"NA19101.1.G09" 0.538675712045134 0.0287874846477876 0.0466287981074705 0.272917746400284 0.0634999720147896 0.0491916766834865 0.000298610101047307
"NA19101.1.G10" 0.577518000200976 0.0030304353911683 0.0736493277406934 0.270516201896273 0.0164906135041714 0.0289941827424514 0.0298012385242661
"NA19101.1.G11" 0.558852134566092 0.0746788801509713 0.0279358535867427 0.26714941266993 0.0370770867292292 0.0335765120625424 0.000730120234493125
"NA19101.1.G12" 0.58902212928691 0.0118958185809135 0.0894983172371986 0.253828936791076 0.0172247399651365 0.000952042576672891 0.0375780155620932
"NA19101.1.H01" 0.471327784799332 0.0620447524074447 0.000412550808827217 0.33554567861407 0.0645250993932141 0.0660956919411931 4.84420359188617e-05
"NA19101.1.H02" 0.407257405342773 0.0987149640510539 0.058551359847533 0.271093191297131 0.0577000746705939 0.106203590235306 0.00047941455561001
"NA19101.1.H03" 0.485077441170765 0.0149928833293857 0.116075596860651 0.278592468633539 0.0471040986540239 0.0311841060357602 0.0269734053158762
"NA19101.1.H05" 0.602856357589421 0.0269493519762089 0.0432581377111467 0.254345298187952 0.0123594807788539 0.0507985118568605 0.00943286189955684
"NA19101.1.H06" 0.615211846199217 0.0342049497948875 9.29287623522334e-05 0.28698284637281 0.0288727549271861 0.0345154200318724 0.000119253911675196
"NA19101.1.H08" 0.465483432648397 0.0941327585898107 0.0818711343963977 0.278720935775418 0.0567035654634915 0.0230279227323718 6.02503941132203e-05
"NA19101.1.H10" 0.610325908006534 0.000177853711259842 0.0801517746447412 0.271942257680097 0.000154642853056109 0.0334093604234649 0.00383820268084631
"NA19101.1.H12" 0.569928957124433 0.0527749454254158 0.0847630097941111 0.263282940500697 0.00823435293748834 0.02083472882172 0.000181065396135228
"NA19101.2.A01" 0.176077587822395 0.0479486843972655 0.391918142218663 0.176835339048228 0.142822601088226 0.0502861824483604 0.0141114629768634
"NA19101.2.A02" 0.24759951359293 0.0665393373346581 0.336714765228105 0.123422075056423 0.21438238367242 0.0019790327143094 0.00936289240115434
"NA19101.2.A06" 0.397519172138855 0.000456950419913654 0.305668149828495 0.19827059756746 0.0900835417456415 0.000234332566408701 0.00776725573322551
"NA19101.2.A08" 0.294313585274926 0.00039476729090089 0.358554834503077 0.148988729114411 0.18891800967171 0.000238389272226511 0.00859168487274937
"NA19101.2.A09" 0.280984308274078 0.000426198340568859 0.350892829118598 0.148689836687393 0.218825421678815 0.000103571630498361 7.783427004939e-05
"NA19101.2.A10" 0.296012655470238 0.068312458795537 0.248370990359071 0.180998378924254 0.187840853963763 0.0096563702565634 0.00880829223057331
"NA19101.2.B02" 0.304670410424512 0.000449829046476801 0.276650373250879 0.172251600316804 0.17204844811204 0.0338005986413164 0.0401287402079719
"NA19101.2.B03" 0.237949925630449 0.000722941151004975 0.389983661396413 0.148473313549738 0.197152806532774 0.0243326558867165 0.00138469585290493
"NA19101.2.B04" 0.000926256811232271 0.000283252987206088 0.549796857503383 0.223498555801763 0.0299980443483317 0.126330072102134 0.0691669604459501
"NA19101.2.B06" 0.225051922528233 0.0214685510745805 0.344992752833825 0.174490798929867 0.159938202437101 0.056030068786683 0.0180277034097108
"NA19101.2.B08" 0.231257542533738 0.0924642062166695 0.345329151712781 0.15386197803627 0.156417783664948 0.0151523268808483 0.00551701095474613
"NA19101.2.B09" 0.27687008332561 0.021178194233239 0.338704114010506 0.174863872209395 0.161715257192246 0.00123288624588861 0.0254355927831148
"NA19101.2.B10" 0.26709404824668 0.040596828166021 0.325147729306185 0.128757990670042 0.157002457214821 0.0331289220565164 0.0482720243397348
"NA19101.2.B12" 0.303707474949667 0.00585561723399677 0.384310594787446 0.171924001432715 0.129737474029845 0.000212830843228803 0.00425200672310128
"NA19101.2.C01" 0.0217120115433427 0.00630215750275419 0.551585031919635 0.215110894719848 0.0639525915395941 0.0966098057989064 0.0447275069759191
"NA19101.2.C03" 0.208538086081425 0.0661035022589025 0.381719532332497 0.164826603528109 0.112979680193651 0.0404567887790874 0.0253758068263286
"NA19101.2.C04" 0.358433736289972 0.000490048383392014 0.338123618337456 0.150546145142063 0.13825573855354 0.000260966326341654 0.0138897469672358
"NA19101.2.C05" 0.203148493506534 0.0394040582597245 0.348843949881425 0.23177405800051 0.116601815648055 0.0385620600220729 0.0216655646816779
"NA19101.2.C06" 0.424205921027018 0.00122997681141249 0.267565155945327 0.150382920734885 0.124815824460673 0.0002066572690701 0.0315935437516143
"NA19101.2.C07" 0.450547298553451 0.0345526484329723 0.28227368478998 0.114466847292724 0.117485311850843 5.82629908538796e-05 0.00061594608917565
"NA19101.2.C08" 0.289328933431562 0.000482254676151069 0.370403562896714 0.193720714691848 0.136832345032441 0.000619777918606173 0.00861241135267743
"NA19101.2.C09" 0.000444598399954119 0.000258290672739462 0.501928864350407 0.248049304943416 0.0174855205130757 0.159573225314729 0.072260195805679
"NA19101.2.C11" 0.384915731892 0.0350834821363968 0.286506941126124 0.188414225681495 0.0641290686831794 0.000176366821164764 0.0407741836596398
"NA19101.2.D02" 0.244980022458444 0.00263447846703153 0.378581382258538 0.20287212667469 0.0920180509862154 0.0434505093791672 0.0354634297759131
"NA19101.2.D03" 0.425750410063041 0.00557000404945991 0.289755873076128 0.146334782672826 0.10471885237776 0.000203758922339503 0.0276663188384456
"NA19101.2.D04" 0.370218493949692 0.0279477375281623 0.277854308986476 0.158697613579089 0.0941836052058836 0.032349644203614 0.0387485965470834
"NA19101.2.D05" 0.0450982094796723 0.00597787478658968 0.501264754817709 0.230855169886096 0.0252679393502989 0.143675922183361 0.0478601294962736
"NA19101.2.D06" 0.295893472890538 0.00215639262439806 0.334693383381117 0.201791959030416 0.082102055087538 0.0222325310380406 0.0611302059479534
"NA19101.2.D07" 0.220056317548864 0.00421306950297711 0.417905750907817 0.220514909936564 0.0482729164703165 0.0655499499763202 0.0234870856571413
"NA19101.2.D08" 0.320539720870955 0.0713198297886218 0.266679444471839 0.211412181931561 0.124809993316155 0.0019192680705084 0.0033195615503598
"NA19101.2.D09" 0.0995166603902047 0.000327176568168053 0.501915351059989 0.191843776376291 0.0536355780101746 0.0844940003141431 0.0682674572810297
"NA19101.2.D10" 0.218647506775075 0.0291494781925024 0.351807881889448 0.220160585211498 0.0475899686247127 0.0649989527722355 0.0676456265345294
"NA19101.2.D11" 0.3604337375635 0.0569019184154573 0.276569938806205 0.15976045160587 0.117147312618893 0.00128313008410857 0.0279035109059671
"NA19101.2.E01" 0.290875978970809 0.00736655662016434 0.370785375846229 0.21742258976586 0.0642745552411273 0.0174844737408126 0.0317904698149978
"NA19101.2.E02" 0.391221775280494 0.000304111911999741 0.332861159044717 0.125443102791664 0.121251856822995 0.000240131530489346 0.0286778626176405
"NA19101.2.E03" 0.200470199162573 0.00132495862823014 0.440541279218549 0.170398895893574 0.0103672459682697 0.0793904320911168 0.0975069890376876
"NA19101.2.E04" 0.370085616484697 0.011817011956018 0.390970764883058 0.176310033863004 0.0453655569288091 0.000127831181033095 0.00532318470338124
"NA19101.2.E06" 0.167762812685982 0.0124551536395527 0.395332768520281 0.236124344770303 0.0527093090979326 0.120849897545653 0.0147657137402955
"NA19101.2.E07" 0.266071191461471 0.0236758874813879 0.399260750186082 0.204891741847942 0.0559691204659403 0.045273591523949 0.00485771703322731
"NA19101.2.E09" 0.22273954841384 0.000178725866474711 0.415243000699966 0.200404423905648 0.0830982568371921 0.0482676027823001 0.0300684414945795
"NA19101.2.E10" 0.455312974601053 0.00124970411042716 0.234605741082867 0.168266073313803 0.0953574476142154 0.0179236190131402 0.0272844402644943
"NA19101.2.E11" 0.343490155598833 0.00275647834317391 0.366574205746342 0.181321584871579 0.0679774000866386 0.0104288080026587 0.027451367350775
"NA19101.2.E12" 0.462853868716062 0.0439717335528001 0.225156484196748 0.152409916769434 0.11098959978414 9.36061439628371e-05 0.0045247908368535
"NA19101.2.F01" 0.343672314950372 0.000189644816853192 0.369552730556415 0.121228494181567 0.14311476339913 0.000140677549605333 0.0221013745460578
"NA19101.2.F03" 0.338074491975922 0.0009281877806033 0.365744051626288 0.200320081345756 0.0615045183101499 7.93856216908731e-05 0.03334928333959
"NA19101.2.F04" 0.317048062884449 0.0247588579293178 0.302496979587894 0.186874239998297 0.0626341161583406 0.0681406947292353 0.0380470487124657
"NA19101.2.F06" 0.47562620690006 0.000756326478170282 0.269178106177146 0.138031963721393 0.0778856524412722 6.67645961701464e-05 0.0384549796857888
"NA19101.2.F07" 0.357994631969999 0.000775261528199035 0.319957105772567 0.170137147798826 0.110260735981323 0.000288474210286722 0.0405866427387988
"NA19101.2.F08" 0.346075534369067 0.000632994121332808 0.353200950888297 0.191764852029662 0.0613778437197031 0.00424320449603132 0.0427046203759074
"NA19101.2.F09" 0.249210610555033 0.00694010447603747 0.362480797022707 0.226725275797111 0.125158582712023 0.00791725500131069 0.0215673744357772
"NA19101.2.F12" 0.184928289842691 0.0019476696885528 0.434563840293823 0.213489293089704 0.0149954124492267 0.0798814440046479 0.0701940506313544
"NA19101.2.G01" 0.281921363768318 0.00276144859389397 0.366293663175685 0.156718322125097 0.140221937502441 0.0307713895408831 0.0213118752936824
"NA19101.2.G02" 0.325394164121877 0.00172964842958483 0.301456208026097 0.206611377184258 0.0995214522322606 0.0307578334862967 0.0345293165196258
"NA19101.2.G03" 0.173809562682794 0.000957663368681825 0.409891857919396 0.188557640539395 0.139455860277207 0.067214902553695 0.0201125126588304
"NA19101.2.G04" 0.36857058232824 0.0113415516445889 0.318158620838627 0.163374870840341 0.10181829817231 0.000205821064894521 0.0365302551109991
"NA19101.2.G05" 0.244773050798603 0.0548467785350238 0.378271014986124 0.177845396046688 0.0935730664794803 0.000582791463873589 0.0501079016902077
"NA19101.2.G07" 0.210042105585706 0.000276171560225394 0.381094662132892 0.185326782486855 0.158822387841068 0.0471755287420072 0.0172623616512457
"NA19101.2.G08" 0.0626448471873388 0.000387379305374726 0.479779432536998 0.200109007621924 0.0406535243488486 0.165047176499727 0.0513786324997887
"NA19101.2.G09" 0.310156841990529 0.000621028405237892 0.331121866227389 0.129695227824655 0.170105425479469 0.000118458704849307 0.0581811513678707
"NA19101.2.G12" 0.319649894807295 0.00202909547532027 0.316488655343923 0.203272797318482 0.10766965930767 0.000668846116425134 0.0502210516308857
"NA19101.2.H01" 0.259736997437387 0.000391535156041202 0.394756939263122 0.184689366493747 0.137213806325261 0.000713172137201141 0.0224981831872396
"NA19101.2.H02" 0.16374864340733 0.000453711990722387 0.416630776101723 0.192231120046623 0.107950776318704 0.0713976647648519 0.0475873073700455
"NA19101.2.H03" 0.314054615055995 0.00314280631022881 0.367641410239828 0.154397864777272 0.136100269301067 0.00179114004076695 0.0228718942748429
"NA19101.2.H05" 0.446700248529441 0.00048790204014849 0.280619712686944 0.11199307568204 0.122825571809899 0.000275077365281636 0.0370984118862449
"NA19101.2.H06" 0.405668633705739 0.0105856541253176 0.239631172218171 0.145368473056172 0.128704151666521 0.000125778459384248 0.0699161367686963
"NA19101.2.H07" 0.307554953743528 0.00110165404274991 0.351843945249243 0.164469323551601 0.15004095902515 0.000181782599491233 0.0248073817882359
"NA19101.2.H08" 0.334179496473206 0.00186997646092284 0.29842360399177 0.129056530004498 0.228117046692138 0.000204148996256721 0.00814919738120793
"NA19101.2.H09" 0.000243314632664355 0.000279317995329912 0.542233796734264 0.23462428012822 0.0520882895539267 0.133390721206883 0.0371402797487124
"NA19101.3.A06" 0.427588253193367 0.0744889470702376 0.147094514773294 0.173663612187962 0.0853664587763726 0.0334380197463109 0.0583601942524549
"NA19101.3.A07" 0.213348866809648 0.00102402070854888 0.256052413169596 0.256713667961664 0.0744355874824504 0.141350629047682 0.0570748148204107
"NA19101.3.A10" 0.506416385366702 0.0708320114156809 0.083102251109477 0.1556532373014 0.112197655643718 8.25166786355718e-05 0.0717159424843871
"NA19101.3.A12" 0.474073693462115 0.0172901018530236 0.132316050084553 0.20213221718367 0.0846552471516781 0.0427217428820022 0.0468109473829583
"NA19101.3.B01" 0.488318295444224 0.0164744124026339 0.110384451169576 0.200195643933098 0.128486815844525 0.000112326591329065 0.0560280546146139
"NA19101.3.B02" 0.450108457112113 0.110266368651431 0.0801093915975477 0.151556199188668 0.129398609279796 8.52961839586617e-05 0.0784756779864856
"NA19101.3.B06" 0.431083721846852 0.036483332571958 0.166183635636938 0.191928094902055 0.0844886055172849 0.0216875053956104 0.0681451041293011
"NA19101.3.B07" 0.469109328354689 0.073313850009444 0.0961638608661584 0.133099321529774 0.134440558459394 6.35686379698863e-05 0.0938095121425711
"NA19101.3.B08" 0.500473267201277 0.0191959492360829 0.0716728893976591 0.171903479583066 0.128127839641814 0.0475625737283091 0.0610640012117916
"NA19101.3.B09" 0.519411920301335 0.00212306036482978 0.102537017548875 0.203582974428198 0.111930996020664 0.00409384284914396 0.0563201884869549
"NA19101.3.B10" 0.472819694202501 0.0639309952836222 0.114164824814685 0.181889922383799 0.0912556048962651 0.000127590927146508 0.0758113674919811
"NA19101.3.B11" 0.527605322486557 0.0019480143920557 0.0961227851589224 0.204874783529963 0.053449769467458 0.0197348036791638 0.0962645212858805
"NA19101.3.B12" 0.472968208874897 0.10052789028404 0.0767487613398339 0.202177994775813 0.0607089898107479 0.000147735261807114 0.0867204196528613
"NA19101.3.C03" 0.304911647031891 0.183827097939378 0.113781712457493 0.210756080785986 0.0917085636246817 0.0351352389651057 0.0598796591954654
"NA19101.3.C04" 0.500213410033546 0.0999818470742356 0.0784190339229392 0.192601843555545 0.0536685227999583 0.000422662151793846 0.0746926804619818
"NA19101.3.C05" 0.537720833941332 0.00485377624778823 0.119474308918147 0.175949751955847 0.0567328925691325 0.00711705206606915 0.0981513843016838
"NA19101.3.C06" 0.543230406497923 0.000354125834052582 0.072453429468185 0.198220123410999 0.0951239356960193 0.0102192207787631 0.0803987583140577
"NA19101.3.C07" 0.587620850300249 0.0322257714731731 0.0510442870387135 0.185397368218384 0.0683849023829035 0.000114049557372031 0.0752127710292044
"NA19101.3.C08" 0.575095668153293 0.0215822761218632 0.0835276282504588 0.192151782892034 0.0647127019312103 0.000103972185009772 0.0628259704661306
"NA19101.3.C10" 0.440346741449121 0.0518426851360469 0.191001942849953 0.195840477643481 0.000358773913406385 0.0220925489908945 0.0985168300170974
"NA19101.3.C11" 0.54665568141424 0.000450682354766988 0.0879646827011569 0.176215554344428 0.0449219977196002 0.000111676663492982 0.143679724802315
"NA19101.3.D03" 0.501537427502533 0.0467027851886656 0.089610935864983 0.206053238866682 0.0774278779006661 0.00105473907424758 0.0776129956022235
"NA19101.3.D06" 0.599585574005332 0.00539927189710244 0.0854903762285069 0.172046499535826 0.0317027023963273 9.1500771474463e-05 0.105684075165431
"NA19101.3.D08" 0.601609435494575 0.0286899351600821 0.0274347294965657 0.179614461794346 0.0668702173502408 0.000104270159455082 0.0956769505447353
"NA19101.3.D10" 0.623313063410107 0.00907439552106842 0.0243976205723999 0.189741871097158 0.0379930405059231 0.00759966143599947 0.107880347457345
"NA19101.3.D12" 0.474097591002422 0.119648707974781 0.0905563171274117 0.211678092608585 0.0413703520873455 0.000661332628089175 0.0619876065713654
"NA19101.3.E02" 0.506613222109811 0.11510741251008 0.0735477721054976 0.223334125758211 0.0281821396006937 0.000125814418735958 0.0530895134969709
"NA19101.3.E03" 0.466100668947819 0.0284877980898896 0.142947758065197 0.223246247005407 0.0108216937196201 0.0422650919204445 0.086130742251623
"NA19101.3.E04" 0.509682142528406 0.000575115894610543 0.197462706691278 0.219547493273349 0.000242059115079531 0.000889506112235752 0.0716009763850412
"NA19101.3.E06" 0.524242953593145 0.00192778021192586 0.141853956908312 0.210303713759701 0.0163981871214505 0.00172320929584393 0.103550199109622
"NA19101.3.E07" 0.533179362500864 0.0582988100249606 0.0836270050009754 0.15890075545647 0.0422678146458583 0.000174616799597403 0.123551635571275
"NA19101.3.E09" 0.42257795629076 0.083711131204556 0.108560113681593 0.212906203430745 0.0336607703168933 0.0313601804511789 0.107223644624274
"NA19101.3.F01" 0.547229542587073 0.0035921195078456 0.0939625412606209 0.201248801747021 0.0547487827317257 0.00397756101503955 0.095240651150675
"NA19101.3.F02" 0.521084487756555 0.0320479466547971 0.116571486255656 0.204688111222374 0.0387737368716129 0.000315650459202337 0.0865185807798031
"NA19101.3.F03" 0.549991504039329 0.0241558194033652 0.116256822247606 0.162802599230191 0.0326786209558464 9.13273971714153e-05 0.114023306726491
"NA19101.3.F05" 0.560711751507769 0.081894976055915 0.0249190966373063 0.195465272846921 0.0278654809357606 0.0309221969888531 0.0782212250274753
"NA19101.3.F07" 0.460742127439285 0.0472805401924215 0.10287158010929 0.181189375237252 0.0265242377800463 0.077537949452914 0.103854189788791
"NA19101.3.F08" 0.404618551614957 0.143529175640946 0.0756755796817474 0.210001601422285 0.0597328933411223 0.0361943510705228 0.0702478472284188
"NA19101.3.F10" 0.57531872551131 0.00697199614347077 0.0240016095452567 0.192195531161388 0.0880809937996448 0.0662167950118163 0.047214348827113
"NA19101.3.F11" 0.521148643618474 0.0363148033702963 0.110276700650808 0.217806092044585 0.043021901952836 0.000375323725251063 0.0710565346377503
"NA19101.3.F12" 0.577377887037285 0.0604371356897529 0.0871438793085417 0.153783693971667 0.0466397467978283 6.00350965279241e-05 0.0745576220983972
"NA19101.3.G01" 0.391276755413095 0.0014109369408265 0.175771195362472 0.254431339518375 0.0445750861588601 0.0762804594376507 0.0562542271687214
"NA19101.3.G03" 0.45990351053947 0.0646266461548745 0.132062431876993 0.194462139438345 0.0749071537996685 0.0223332467135161 0.0517048714771323
"NA19101.3.G05" 0.552272709325606 0.0186722599312058 0.0784114952545115 0.19151109230495 0.0700294981864647 0.0114061510759116 0.0776967939213508
"NA19101.3.G06" 0.543920479403917 0.0206829966799705 0.104872315037234 0.180322060061018 0.073869864591651 0.042709466479997 0.0336228177462127
"NA19101.3.G07" 0.407592793390491 0.0583375060431011 0.176189399487824 0.191061402849299 0.0563142391332737 0.0113738004496311 0.0991308586463808
"NA19101.3.G08" 0.358655816084329 0.10938534759785 0.154690638548567 0.19048933652019 0.0821661884415667 0.0396714861284447 0.0649411866790518
"NA19101.3.G10" 0.50894925144207 0.115771764839163 0.0475357999001167 0.176564873654166 0.121673968162319 0.0289076381512133 0.000596703850951872
"NA19101.3.G11" 0.493244309953166 0.0533136064746885 0.155453190010693 0.186576080078409 0.0436864290092423 0.000270741325096901 0.0674556431487047
"NA19101.3.G12" 0.479040884442453 0.101640887269332 0.106071188452964 0.218433605851005 0.0897811259357704 0.000394984040726512 0.00463732400774999
"NA19101.3.H05" 0.582572564705102 0.0335005326707594 0.0690456234515187 0.148934329721763 0.119447882087668 6.710639564464e-05 0.0464319609675439
"NA19101.3.H08" 0.474046690680046 0.0348026693137687 0.117522850845464 0.170685035868118 0.142987919999181 0.00755486560540417 0.0523999676880185
"NA19239.1.A01" 0.000291981973442253 0.637765068553352 0.263704629148935 0.00547015800230642 0.0691180136489685 0.0234054701807324 0.00024467849226276
"NA19239.1.A03" 0.000292609402468838 0.602464742573561 0.223592096096726 0.00031128655622294 0.100936333600203 0.0722302636365478 0.000172668134271245
"NA19239.1.A05" 0.125486048075124 0.604221042017508 0.233598998150376 7.53383008485723e-05 0.0364591494738634 7.38856371284758e-05 8.55383451514515e-05
"NA19239.1.A06" 0.00913053652373429 0.672949268446174 0.27634603953305 9.79867558031887e-05 0.0262098483918011 0.000476117963724212 0.0147902023857132
"NA19239.1.A08" 0.00023264870957937 0.60611424274282 0.228774807905885 0.000453079103748522 0.109103332949808 0.0532575246248381 0.00206436396332137
"NA19239.1.A09" 0.00015954542047911 0.580964119827435 0.264217378411461 0.00286030782989965 0.0601823302648895 0.0685504082853241 0.0230659099605112
"NA19239.1.A10" 0.029215372747462 0.652766913165737 0.269025121204294 0.000494387468593378 0.0331430187722928 0.00643497770556342 0.00892020893605753
"NA19239.1.B02" 0.109503240428128 0.485048194616935 0.261310220254773 0.0270778937477966 0.0578454591424576 0.0581532975054022 0.00106169430450706
"NA19239.1.B03" 0.000263164419670981 0.60794077428851 0.263791642025836 0.00491648635513307 0.086293718230224 0.0366007499563139 0.000193464724311744
"NA19239.1.B05" 0.000448124979002274 0.626981872308501 0.309996748841215 0.00367987975372253 0.00148552765258904 0.0497879672826213 0.00761987918234922
"NA19239.1.B06" 9.51080098796521e-05 0.507539719416376 0.293471414793782 0.0616019824585937 0.00540176295774192 0.116961338534331 0.0149286738292962
"NA19239.1.B07" 0.000386214210687806 0.591305188917584 0.276181080574654 0.00261965027137957 0.0633657031198934 0.059233719935423 0.00690844297037793
"NA19239.1.B08" 0.0763046756546105 0.649118195559532 0.186124222846963 6.74593598901038e-05 0.0882561969259277 6.81280083436976e-05 6.11216447321699e-05
"NA19239.1.B09" 0.000328803161063884 0.66412909123558 0.24396370798105 0.00845590089534233 0.0824294343518133 0.000286102170789292 0.000406960204361549
"NA19239.1.B10" 0.000157896715370739 0.554783684605874 0.309217840275976 0.0125869832373515 0.000460601179722235 0.0972771609602897 0.0255158330254167
"NA19239.1.B11" 0.062954608750475 0.663010973859003 0.215457324844247 0.00335440062495025 0.0550837677220003 4.92482607910202e-05 8.9675938533614e-05
"NA19239.1.B12" 0.112509381257316 0.63620824737892 0.181486061425195 0.000104702106150526 0.0694227642870891 0.000187663742886745 8.11798024433977e-05
"NA19239.1.C01" 0.000219606797919478 0.638198988361207 0.285052604849956 0.0153789668480707 0.017844079514814 0.0154065990723004 0.027899154555733
"NA19239.1.C02" 0.0869314511577112 0.620190887092399 0.209347848248644 0.000187886955190557 0.0831959044951487 6.86326270466637e-05 7.73894238589348e-05
"NA19239.1.C03" 0.0963556777073345 0.607235282743062 0.228905806737921 0.00023676678101029 0.0662754354226726 0.000866054880387591 0.000124975727611991
"NA19239.1.C05" 0.102274088216298 0.641420509109264 0.220355516918672 0.000105659744218551 0.0355360101732342 8.86389450956837e-05 0.000219576893217151
"NA19239.1.C06" 0.0584383660328226 0.635321653798582 0.250837650731836 0.0125145449515836 0.0301283303949009 0.00973044733581191 0.00302900675446236
"NA19239.1.C08" 0.0402204871829842 0.671463597276545 0.25935104618587 0.000211096061344923 0.0251033877699475 0.000579551863265577 0.00307083366004234
"NA19239.1.C09" 0.135289636080121 0.603170422444934 0.197549068741916 0.000100378381378716 0.0637195619295435 8.98093697167951e-05 8.11230523887739e-05
"NA19239.1.C10" 0.0305135664198177 0.687288476658738 0.224709079203396 0.000659728889773035 0.0502958798747275 0.00635929874957232 0.000173970203975187
"NA19239.1.C11" 0.000169852891869566 0.587847884222028 0.316772084661187 0.0119617717022244 0.000146858400527513 0.0794971685808149 0.0036043795413486
"NA19239.1.C12" 0.137770946082995 0.613236482966723 0.20751560266843 0.000176469654343276 0.0363204864408367 7.82360700085738e-05 0.00490177611666247
"NA19239.1.D01" 0.0772523683703761 0.693805010247911 0.183827642026871 0.000244588681987494 0.0430241874321458 0.0017893164638065 5.68867769016388e-05
"NA19239.1.D02" 0.0319678487101558 0.677606645713041 0.216436124355695 0.000347255415304975 0.0415930290799866 0.0248954501036931 0.00715364662212419
"NA19239.1.D03" 0.000138474631141273 0.594723428803431 0.281815462804033 0.0156560344171333 0.000811187962285814 0.0770307863572493 0.0298246250247255
"NA19239.1.D04" 0.0192938291679531 0.675275079279403 0.253322678839657 0.000234046476131052 0.0155018641529158 0.0110017155222547 0.0253707865616853
"NA19239.1.D05" 0.000647446222225816 0.72041824752756 0.260083545080541 0.0103050455641535 0.00825741691218587 0.000214934381111237 7.33643122222121e-05
"NA19239.1.D06" 0.0924120151890579 0.615889063858928 0.249426255791648 0.0255643266120078 0.00826397307956049 0.000227219481930763 0.00821714598686639
"NA19239.1.D08" 0.1534214638233 0.596252818938521 0.195918030009445 0.000337894674603937 0.0485276253736664 0.00539707712566697 0.000145090054796676
"NA19239.1.D09" 0.0319238901549133 0.668934743935095 0.236299743745339 0.000559946623488625 0.0358962959735577 0.0212596385432023 0.0051257410244043
"NA19239.1.D10" 0.00102512137201526 0.68738986385805 0.287508435134184 0.000291140918559349 0.00432685551466398 0.0190380349477072 0.000420548254820395
"NA19239.1.D11" 0.000310686325933455 0.689299644853252 0.250811659955318 0.00560317705098052 0.0249103762464931 0.0254268677031614 0.00363758786486149
"NA19239.1.D12" 0.000222297197023873 0.624560984048994 0.274536537262371 0.0125512106469011 0.00816344015385457 0.0475516070846834 0.0324139236061721
"NA19239.1.E01" 0.0743393830633079 0.664297115943258 0.238439833241659 9.43290497809266e-05 0.0214729706539761 0.00060351013904869 0.00075285790896986
"NA19239.1.E02" 0.129163067720421 0.642572457405832 0.186369146457622 7.94161497508208e-05 0.0374185816380749 6.62786129214928e-05 0.00433105201537748
"NA19239.1.E03" 0.030444693505823 0.699540656706767 0.253549997670695 0.000122869501272074 0.00327907274032857 0.00014893538280006 0.0129137744923136
"NA19239.1.E04" 0.047747468148743 0.683311005840114 0.250268658563608 0.000270297628003638 0.0129957546018336 0.000811035768158631 0.00459577944953846
"NA19239.1.E06" 0.000121956243118385 0.676927935198322 0.255750418577056 0.000577994351208246 0.00659033449839671 0.000626202176760795 0.0594051589551381
"NA19239.1.E07" 0.0221778871296302 0.708839156306296 0.235787458652982 0.000229148712352624 0.00801835038049117 0.000211022781668718 0.0247369760365787
"NA19239.1.E08" 0.153357969113103 0.61539919808219 0.210390590483055 0.000154779423727112 0.0162190101768657 6.19594755213686e-05 0.00441649324553837
"NA19239.1.E09" 0.0923975406829661 0.654580989601127 0.206175016478555 0.0110556042565038 0.0330586260417872 0.00243111443354136 0.000301108505519628
"NA19239.1.E10" 0.0310927209380385 0.67475160816161 0.277166905499 0.000313986015266968 0.00832624146182569 0.000556327408861904 0.00779221051539732
"NA19239.1.E11" 0.0776848270375052 0.646550224650411 0.249361747459313 0.000202466142710886 0.00207314372378555 0.000208625665954242 0.0239189653203198
"NA19239.1.E12" 0.090048959751474 0.656940481494989 0.242075982725988 8.42617373218919e-05 0.0104693073603442 6.82425095482096e-05 0.000312764420335106
"NA19239.1.F01" 0.0278758736069152 0.696979349414488 0.242648887221918 0.000943482982343422 0.0162683562068635 0.0003780488709025 0.0149060016965698
"NA19239.1.F02" 0.00344678644635677 0.723519005129084 0.226086437775871 0.000224199352530807 0.0138077380414123 0.0100013107152194 0.0229145225395263
"NA19239.1.F03" 0.00616081375430925 0.707744188395739 0.265097774867625 0.000400581423734708 0.0135719811791944 0.000699063182176443 0.00632559719722096
"NA19239.1.F04" 0.0571193227041751 0.681552033420272 0.240186584134965 0.00281960989719268 0.00650778627165467 0.0027240663733125 0.009090597198428
"NA19239.1.F06" 0.0657317714467836 0.66742700308496 0.204555776771695 0.000481372947943977 0.0460530122212869 0.0155563633132598 0.000194700214070292
"NA19239.1.F07" 0.0267121093288924 0.676275281716796 0.242099614708186 0.00660668463390255 0.026065978888734 0.0212605092485726 0.000979821474915754
"NA19239.1.F08" 0.0583842592409023 0.671083358900331 0.230233840750927 0.00136744058941506 0.0342565116062229 0.000933720983287329 0.00374086792891503
"NA19239.1.F09" 0.0015069593346025 0.719377703759804 0.212676175468036 0.000194192664560694 0.045406346686785 0.0118887560125007 0.00894986607371036
"NA19239.1.F10" 0.115979811518083 0.674657045507771 0.169969296155263 6.57775757498084e-05 0.039076526990608 0.000174243243949375 7.72990085755978e-05
"NA19239.1.F12" 0.0887279630975361 0.635058093451398 0.271874876664655 8.70871379996529e-05 0.00328676606925226 0.000164479223208147 0.000800734355950665
"NA19239.1.G01" 0.00307085382006755 0.666594020761386 0.267185988469853 0.000247544064128274 0.048762948216967 0.0138320519911491 0.000306592676449006
"NA19239.1.G02" 0.000234701977589837 0.647137640235661 0.279055177149774 0.00036468086805035 0.0230879211050064 0.0304097095206416 0.0197101691432766
"NA19239.1.G03" 0.0763147411694253 0.639031733360883 0.252211865236973 0.000191634866087662 0.00970545753624148 0.0096191061950331 0.0129254616353561
"NA19239.1.G04" 0.0420188397124463 0.650235620684983 0.306430775309981 0.000187684420238433 0.000278247693554734 0.000446883157715132 0.000401949021081639
"NA19239.1.G06" 0.0683958818811349 0.615943168011475 0.302032690741811 0.000527200259315715 0.0105155256251197 0.00203880580083083 0.000546727680312049
"NA19239.1.G09" 0.000458356409241877 0.666001918666958 0.259373370218634 0.000291245149894034 0.0334298422028495 0.0189417900518482 0.0215034773005744
"NA19239.1.G10" 0.0861647351100627 0.634368173874254 0.24320912560033 0.000164741164582781 0.0358377006636627 0.000154218436423891 0.000101305150683471
"NA19239.1.G11" 0.0776692341701739 0.667952491619513 0.224807522333011 0.00025310281446758 0.0267643727889672 0.00114491019784036 0.00140836607602754
"NA19239.1.G12" 0.0706012488897667 0.631982882612262 0.270208305943955 0.000189835066600848 0.0243699384152147 0.00250653416642442 0.000141254905775476
"NA19239.1.H01" 0.000512075724998182 0.675696728900028 0.272221286361168 0.00169396413643455 0.0298590438887992 0.0170944136351802 0.00292248735339206
"NA19239.1.H03" 0.043373497954852 0.667045096286343 0.204753276181839 7.4955799509879e-05 0.0745290973666833 0.0101530323961131 7.10440146598925e-05
"NA19239.1.H04" 0.000143877692364026 0.656274334982368 0.270348985586246 0.000486864404540698 0.00973021500069127 0.050406215784545 0.0126095065492456
"NA19239.1.H05" 0.000292522255503663 0.685930244322489 0.249555374302787 0.000178117187462802 0.0283578922804249 0.00765550472590512 0.0280303449254272
"NA19239.1.H06" 0.0311624819603913 0.691508609298497 0.245838394717588 0.000393121400414882 0.0199500145040003 0.00355035787209114 0.00759702024701733
"NA19239.1.H07" 0.0271986918635229 0.666549142896361 0.23034995654043 0.000114418931895178 0.0725245672460794 0.00268743845078626 0.000575784070924531
"NA19239.1.H08" 0.000257595125117317 0.644416374885107 0.259947270198493 0.00539152630316977 0.0368122899497054 0.0475062449729772 0.00566869856543067
"NA19239.1.H09" 7.10897332544429e-05 0.587577371123386 0.238458426474091 0.0207353056940769 0.054500974640971 0.0410811901149941 0.0575756422192273
"NA19239.1.H10" 0.152029939950244 0.614512411179023 0.179533447273589 0.000200266786044249 0.0533816113560941 0.000233109876618135 0.000109213578388511
"NA19239.1.H11" 0.165399092771337 0.598373942282084 0.180425160611597 6.58202576428153e-05 0.055638041856484 4.5785753179581e-05 5.21564676757747e-05
"NA19239.2.A01" 0.00431482139167418 0.575382959094401 0.0684508996291206 0.0780635105278459 0.137618020196316 0.0936255291776886 0.042544259982953
"NA19239.2.A02" 0.0227415093450203 0.600545432037774 0.0851321779110145 0.0423399347624236 0.121446296657724 0.0659025761258648 0.061892073160179
"NA19239.2.A04" 0.0999321845513717 0.565093844428627 0.0660080028708929 0.103274583416801 0.0399269973780625 0.0387552961302467 0.0870090912239978
"NA19239.2.A05" 0.0974069184229468 0.589720195140745 0.0660861301714948 0.101593535683549 0.0301184486562735 0.0469308342949585 0.0681439376300321
"NA19239.2.A06" 0.100059045311344 0.544060501993744 0.0455253889475459 0.0830744914381093 0.0470320548500316 0.062549145593213 0.117699371866013
"NA19239.2.A07" 0.0266941618258445 0.532990050925291 0.0667847430039831 0.118159495896051 0.125848294149947 0.103614624468183 0.0259086297307016
"NA19239.2.A08" 0.0800256175570477 0.557014849220508 0.0531027598625858 0.0784768089605488 0.111793366853418 0.057581639479969 0.0620049580659226
"NA19239.2.A09" 0.0368402355384657 0.55826345153785 0.0685214182861079 0.0771703928921546 0.142197337003938 0.0640478246169515 0.0529593401245323
"NA19239.2.A11" 0.0176505504297404 0.624939615454577 0.0757923330105994 0.0797059386767465 0.0519316963330067 0.040351130837065 0.109628735258265
"NA19239.2.A12" 0.135654920275894 0.496632557193761 0.0761665867071784 0.111911114556626 0.0474157475720027 0.0564029735807124 0.0758161001138251
"NA19239.2.B02" 0.0405786135064195 0.566536380724625 0.0821031918277733 0.108606659204498 0.070710748934844 0.0742122315421357 0.0572521742597037
"NA19239.2.B04" 0.164326389463048 0.519296432775767 0.0721737008738249 0.0832128578743302 0.0586716058477678 0.0482206943017254 0.0540983188635372
"NA19239.2.B05" 0.000230293168596202 0.633141739341902 0.0348683396041381 0.0751176975216438 0.0290816801080568 0.0765358469328874 0.151024403322776
"NA19239.2.B06" 0.0989621841180522 0.59653764265364 0.0643323925006917 0.0713289311318118 0.0200439967043833 0.0597422450795896 0.0890526078118311
"NA19239.2.B07" 0.101097270652184 0.532039628443393 0.0587519893863825 0.102289847620735 0.0988618592523352 0.0387241134723338 0.0682352911726371
"NA19239.2.B08" 0.000203109321257576 0.586447523119068 0.0835533520945517 0.101065378043484 0.0572270193895563 0.043828799280597 0.127674818751485
"NA19239.2.B09" 0.0857377873149442 0.544189774040012 0.0741947910605121 0.0971044938319238 0.0823552391918164 0.0448416052306109 0.071576309330181
"NA19239.2.B12" 0.149528096610853 0.530304829972481 0.0779233790055964 0.125719048356899 0.0076256152905446 0.0245434675135202 0.084355563250105
"NA19239.2.C02" 0.000337496643190135 0.533796182260512 0.117929580710706 0.10403807903938 0.0416142220297268 0.129806603820689 0.0724778354957958
"NA19239.2.C04" 0.154698320334228 0.531168390177137 0.0899350425281229 0.0833647972438582 0.0046095718638502 0.0519022904388992 0.0843215874139045
"NA19239.2.C05" 0.029168773762243 0.539852861702663 0.147517782029984 0.113998488160813 0.000393763622499379 0.0857152252248608 0.0833531054969373
"NA19239.2.C07" 0.147305943949893 0.554808349919316 0.0921969621083645 0.0871333869533634 0.0011816178227456 0.0397933454179356 0.0775803938283822
"NA19239.2.C09" 0.17049219059498 0.502108233259885 0.0420821684941439 0.114064917446134 0.0331938351765119 0.0465942124461594 0.091464442582186
"NA19239.2.C11" 0.127588538754825 0.556532769896333 0.122439780445703 0.0978184462666069 0.000397053273525619 0.000468975704235969 0.0947544356587713
"NA19239.2.C12" 0.0798158325957422 0.57634136391974 0.118504598464103 0.0995903935156466 0.000391706154236553 0.00562167714628944 0.119734428204242
"NA19239.2.D01" 0.0123762986106884 0.557074762908686 0.128971747210375 0.121726847023468 0.000161719538221283 0.0691641506115267 0.110524474097034
"NA19239.2.D02" 0.13435364733331 0.565814213542876 0.081056286458568 0.0942244630601746 0.000317266315692261 0.0533729346522067 0.0708611886371722
"NA19239.2.D04" 0.181490510946488 0.571394957865461 0.0526637928307866 0.085442925488912 0.000423403645503088 0.0075893922397834 0.100995016983065
"NA19239.2.D05" 0.165756154531395 0.503826397493407 0.0888712842698006 0.100580424435073 0.00187946336438892 0.0562784858844943 0.0828077900214414
"NA19239.2.D06" 0.10142316769167 0.598224979972326 0.116026506548453 0.0602658816812337 0.00038207281772538 0.0509264361023631 0.0727509551862288
"NA19239.2.D11" 0.183110175030645 0.536694307273999 0.0445683293549939 0.100739645794716 0.00537410703405432 0.0468868700841714 0.0826265654274197
"NA19239.2.D12" 6.98617920662383e-05 0.150115500693113 0.224952092213108 0.212081697887494 3.89439400965523e-05 0.313062225551988 0.0996796779221334
"NA19239.2.E01" 0.174826196694633 0.500946342332334 0.0380726255572765 0.0897774512375742 0.000131350499001646 0.114155645028355 0.0820903886508252
"NA19239.2.E02" 0.178396181993501 0.55624727961864 0.0175886038573744 0.07854627722793 0.0132490575002276 0.0690148598798487 0.0869577399224791
"NA19239.2.E04" 0.151211819297521 0.548912364439661 0.0733707334829342 0.100233686156979 0.000116180109921804 0.0304673781152765 0.0956878383977065
"NA19239.2.E05" 0.156351149071914 0.553016267452954 0.073837159484367 0.0796655685371082 0.00134997568586506 0.0440019969130257 0.0917778828547658
"NA19239.2.E06" 0.16682989671874 0.530882401686591 0.0909549128948989 0.0939250337244812 6.00557923322606e-05 0.0208532005260775 0.0964944986568794
"NA19239.2.E07" 0.10438481184192 0.57495790063796 0.0949887172831457 0.0888846836754657 0.00437914701611842 0.0744720771805179 0.0579326623648715
"NA19239.2.E08" 0.110199256545997 0.56465486087638 0.107865823547057 0.0941421534412767 0.000113424558569175 0.0284794993608813 0.0945449816698391
"NA19239.2.E11" 0.0824770198925369 0.578258672465832 0.116007420668437 0.0895432534967812 0.00015879458174532 0.036964773404294 0.0965900654903736
"NA19239.2.E12" 0.109349052160849 0.496219887137113 0.117693388658335 0.117014085114689 6.48453554291032e-05 0.0568037195788402 0.102855021994745
"NA19239.2.F01" 0.0989821521429028 0.579467994832368 0.0483340092463858 0.103899827635206 0.00213465159461496 0.076692104592226 0.0904892599562964
"NA19239.2.F02" 0.0148349317599043 0.563032974260197 0.0878538240091327 0.11960349123085 0.000103587329882235 0.135192905604407 0.0793782858056262
"NA19239.2.F03" 0.0534124411273548 0.583509479411435 0.0833226691282622 0.120482792687327 0.00713711749147447 0.0884340447914619 0.0637014553626837
"NA19239.2.F05" 0.0595760057987123 0.597714730101387 0.10637335457005 0.0876701686981029 0.000173554269578995 0.0734312881997735 0.0750608983623956
"NA19239.2.F08" 0.120545060430271 0.551322360867083 0.0852662307874728 0.0979044352161775 0.019071154169858 0.0394881612464763 0.0864025972826612
"NA19239.2.F09" 0.000537248255383839 0.597378101505904 0.132106796571987 0.0974219915395204 0.00193432863349231 0.0571292375233948 0.113492295970317
"NA19239.2.F10" 0.0983568426736803 0.606135913670286 0.103619389421162 0.0758747910490807 0.00827094336793667 0.0436364817303974 0.0641056380874568
"NA19239.2.F11" 0.133706050551135 0.575612467646536 0.0559684336434247 0.0606409107138211 0.0282053756338416 0.0746950268900913 0.0711717349211509
"NA19239.2.G01" 0.0968897858165263 0.570650317989911 0.0637322697976489 0.1087412033273 0.0135893667375602 0.0558365499613074 0.0905605063697456
"NA19239.2.G02" 0.0868636928081104 0.549415205798355 0.0900938489662466 0.110514719128742 0.0141727557250593 0.0749126829093918 0.0740270946640947
"NA19239.2.G04" 0.173159064426844 0.510689892887054 0.0892972098581191 0.0756708178002536 0.000244098365273592 0.0494489556093257 0.10148996105313
"NA19239.2.G05" 0.162318205845528 0.570894523781414 0.0829040332147426 0.0862087481049053 0.00461728202796019 0.0234089319197773 0.0696482751056721
"NA19239.2.G06" 0.0791904805289741 0.560810326614365 0.10528593203693 0.0879346672132396 0.000188053114855041 0.0829437246984723 0.0836468157931635
"NA19239.2.G07" 0.043557398284473 0.584791109272067 0.0952727940865429 0.084295192492785 0.042312700807548 0.0856311638396032 0.0641396412169805
"NA19239.2.G09" 0.12251744319343 0.55917421505542 0.0378012650603571 0.0911578725547844 0.107949787503082 0.031837105569916 0.0495623110630094
"NA19239.2.G10" 0.162000807304264 0.570715540402522 0.0714858996923953 0.0969312544482837 0.0118032255890291 0.0110938671362715 0.0759694054272344
"NA19239.2.G11" 0.142658040881514 0.567724374088897 0.0738711130248911 0.109835337680371 0.0345683292130098 0.0290959683635874 0.0422468367477295
"NA19239.2.G12" 0.10074699356589 0.576503245120318 0.0918381642397292 0.0971261199651876 0.0249742323210521 0.0515541995174049 0.0572570452704178
"NA19239.2.H01" 0.0835706100906479 0.569053590168128 0.0516893945401266 0.0845383758263806 0.0661996797182119 0.0615220276368356 0.08342632201967
"NA19239.2.H04" 0.116069203687188 0.57120612408785 0.100608577846894 0.0628903130090108 0.0155046204383376 0.036198113974299 0.0975230469564202
"NA19239.2.H05" 0.000496064055924596 0.497646529044145 0.134835736666375 0.129672794384876 0.000162960415738556 0.172576698352091 0.0646092170808504
"NA19239.2.H06" 0.0930288609258861 0.549083331624664 0.111540520911475 0.102826420586948 0.0146674386354599 0.0654317996021895 0.0634216277133763
"NA19239.2.H08" 0.0789986688404175 0.547016073950163 0.0542250838517099 0.120345442320755 0.0769599335229751 0.0309729106930417 0.0914818868209373
"NA19239.2.H09" 0.060893551181946 0.576908729320653 0.10609502016086 0.0812429108465471 0.0299777327476076 0.0654039569460555 0.0794780987963306
"NA19239.2.H10" 0.16021240235378 0.555971165510296 0.0842055397033265 0.0705414311169242 0.0249936741514231 0.0379560891544284 0.0661196980098224
"NA19239.2.H12" 0.178295380715681 0.548707606334362 0.080699058572885 0.10828579671868 0.0232264905722036 0.0116153957158744 0.0491702713703135
"NA19239.3.A02" 0.000239081467351983 0.560546035323981 0.0164434095360542 0.0226931439476715 0.303056555430566 0.000880643947380746 0.0961411303469946
"NA19239.3.A03" 0.00814633477739848 0.55684975707577 0.00107674210878288 0.0124740716267856 0.339974533277706 0.035196997828174 0.0462815633053827
"NA19239.3.A04" 0.0915332969243841 0.502473378296933 0.0100478591814171 0.0515794630323914 0.255140838629227 0.000106911773051098 0.089118252162597
"NA19239.3.A05" 0.0302012460729705 0.575804309570781 0.0067525407386563 0.0191185038816703 0.301846083103634 0.00464028007613904 0.0616370365561484
"NA19239.3.A06" 0.00789868531730998 0.581773375293912 0.0159454516065812 0.0199278651012957 0.274225845805697 0.0108668293004627 0.0893619475747414
"NA19239.3.A07" 0.000734435957017982 0.574999751647165 0.000324290051492539 0.0139399745679795 0.329377439014852 0.018115010777489 0.0625090979840035
"NA19239.3.A08" 0.000162323414784333 0.450600299767228 0.0345958988361508 0.0375793975689633 0.276321329636107 0.0989452761556094 0.101795474621157
"NA19239.3.A09" 0.00101348665100477 0.567514578345011 0.000375860479487203 0.0138114989485457 0.341502646718127 0.0124253729366636 0.0633565559211605
"NA19239.3.A10" 0.000251778027915297 0.543240079060023 0.0589827732288839 0.0621610205693862 0.268090236095175 0.0112328927496776 0.0560412202689395
"NA19239.3.A12" 0.0261950749254937 0.574320146879532 0.00661215047508056 0.0280019702279314 0.31215906087072 0.0117426005337251 0.0409689960875176
"NA19239.3.B01" 0.000583380771217635 0.556081890419731 0.0211483736203479 0.0328981417188471 0.275920691980005 0.0558096270446547 0.0575578944451965
"NA19239.3.B02" 0.000390076831756522 0.539391953140724 0.0392245171590192 0.030875000504096 0.290311268602449 0.0108221187828138 0.0889850649791416
"NA19239.3.B03" 0.0773753803089373 0.541589339359669 0.000824964926888256 0.000957655139175284 0.338482388784004 0.000569942787455754 0.0402003286938708
"NA19239.3.B04" 0.00023864457329572 0.539151366381976 0.0353772549466191 0.0470707159438996 0.29062903495863 0.0234740346295535 0.0640589485660255
"NA19239.3.B05" 0.0165893363244731 0.559795588853281 0.00138568942047849 0.0210212476623779 0.306214700852718 0.0225318714434924 0.0724615654431799
"NA19239.3.B06" 0.0163635918187392 0.579593630583339 0.0250094202150045 0.0358678896542602 0.268467774874623 0.00104227302229602 0.0736554198317374
"NA19239.3.B07" 0.0120331269652098 0.543369467938814 0.0265860206989725 0.0368108373675433 0.287592311574537 0.0202267923538128 0.0733814431011102
"NA19239.3.B10" 0.0450738997175792 0.54308965367578 0.0305398889083533 0.0310620154900487 0.264150269820033 0.0214149475471519 0.0646693248410534
"NA19239.3.B11" 0.000640374822614128 0.550001781185424 0.00955523550835337 0.0497947863091494 0.301071145370729 0.000241067786202901 0.0886956090175273
"NA19239.3.B12" 0.00663364972047843 0.590429821381018 0.0290597435638739 0.0268350958888484 0.281351188904403 0.000227769721837738 0.0654627308195405
"NA19239.3.C01" 0.151622348696061 0.474051837769789 4.73153057928381e-05 9.85499889303394e-05 0.373200487779153 4.67427493198226e-05 0.000932717710953631
"NA19239.3.C02" 0.00250638768250672 0.56273066861094 0.0331736145970762 0.00863685184282605 0.294699661173639 0.0353108593570372 0.0629419567359743
"NA19239.3.C03" 0.0354525202974266 0.547014524797413 0.0027054338637436 0.0159445885689777 0.324780557032734 0.00313201069813304 0.0709703647415725
"NA19239.3.C06" 0.0350898815712244 0.564532320345546 0.0312807149291979 0.0141067221740379 0.224820192133792 0.0446205314144766 0.0855496374317252
"NA19239.3.C08" 0.0181613809550255 0.575449799984288 0.000162781768750568 0.0205361243831832 0.28642865770146 0.0220578574132146 0.0772033977940785
"NA19239.3.C09" 0.0121204293433281 0.555369357578639 0.0174498382588185 0.0289274995119709 0.318198801845431 0.00879601956137784 0.0591380539004343
"NA19239.3.C10" 0.00559246228665372 0.585093498261664 0.0245133624526921 0.0165476810006271 0.253813134801052 0.000223554527858113 0.114216306669453
"NA19239.3.C11" 0.00876846815353572 0.574400034063433 0.0160029241550367 0.0372151604293276 0.282115220989029 0.000362765758269826 0.0811354264513678
"NA19239.3.C12" 0.0376969445841471 0.573157248916936 0.00534028529433945 0.0269093724263429 0.262036084834856 0.0050423373526465 0.0898177265907328
"NA19239.3.D01" 0.0428629511359288 0.568336106602115 0.000369540213353273 0.00656265182635484 0.27008415600685 0.0424546287131514 0.069329965502247
"NA19239.3.D02" 0.0483868348830134 0.572576196060625 0.00256277567847576 0.00851391976569873 0.280463542414212 9.95348541414794e-05 0.0873971963438343
"NA19239.3.D03" 0.0443819358191041 0.565172600232019 0.000521833143574922 0.0262254330369566 0.272926192463183 0.000654615847984027 0.0901173894571777
"NA19239.3.D04" 0.000182004535444859 0.560692401501487 0.000172209084348308 0.0232570311354346 0.238814048406845 0.00416898919860214 0.172713316137838
"NA19239.3.D05" 0.0703103108423409 0.548560655343774 0.000408454128041368 0.0361221421135674 0.274973835699477 0.000807290109745767 0.0688173117630538
"NA19239.3.D06" 0.112727910338912 0.518024313411416 0.0084201239900507 0.0512520471109567 0.228010875820713 0.000171252948047271 0.0813934763799044
"NA19239.3.D07" 0.0454975104953753 0.519527342870756 0.0318090808317658 0.0390800824382048 0.235670281259759 0.0339993744526264 0.0944163276515126
"NA19239.3.D08" 0.00064698091510281 0.577285830640486 0.0344251229187452 0.0344140949353216 0.268566921454706 0.0216640673241136 0.0629969818115248
"NA19239.3.D09" 0.0151844951754438 0.543290497346376 0.031152000653085 0.0391905459859313 0.260274149075558 0.0240239996401075 0.0868843121234983
"NA19239.3.D10" 0.0478623142381322 0.544855538492964 0.000688659207857906 0.0470543330721803 0.263760333511971 0.00207325816062006 0.093705563316275
"NA19239.3.D12" 0.0455859452139821 0.555538428068454 0.0279726457309017 0.0334294119309138 0.254360681046738 0.000167820046340773 0.0829450679626688
"NA19239.3.E02" 0.0223478046829395 0.590029297984581 0.00169060425260839 0.00719550200094544 0.254908010066483 0.0285365223317021 0.0952922586807412
"NA19239.3.E05" 0.0110010880833716 0.623344146090048 9.73717755821743e-05 0.0122568121904998 0.253146358085824 0.000332653132373898 0.0998215706423004
"NA19239.3.E06" 0.00247650130279002 0.597575386306941 0.000418556352474431 0.0309099392153418 0.262073672045976 0.00154716398225352 0.104998780794223
"NA19239.3.E07" 0.0909237999661149 0.539379520879159 0.00399182653882287 0.0356497088222187 0.25840969694989 0.000153852733179427 0.071491594110615
"NA19239.3.E08" 0.00436490142539349 0.623982021701055 0.000162430167948209 0.0120458669848393 0.278365076469963 0.0173944830351031 0.0636852202156986
"NA19239.3.E09" 0.0339431738466624 0.538292489449092 0.0165023913176804 0.0349346842946865 0.280599802566407 0.0242534641562073 0.071473994369265
"NA19239.3.E10" 0.0514794632399486 0.585575235681381 0.000675606719055671 0.0160699824864197 0.240661669213747 0.000112175998582877 0.105425866660865
"NA19239.3.E11" 0.121615337329563 0.467983594910871 0.000262783830474043 0.0556384419226095 0.252087626672562 0.000168603314876393 0.102243612019043
"NA19239.3.F01" 0.0329259252525982 0.568667518369874 0.000145045030443109 0.0154552749189613 0.287147632953519 0.00844212706616656 0.0872164764084371
"NA19239.3.F02" 0.000535712341627107 0.565917219420277 0.00919601927900618 0.0227850142767533 0.260775391609706 0.0429735163010259 0.0978171267716041
"NA19239.3.F03" 0.0878714892409362 0.548180173004141 0.000357648318592632 0.0293645843932979 0.252188993652061 0.00403790207625488 0.0779992093147168
"NA19239.3.F04" 0.00251632681430146 0.524996191149698 0.0426323698752819 0.0713063051610082 0.19018814270186 0.0516160768866341 0.116744587411216
"NA19239.3.F05" 0.0783260439829196 0.53782805415427 0.000102443727077372 0.0289336334319616 0.28318539203215 0.00990856877451294 0.0617158638971082
"NA19239.3.F06" 0.000669501858175669 0.614713596212015 0.0192383789469149 0.0158962005993021 0.243123119663013 0.00267577933709486 0.103683423383484
"NA19239.3.F07" 0.037121528012443 0.568679831064818 0.00018149349994807 0.00597636033916422 0.302225954436423 0.0157131381095704 0.0701016945376329
"NA19239.3.F08" 0.0303039321125783 0.562579247342207 0.000621238963736519 0.0320563035097497 0.284986769953519 0.0207423283149671 0.068710179803242
"NA19239.3.F09" 0.0413668496890408 0.563339485923876 0.00534364188413443 0.0294081957762133 0.286495439081621 0.000201892548121642 0.0738444950969925
"NA19239.3.F10" 0.000621023171467107 0.575417352217856 0.0232441460609909 0.0294345881624491 0.257248879833365 0.042710107805337 0.0713239027485343
"NA19239.3.F11" 0.0406999364190371 0.593051552008899 0.000351691319711328 0.0221344500201892 0.232262108873419 0.0245590255841531 0.0869412357745918
"NA19239.3.F12" 0.0286228727091018 0.609666395475203 0.000174701543289504 0.00818082017061881 0.253025138842271 0.000331169365973949 0.0999989018935415
"NA19239.3.G02" 0.00162141065215956 0.598250605998199 0.0112966728000714 0.0403983619448029 0.276173275729195 0.000282333662335676 0.0719773392132366
"NA19239.3.G03" 0.00914269567210257 0.567684456878066 0.0189736421979382 0.038618128394962 0.284157566747013 0.0103414755448323 0.0710820345650855
"NA19239.3.G05" 0.0581539846399251 0.571940155419896 0.000955691002229298 0.00856332840941699 0.266610363138797 0.0189950320011634 0.0747814453885718
"NA19239.3.G06" 0.0376832096567444 0.56469777341067 0.0188787982249409 0.0359282628492862 0.248063283307197 0.000680000331606958 0.094068672219554
"NA19239.3.G07" 0.103200874080684 0.443545048469583 0.0347466726341823 0.040803616358308 0.310725114340802 0.000917740333012232 0.0660609337834282
"NA19239.3.G08" 0.0271115986911896 0.559904750884903 0.000173592686627464 0.00120534148370997 0.318040026036502 0.0090279533504063 0.0845367368666621
"NA19239.3.G09" 0.029389353258084 0.560861384300662 0.00014063481684212 0.0110459192978068 0.340128254872772 0.000628423294417341 0.0578060301594155
"NA19239.3.G11" 0.0286897464378015 0.571825472060076 0.00809830879193041 0.00294180225655364 0.306583786784921 0.000481892654224167 0.0813789910144933
"NA19239.3.G12" 0.00010046984769883 0.545151221066987 0.000135472180566593 0.0293168397407809 0.241910234643367 0.0131779547498979 0.170207807770701
"NA19239.3.H01" 0.108129235146151 0.454089954857114 0.000114240152335285 0.000547148256734369 0.34158798469073 0.0226103683184561 0.0729210685784787
"NA19239.3.H03" 0.00120010848187345 0.55287797337997 0.00526957079547415 0.0269573264012047 0.334964560607034 0.0050730462106722 0.0736574141237712
"NA19239.3.H04" 0.0483451220207708 0.536439117344417 0.015164176100065 0.0366193673442084 0.290890686644163 0.000682300745484831 0.0718592298008906
"NA19239.3.H05" 0.0265603510186541 0.574776746142018 0.0146455970066123 0.0290372910156457 0.243842148738783 0.00342127662708744 0.1077165894512
"NA19239.3.H06" 0.10653471360626 0.534443426355612 0.0509830921290505 0.0137921727263394 0.213420032250224 0.0002085617679152 0.0806180011645992
"NA19239.3.H07" 0.0198198042011792 0.556281229422575 0.000106900740725726 0.00347788339550409 0.342108582357852 0.0336414951231194 0.0445641047590446
"NA19239.3.H08" 0.000298269458096926 0.568002928590544 0.00757520469030868 0.0355423413004307 0.293511542415544 0.0260939664279034 0.068975747117172
"NA19239.3.H09" 0.00106545468732699 0.611744511319721 0.00233121607664635 0.0116986313657634 0.307853841577694 0.000534166702140583 0.0647721782707074
"NA19239.3.H11" 0.06362289709099 0.564225106543944 0.0562202067519699 0.000508353696011108 0.218239360215479 0.013801635348532 0.0833824403530745
"NA19239.3.H12" 0.0393196613021286 0.585212927424626 0.000819037411729086 0.0134034122169059 0.295563330277641 0.0194485364875362 0.0462330948794329
