"1" "2" "3" "4" "5" "6"
"NA19098.1.A01" 0.217975903979427 0.0831382066107289 0.547460073688658 0.000352331080475092 0.121229394266939 0.0298440903737716
"NA19098.1.A02" 0.385526178126894 0.00108059368647536 0.475563968469332 0.000138301458162962 0.137395598451992 0.000295359807143824
"NA19098.1.A04" 0.182544413433208 0.175061182434463 0.540965341644706 0.0321890851016305 0.0590655254192149 0.0101744519667782
"NA19098.1.A05" 0.290503869199741 0.0894481097822479 0.512245202758641 0.0118808870512406 0.0835176549271232 0.0124042762810064
"NA19098.1.A06" 0.318961336088663 0.117448250530087 0.480896852907653 0.000575203446240395 0.0786964860935956 0.00342187093376153
"NA19098.1.A07" 0.342891840383281 0.045518111493731 0.480371714699846 0.000293481457226989 0.122188425383875 0.00873642658204006
"NA19098.1.A08" 0.372041447804408 0.0780523214944409 0.388903959768281 0.000168231354551993 0.142555161592328 0.0182788779859902
"NA19098.1.A09" 0.276866672065795 0.0823168842718829 0.541102334639129 0.000508966172053428 0.096331062292733 0.002874080558406
"NA19098.1.A10" 0.359284363588821 0.100859175678322 0.412988401450147 0.00505818245214577 0.0956482891973398 0.0261615876332246
"NA19098.1.A11" 0.248184790247404 0.100337460122021 0.541444930937148 0.00746330717643046 0.079107203665145 0.0234623078518516
"NA19098.1.A12" 0.310731140924726 0.0532070721570129 0.55291479661501 0.000251315713363013 0.0768176665792541 0.00607800801063373
"NA19098.1.B01" 0.44767327176856 0.00219745367651671 0.419907021629994 0.000121046684789646 0.124266053498726 0.00583515274141297
"NA19098.1.B02" 0.312466717316078 0.0788874080070436 0.501899336530879 0.00232667840124314 0.0954893022227066 0.00893055752204935
"NA19098.1.B03" 0.151728920647543 0.151384253774424 0.551760267272689 0.000395175363595925 0.112884837073316 0.0318465458684322
"NA19098.1.B05" 0.278001275140336 0.118997429076161 0.499869109809346 0.000596028844826705 0.0767651289715843 0.0257710281577465
"NA19098.1.B06" 0.298021979091372 0.0921212462749241 0.497117527791915 0.00235829898270654 0.0620934638520077 0.0482874840070746
"NA19098.1.B07" 0.397227284733168 0.0268094957163933 0.473723908073135 0.0011635936598772 0.0963950385036797 0.00468067931374688
"NA19098.1.B08" 0.311505509230513 0.0679818238831217 0.486575000429514 0.000295843327422892 0.105319291657953 0.0283225314714761
"NA19098.1.B09" 0.130923837292198 0.184758036046384 0.555263625649088 0.00522925366070762 0.0767740774760921 0.0470511698755306
"NA19098.1.B11" 0.206001707894998 0.160287061358188 0.534887890029598 0.0124853937482944 0.0525548721844404 0.0337830747844818
"NA19098.1.B12" 0.358450846819531 0.0852582587460041 0.447546235935042 0.00127886258471058 0.0815794555953029 0.0258863403194087
"NA19098.1.C01" 0.342792988745443 0.0226891140553546 0.542519464772371 0.000232240547309217 0.0867225004363901 0.0050436914431316
"NA19098.1.C02" 0.412722322488387 0.0291041570602119 0.456883732015224 0.000317075151030488 0.0865559890196805 0.014416724265466
"NA19098.1.C03" 0.309585144131305 0.0563116283400515 0.49707583117452 0.020795480668465 0.0909892842585071 0.0252426314271517
"NA19098.1.C04" 0.322407064367786 0.0860347107449577 0.502274047044747 0.0193285301250914 0.0490109875825999 0.0209446601348189
"NA19098.1.C05" 0.25836109319819 0.130656664521852 0.499549541445275 0.0196314343343127 0.0540608873779899 0.0377403791223793
"NA19098.1.C06" 0.324938880807518 0.22373678909176 0.300896159856919 0.0243920032045819 0.0531776304225595 0.0728585366166618
"NA19098.1.C07" 0.307435334972759 0.087179354283286 0.534221523648818 0.00122620949484231 0.0556574622028215 0.0142801153974733
"NA19098.1.C08" 0.246701874104346 0.107750822617392 0.559189493459109 0.00028898104705983 0.0640367200878708 0.0220321086842224
"NA19098.1.C09" 0.297625468017006 0.108547787721895 0.525392988531306 0.000332760789317158 0.0470048121350457 0.0210961828054302
"NA19098.1.C10" 0.419984188617801 0.0135321620302684 0.491129453602303 0.00636966407204176 0.056409631317833 0.0125749003597523
"NA19098.1.C11" 0.341466371681386 0.106120116621201 0.476832458915902 0.0143858488991455 0.0423919871631292 0.018803216719236
"NA19098.1.C12" 0.167738566803144 0.148025211041679 0.569659878284973 0.0297307326765714 0.0603800481151721 0.0244655630784608
"NA19098.1.D01" 0.255124127732432 0.0955077494336481 0.540443756792805 0.0421839740132985 0.0366424770843255 0.0300979149434907
"NA19098.1.D02" 0.29464930296129 0.131046985880395 0.491603920431201 0.0273902110223968 0.0237175774778887 0.0315920022268283
"NA19098.1.D03" 0.40199846179068 0.0139441697002169 0.510341231495983 0.000546531001433637 0.0719501973436733 0.00121940866801247
"NA19098.1.D04" 0.368539752543678 0.148857311463644 0.398501983697735 0.00794480364447043 0.0531242805159225 0.0230318681345505
"NA19098.1.D06" 0.384852322997968 0.132054789625645 0.419820512520975 0.0100172803683034 0.038654566901342 0.0146005275857659
"NA19098.1.D08" 0.228790585025784 0.0929526076915413 0.575778455956388 0.0449622435106264 0.0224762892703461 0.0350398185453144
"NA19098.1.D09" 0.178415124120592 0.103416324306892 0.618239498350803 0.0335703267509722 0.039922872111599 0.0264358543591419
"NA19098.1.D10" 0.31949975921389 0.0419753803241461 0.576890408014371 0.0369400106089431 0.0200039724139373 0.00469046942471202
"NA19098.1.D11" 0.202595358773038 0.190665175245657 0.544008634804151 0.0108047462150864 0.0388317909513091 0.0130942940107585
"NA19098.1.D12" 0.441357189358355 0.000525993931921056 0.501210115252747 0.00204309656915157 0.0416426215631589 0.0132209833246659
"NA19098.1.E01" 0.279726313650009 0.13677846260435 0.54430150334527 0.0144214515553823 0.0168225762796066 0.00794969256538253
"NA19098.1.E02" 0.322575472957704 0.0870102711290849 0.520352679761767 0.00315886625169142 0.0407060278214826 0.0261966820782705
"NA19098.1.E03" 0.388841625012173 0.0746991339151449 0.48903892148047 0.00503408919743478 0.0176011312581734 0.0247850991366044
"NA19098.1.E05" 0.323956252039423 0.026313052497015 0.595610263911578 0.0102520997444683 0.0429850134205675 0.000883318386947727
"NA19098.1.E06" 0.281705035411564 0.092889828274679 0.532510438367519 0.0420105002369451 0.0377703601457329 0.0131138375635602
"NA19098.1.E07" 0.176713008933973 0.14896964921443 0.565646272871753 0.0252773029859507 0.0314179302734205 0.0519758357204736
"NA19098.1.E08" 0.377331808784498 0.0950770441869893 0.470360177882292 0.00050036023429482 0.0339552980194403 0.0227753108924857
"NA19098.1.E09" 0.220285925505088 0.101505523142895 0.59687972238804 0.0313680563215115 0.0437522911698452 0.00620848147262096
"NA19098.1.E10" 0.353961039778243 0.0739611054920535 0.501421292358389 0.00328299499769571 0.0406763281778438 0.0266972391957747
"NA19098.1.E11" 0.316011222698943 0.0885509033175848 0.447125901381753 0.0830754409988963 0.0225142926343665 0.0427222389684565
"NA19098.1.E12" 0.310936676061227 0.117002191199981 0.528719724138747 0.0171531267682237 0.0148982651396667 0.0112900166921534
"NA19098.1.F01" 0.152095010852677 0.237041801038832 0.499535257569964 0.0056275874281658 0.0532178382710983 0.0524825048392621
"NA19098.1.F02" 0.409649964385199 0.0848341072330242 0.442959438622002 0.00896089361697415 0.0433506763926535 0.0102449197501472
"NA19098.1.F03" 0.398927582293275 0.0225517146965295 0.510228990449562 0.00110593990917902 0.0514826856577502 0.0157030869937041
"NA19098.1.F07" 0.217976109364426 0.156503106468973 0.52594889562316 0.0336086875361624 0.0310681013308833 0.0348950996763945
"NA19098.1.F08" 0.293823677734869 0.0688362362639045 0.537843966187963 0.0560120475649304 0.0398559358011381 0.00362813644719487
"NA19098.1.F09" 0.345799498119763 0.0258742825283044 0.559714385529945 0.00522527132049397 0.062748248983617 0.000638313517876592
"NA19098.1.F10" 0.412700848467333 0.0743438568943315 0.47210861826171 0.0246422369074835 0.0159941942891053 0.000210245180036098
"NA19098.1.F11" 0.339382121075914 0.038037722687152 0.544002290969786 0.0159837030279118 0.043504064040831 0.0190900981984054
"NA19098.1.F12" 0.269198654402579 0.0888923460021624 0.572339907513819 0.00195222922616086 0.0311022751832475 0.0365145876720312
"NA19098.1.G01" 0.237816313926074 0.0620245561600502 0.579828131230673 0.0229379217140769 0.0748593412289241 0.0225337357402011
"NA19098.1.G02" 0.340257492757736 0.105760934374481 0.489572633196702 0.00690260361020099 0.04852834718837 0.00897798887251064
"NA19098.1.G03" 0.18246227055015 0.168185236430876 0.54678806260857 0.0340647369634905 0.0511363399045519 0.0173633535423617
"NA19098.1.G04" 0.307579462688401 0.0746830318814265 0.536597321406011 0.0224031171143832 0.0435301953807211 0.0152068715290573
"NA19098.1.G05" 0.329168387233845 0.0789317363722836 0.524168872535406 0.000314521199286245 0.0443996138913485 0.0230168687678302
"NA19098.1.G06" 0.291946473324157 0.0966443439496232 0.535776966109493 0.0197920639299744 0.0428140408651206 0.0130261118216319
"NA19098.1.G07" 0.274412349287737 0.129627593082779 0.480036923048073 0.000786301617988162 0.0652492438278817 0.0498875891355416
"NA19098.1.G08" 0.298853579365125 0.0577381200566143 0.549893636584959 0.0131604505232357 0.0659104711110605 0.0144437423590048
"NA19098.1.G09" 0.287243876322234 0.0939589872391792 0.515318829108869 0.000823657067802536 0.0821924311133566 0.0204622191485584
"NA19098.1.G10" 0.368748423666629 0.049633901501724 0.507088171672239 0.000298042295982343 0.0667934221031829 0.00743803876024228
"NA19098.1.G11" 0.38857698738068 0.0849056863348758 0.464426742804413 0.00157350360539698 0.0552497380154665 0.00526734185916767
"NA19098.1.G12" 0.280717218285715 0.0892060050405646 0.550293791484529 0.00109818205164114 0.0715605380063386 0.00712426513121144
"NA19098.1.H01" 0.367902320477462 0.0146248035405598 0.50260424744333 0.000156362587419985 0.10522358345664 0.00948868249458727
"NA19098.1.H02" 0.228159392150603 0.135919910437158 0.524174618115104 0.000577440688685128 0.0879150705948755 0.0232535680135743
"NA19098.1.H03" 0.158836483212616 0.174959051279899 0.551572279713207 0.0314207193082081 0.0515351803943296 0.0316762860917397
"NA19098.1.H04" 0.31494678108463 0.0602646067551311 0.521413132357416 0.00236303995713504 0.0864316353471589 0.0145808044985293
"NA19098.1.H05" 0.405420846604771 0.000223433210605246 0.512626366662162 0.000177098933956871 0.0722547069270007 0.00929754766150377
"NA19098.1.H06" 0.00281094812390881 0.283884290314564 0.544335371558154 0.0728944247098487 0.035333628369945 0.0607413369235796
"NA19098.1.H07" 0.203526410464372 0.162084947637495 0.51098046707912 0.0296882467351818 0.0563444901064747 0.0373754379773551
"NA19098.1.H10" 0.350113051589945 0.106065960630001 0.448463483203913 0.0284427611367727 0.0528054394485048 0.0141093039908638
"NA19098.1.H11" 0.399660203788037 0.0680687723630749 0.422152508271805 0.00910237512474354 0.0493037943070306 0.0517123461453094
"NA19098.1.H12" 0.254607423653744 0.0944319493752599 0.565086055989292 0.0124523128844064 0.0644291408750197 0.00899311722227788
"NA19098.2.A05" 0.365510128759448 0.278109554736642 0.288633249543552 0.000361379312169777 0.0324173854655546 0.0349683021826329
"NA19098.2.A07" 0.316254944436965 0.343905705684263 0.228875257279279 0.000131904941571218 0.0838290878871997 0.0270030997707232
"NA19098.2.B03" 0.300399805864324 0.347042492830924 0.252104727613951 0.00442847724887372 0.085901136839528 0.0101233596023997
"NA19098.2.B06" 0.313731786701813 0.343958382057265 0.283284001489236 0.00727181768350267 0.0155531797490957 0.0362008323190876
"NA19098.2.B08" 0.311396702456447 0.344227752544314 0.275314593363527 0.000314838619919326 0.0627921284338091 0.00595398458198445
"NA19098.2.B10" 0.3587756855308 0.361680568503671 0.230648607762472 0.00094467995508385 0.0331766293998434 0.0147738288481295
"NA19098.2.C01" 0.219596998218166 0.398859190307606 0.292179425129523 0.0393015254299842 0.0298434173306906 0.0202194435840304
"NA19098.2.C06" 0.200532445787688 0.398501666796183 0.303451418841898 0.02749072442233 0.0010372940001432 0.0689864501517586
"NA19098.2.C07" 0.286801996990782 0.347195439892371 0.292077554066273 0.0135399026282269 0.0283177386019738 0.0320673678203735
"NA19098.2.E08" 0.294261710719648 0.353322843345298 0.285074764371071 0.0285793090819206 0.000301788652404928 0.0384595838296573
"NA19098.2.E11" 0.328115999787162 0.372670911574554 0.260487688754791 0.0124358953890293 0.00878245263892871 0.0175070518555349
"NA19098.2.F04" 0.140517651423901 0.431793527494281 0.337127835628831 0.0624105843019697 0.000457826550803115 0.027692574600213
"NA19098.2.F07" 0.282714737306716 0.359257291834226 0.309080913862971 0.0113388294575587 0.0266709680952853 0.010937259443243
"NA19098.2.G08" 0.246397599384814 0.359449391528999 0.291684539397819 0.0139723231561103 0.0427299635585433 0.0457661829737134
"NA19098.2.G12" 0.202547422576046 0.448432538166953 0.210888532654071 0.0622897958933147 0.000294666200739739 0.0755470445088758
"NA19098.3.A03" 0.331747381898591 0.370848038985633 0.240098273022253 0.000244852870558513 0.0569948944060352 6.65588169295836e-05
"NA19098.3.A06" 0.237016521753633 0.47713486188968 0.227646512344922 0.0268454836343431 0.0270182448512511 0.00433837552617179
"NA19098.3.A08" 0.306524552248917 0.349883517292184 0.272901125694164 0.000151056622425173 0.0704556373718286 8.41107704820364e-05
"NA19098.3.A12" 0.330866526197427 0.421097580396108 0.234741232929751 0.00100557878882095 0.0117739916574766 0.000515090030416343
"NA19098.3.B01" 0.25590924849735 0.481528758007262 0.234664390288064 0.0150604330225516 0.0125596568713611 0.000277513313411379
"NA19098.3.B03" 0.343835752917818 0.345974765187067 0.251792295850095 0.000365768034589484 0.0579504261239727 8.09918864575583e-05
"NA19098.3.B04" 0.380187306273974 0.370025954241236 0.220521744708717 0.00386063688702521 0.0242973278924222 0.00110702999662496
"NA19098.3.B05" 0.378196116731161 0.390452069297396 0.215506929176636 0.000159798968247017 0.0156513678108925 3.37180156670714e-05
"NA19098.3.B07" 0.406316621005985 0.303327263917732 0.251483356102621 0.000174739060018835 0.0386515261012668 4.6493812376022e-05
"NA19098.3.B09" 0.438535846265983 0.412692968433207 0.147456764583158 0.000196152084673243 0.000965380691597061 0.000152887941381283
"NA19098.3.B11" 0.33002225538244 0.348836113465598 0.296166864725732 0.000436900351159847 0.0229969240511004 0.00154094202396906
"NA19098.3.B12" 0.289688794057168 0.451326123820877 0.238746491811746 0.00195651845301819 0.0107340596756879 0.00754801218150264
"NA19098.3.C01" 0.368159854161701 0.374321384253304 0.227948037173989 0.000720776563418014 0.0287566830275285 9.32648200590805e-05
"NA19098.3.C03" 0.259742360996229 0.464572291679676 0.259372852306208 0.00926399199496793 0.00664211351638183 0.000406389506537152
"NA19098.3.C04" 0.33729578737986 0.388450546240537 0.267923770915779 0.000527290688013316 0.00568218782341027 0.000120416952400952
"NA19098.3.C05" 0.334107636244046 0.373503702741829 0.269989242872177 0.0193946723791689 0.00287917903387357 0.000125566728906386
"NA19098.3.C09" 0.415062536843699 0.392722881893679 0.190866788535651 0.00028723255517769 0.000916469752089272 0.000144090419703324
"NA19098.3.C10" 0.372626322351059 0.383780916685331 0.243160550843476 0.000224042167879208 0.000118257462034944 8.99104902198423e-05
"NA19098.3.C11" 0.358090662912028 0.3844050863642 0.246988546769568 0.000680767918179699 0.00969025729823625 0.000144678737788679
"NA19098.3.C12" 0.29533918877835 0.411237846336511 0.288521360598819 0.00449370541878848 0.000315237717336424 9.26611501963083e-05
"NA19098.3.D02" 0.0621965873392161 0.650127390049259 0.237259447974494 0.0202621944082104 0.000385941780612949 0.0297684384482082
"NA19098.3.D03" 0.350782112051783 0.370802563937154 0.271099436400873 0.000215365689173876 0.00703132545544417 6.9196465572036e-05
"NA19098.3.D05" 0.393239325866557 0.389751917164313 0.216214304913488 0.000208637597161252 0.000532894380972247 5.29200775089067e-05
"NA19098.3.D07" 0.331892808164265 0.433642430582496 0.226208273115198 0.00696731305817959 0.000173357875956037 0.00111581720390538
"NA19098.3.D09" 0.355879633784779 0.39837682382992 0.244065749379526 0.000720249909575807 0.000742372724374163 0.000215170371824945
"NA19098.3.D10" 0.349489370694533 0.409871982000348 0.219478085427481 0.015502478156384 0.00553829606903359 0.000119787652220273
"NA19098.3.D11" 0.293554129102146 0.426260800431134 0.273623691574463 0.00159135326694249 0.000244680120757069 0.00472534550455767
"NA19098.3.D12" 0.199430354355486 0.489571339180284 0.29254813149754 0.0112650892889057 0.00384831430112223 0.00333677137666253
"NA19098.3.E01" 0.366807603331822 0.420055368004884 0.20928274109936 0.00366646314000961 5.72321405789395e-05 0.000130592283344648
"NA19098.3.E02" 0.394993813437524 0.379741087521891 0.223286039762364 0.000648069558409817 0.00126169380041043 6.9295919400263e-05
"NA19098.3.E03" 0.352474195444711 0.387840919350746 0.248448203735939 0.010828759795409 0.000348665848128572 5.92558250665243e-05
"NA19098.3.E04" 0.286876432827125 0.42980715424188 0.282343762318083 0.000254046854721714 0.000305921081802094 0.000412682676388203
"NA19098.3.E06" 0.00256579172785546 0.668880328930778 0.276589821659265 0.0290619575554203 0.000811151659273029 0.022090948467408
"NA19098.3.E07" 0.000483436463015394 0.604947875046009 0.279192893262569 0.0499490579641344 0.0271333809443515 0.0382933563199205
"NA19098.3.E10" 0.33770092933714 0.414327179239952 0.247266624893156 0.000193934491783476 0.000452938717741241 5.83933202270374e-05
"NA19098.3.E11" 0.433602341171475 0.349660297468066 0.2165407969058 8.75213802829774e-05 7.721455879923e-05 3.18285155770814e-05
"NA19098.3.E12" 0.368146090186381 0.423386554987377 0.2078307875345 0.000393475506626584 0.000158177013251768 8.49147718633839e-05
"NA19098.3.F03" 0.320615226302681 0.44155447244505 0.229554978461977 0.00787592185180647 0.000206793630592756 0.000192607307892817
"NA19098.3.F04" 0.290567741196147 0.413495808919993 0.292123137380298 0.00329852664908483 0.000202345971531487 0.00031243988294474
"NA19098.3.F05" 0.333283347664723 0.387892990396377 0.243897949571656 0.0284778146535567 0.00638430592898234 6.35917847052175e-05
"NA19098.3.F06" 0.335902334061581 0.435327360071897 0.22371568399647 0.00467015478485131 0.000281234302095905 0.000103232783103823
"NA19098.3.F07" 0.158248843695454 0.500588704871826 0.282994658193541 0.0411158730904104 0.000345757586992019 0.0167061625617761
"NA19098.3.F09" 0.35968162727872 0.382545431245855 0.252821407489815 0.000438003524041521 0.00435947313527413 0.000154057326294194
"NA19098.3.F10" 0.353003501457111 0.412566764717329 0.23367371673774 0.000508943450132384 8.24529718447005e-05 0.000164620665843553
"NA19098.3.G01" 0.412610595492311 0.36610559308588 0.220902396458939 0.000126953293107721 0.000113332328240999 0.000141129341521093
"NA19098.3.G05" 0.513650084253737 0.306192496019278 0.178955298294766 0.000923955403415813 0.000230075688203197 4.80903405996564e-05
"NA19098.3.G06" 0.318438095979423 0.425791011505348 0.244653566060233 0.00991994956395134 0.000918894747422634 0.000278482143622834
"NA19098.3.G08" 0.0359759886312049 0.643675045337238 0.280769664495846 0.0365175570966813 0.00273998836013025 0.000321756078899578
"NA19098.3.G10" 0.464989977634144 0.307631459698699 0.218772250541893 0.00022231770286523 0.00829248780641061 9.15066159874177e-05
"NA19098.3.H02" 0.345324751195339 0.379980596844205 0.248295162078149 0.000364297563027615 0.0258454682426545 0.000189724076625221
"NA19098.3.H03" 0.33847189264397 0.411773398149111 0.21813990057448 0.000214168127788533 0.03134673837509 5.39021295606941e-05
"NA19098.3.H04" 0.344958281712986 0.398115981752332 0.244492128567026 0.00347692619472817 0.00889918633636776 5.74954365599791e-05
"NA19098.3.H05" 0.312430839875883 0.418742405122864 0.251201546893648 0.0118535842934177 0.00400481692835916 0.0017668068858286
"NA19098.3.H06" 0.382341927527796 0.348955822623775 0.254581928374822 0.000621128600750083 0.0131828983061199 0.000316294566737232
"NA19098.3.H10" 0.365983218986615 0.408322706603728 0.225301669714566 0.000208171291162464 9.26537036714317e-05 9.15797002556673e-05
"NA19098.3.H11" 0.149090746691894 0.505244570077109 0.280295699096597 0.014948349931619 0.0104840251641382 0.0399366090386435
"NA19098.3.H12" 0.40224111547224 0.348258440075096 0.241929901827285 0.000694336992347434 0.006795277701041 8.09279319896768e-05
"NA19101.1.A02" 0.535918970227363 0.0634135208059377 0.111392203439431 0.00536977171742423 0.0826993550466546 0.201206178763189
"NA19101.1.A03" 0.6528441630228 0.0389108533362197 0.0732718715911085 0.000149074883941133 0.070523951733316 0.164300085432614
"NA19101.1.A04" 0.596929242716176 0.000370882578468476 0.203188316061862 0.00464310603277652 0.0371117274843365 0.15775672512638
"NA19101.1.A05" 0.681425850911047 0.00114156825546551 0.0731612077934467 0.0262954920565367 0.0255340480863779 0.192441832897126
"NA19101.1.A06" 0.67778454960158 0.038332815952665 0.0952941786807463 0.000290427851625046 0.027223547195656 0.161074480717728
"NA19101.1.A07" 0.594599643846943 0.00639721088394526 0.113265143060222 0.00829146616277064 0.105105881828471 0.172340654217648
"NA19101.1.A08" 0.482985458446859 0.0838116922061506 0.141647169197773 0.000946431425191617 0.0618942279158993 0.228715020808127
"NA19101.1.A09" 0.643616789414708 0.0548021084915063 0.0752059865676099 0.000291994487890445 0.0608461016167563 0.165237019421529
"NA19101.1.A10" 0.64770437010369 0.000104072488189798 0.139078777879467 0.00643149779438088 0.0176724154218074 0.189008866312464
"NA19101.1.B02" 0.622352160444497 0.0447555968586304 0.103504527313951 0.00112304836034455 0.0301107688798727 0.198153898142704
"NA19101.1.B03" 0.610488298256957 0.000213451016178264 0.182413359018397 0.000190354944680865 0.0619595734165193 0.144734963347268
"NA19101.1.B04" 0.606518959333706 0.0316946588541014 0.149292903282299 0.00440013658725255 0.022858939921002 0.185234402021639
"NA19101.1.B05" 0.596984597935275 0.0560752879304444 0.114517902405669 0.00701443247403743 0.0302574075722944 0.19515037168228
"NA19101.1.B07" 0.609053403449298 0.0982990944627567 0.0810102697157217 0.0142887021194486 0.0182521929474786 0.179096337305296
"NA19101.1.B08" 0.549044181451009 0.0861951183744089 0.121498818779222 0.0129667297356751 0.0451724953993359 0.185122656260348
"NA19101.1.B09" 0.670064368309715 0.0562412506897677 0.0663692803114431 0.000321243989953789 0.0552325225691236 0.151771334129996
"NA19101.1.B10" 0.672637386336321 0.0049366413835313 0.107668094872342 0.0105407019157774 0.0328472369197372 0.171369938572291
"NA19101.1.B11" 0.642750181583508 0.0305373410929663 0.120974299312843 0.0167026255663866 0.00589003690542206 0.183145515538874
"NA19101.1.B12" 0.618530397104217 0.000243813371301569 0.160055859756849 0.0254448980769658 0.0121382498488114 0.183586781841856
"NA19101.1.C01" 0.551083420389507 0.116461400778817 0.111273569129713 0.0356517166646925 0.00372006720010134 0.181809825837169
"NA19101.1.C02" 0.516911531307169 0.0605205473029034 0.158381292428251 0.00803878671641261 0.0271466002080864 0.229001242037177
"NA19101.1.C03" 0.626078522017696 0.000120074943709199 0.135884554295543 0.0123643166679505 0.0546151233007059 0.170937408774395
"NA19101.1.C04" 0.532434742829778 0.0652600293174678 0.210490333988724 0.0095904625892398 0.00354098633628502 0.178683444938505
"NA19101.1.C05" 0.554815222758069 0.0721644196859927 0.0976188401546007 0.0652139539075978 0.0006486137465144 0.209538949747225
"NA19101.1.C06" 0.661248817724754 0.00751104441189101 0.0661168322056197 0.074609091111311 6.73093901402796e-05 0.190446905156284
"NA19101.1.C07" 0.553822685063457 0.0648001071310147 0.100351467514451 0.0985613370605823 0.000398854567128158 0.182065548663368
"NA19101.1.C08" 0.539799505078255 0.0560327539382647 0.125621025081236 0.0457319626975742 0.011623215820914 0.221191537383756
"NA19101.1.C09" 0.60515711260129 0.0538656877695152 0.130120856937627 0.0110315957267337 0.0074639843201264 0.192360762644707
"NA19101.1.C10" 0.657168586830394 0.0468478810624456 0.117985292748575 0.000690610546152189 0.000216693711024187 0.17709093510141
"NA19101.1.C11" 0.527810767375523 0.0577006445262449 0.225896783059715 0.00142436600010293 0.000227814455544897 0.186939624582869
"NA19101.1.C12" 0.617694464925154 0.019394858362904 0.10570292242146 0.0758519769217287 0.000201873634544931 0.181153903734208
"NA19101.1.D01" 0.407840439722468 0.153050211358215 0.195775615072005 0.0164278058536063 0.000699134262026711 0.226206793731679
"NA19101.1.D02" 0.560521563014618 0.121871339884567 0.0824639116412029 0.0405493295509187 6.57600281868238e-05 0.194528095880507
"NA19101.1.D03" 0.623936231287557 0.0090936011851325 0.1094718009747 0.0406138353801323 0.0350214969495733 0.181863034222905
"NA19101.1.D05" 0.666872114413352 0.0010519678185837 0.13985078590086 0.0424489783101869 0.000312461070363121 0.149463692486654
"NA19101.1.D06" 0.409963784821886 0.115261494656207 0.234820244671533 0.0251159981526949 0.000381502986214684 0.214456974711464
"NA19101.1.D07" 0.600833958818628 0.0247282319949981 0.110492517539542 0.0793229324794936 0.000281233433754419 0.184341125733583
"NA19101.1.D08" 0.578775127570463 0.0554009679979537 0.178260273956562 0.000205442429014553 0.00144414422131685 0.18591404382469
"NA19101.1.D09" 0.653950142581441 0.0371956108934378 0.0740685894961384 0.045810014927609 0.00264636192132482 0.186329280180048
"NA19101.1.D10" 0.607281124442243 0.0918553569495763 0.108651705891849 0.00680407357441385 6.92583002895485e-05 0.185338480841628
"NA19101.1.D11" 0.677455249698596 0.0190673579784063 0.105981317233445 0.0161662846289926 0.000396460039818622 0.180933330420742
"NA19101.1.D12" 0.641137225850535 0.0310989728984209 0.106602582122929 0.0408290948056679 0.000685313535736326 0.179646810786711
"NA19101.1.E01" 0.555506741791675 0.0611849788864259 0.175262876765847 0.0094375806356057 0.000174954129940283 0.198432867790506
"NA19101.1.E02" 0.579620729788882 0.0797470077954107 0.140350862864048 0.00144661352753834 0.000426943565881427 0.19840784245824
"NA19101.1.E03" 0.599983108054395 0.0804879008025871 0.14797507621427 0.00642837912349554 9.40885062135455e-05 0.165031447299039
"NA19101.1.E04" 0.609765555945129 0.0734751935528326 0.142960556436502 0.0020219027670011 5.35673641230052e-05 0.171723223934412
"NA19101.1.E07" 0.64582751264824 0.00372302826739646 0.123252215510478 0.0532458872538252 0.00297077569300854 0.170980580627051
"NA19101.1.E08" 0.609969751145891 0.0761314660700205 0.106729574444198 0.016053467438216 0.000116296279935134 0.190999444621739
"NA19101.1.E10" 0.660631731520599 0.0544939340649535 0.12319753495774 0.0115345468877982 6.07590255257487e-05 0.150081493543384
"NA19101.1.E12" 0.650890637060929 0.000122949362499998 0.147217062172513 0.000768408687366291 0.000124151570800955 0.200876791145891
"NA19101.1.F01" 0.570986827743582 0.026240399584688 0.17068578606816 0.0311030387800126 0.0113088890162301 0.189675058807327
"NA19101.1.F02" 0.657160774436998 0.000161109944877914 0.163689011825139 0.00426681331919656 0.000612819872244564 0.174109470601544
"NA19101.1.F03" 0.648940953485718 0.0332719445449747 0.0988620909073879 0.0392780294606202 0.000514513398881008 0.179132468202418
"NA19101.1.F04" 0.564250168532118 0.022702508203689 0.137059500920559 0.0476016319285427 0.000197304754826668 0.228188885660265
"NA19101.1.F07" 0.669633471073775 0.030625226863133 0.0947910680373001 0.0104804201195866 0.00797429575468149 0.186495518151523
"NA19101.1.F08" 0.673744194980997 0.00135043860075045 0.111209984648408 0.0315724535183535 0.000295100401687847 0.181827827849804
"NA19101.1.F09" 0.638931324537249 0.0928566202674239 0.0824686423472434 0.027044292237837 0.000118648511759793 0.158580472098487
"NA19101.1.F11" 0.612492457705037 0.0569335472183785 0.139125232608913 0.00977620849543284 0.000134865032201373 0.181537688940036
"NA19101.1.F12" 0.570269822610468 0.0399851253337231 0.13190575759254 0.048808213445009 0.000291078496691796 0.208740002521568
"NA19101.1.G02" 0.474699954042208 0.0926861599867399 0.187716878892931 0.0104290775112894 0.0191652093001141 0.215302720266717
"NA19101.1.G03" 0.564198588443861 0.0189215547626511 0.164393688829267 0.0217126715411618 0.0100331430643983 0.22074035335866
"NA19101.1.G04" 0.612878939776198 0.0804213794083155 0.111850581760594 0.00875271248118575 9.73457796280872e-05 0.185999040794078
"NA19101.1.G05" 0.606735624147311 0.000771816682062244 0.107688039545323 0.0912213639270487 0.000127090527527246 0.193456065170727
"NA19101.1.G07" 0.639848814221988 0.075984014318247 0.0979190666285414 0.00288549064587073 0.00385810736214207 0.17950450682321
"NA19101.1.G08" 0.573415896129321 0.0861814659735748 0.116089784832049 0.00116350792666547 0.01849031118986 0.20465903394853
"NA19101.1.G09" 0.642472837982114 0.020839021640442 0.125500532788766 0.000896566900031594 0.0298471193214797 0.180443921367167
"NA19101.1.G10" 0.619895093173251 0.0822563995295812 0.123277414924922 0.00114224725827738 0.000191736806164555 0.173237108307803
"NA19101.1.G11" 0.677700422319417 0.000366614801415797 0.123433881119846 0.0240887829695431 0.00436133781890763 0.170048960970871
"NA19101.1.G12" 0.654512541900188 0.0895308935902952 0.0873392827996587 0.000880301558199138 0.000145713228103936 0.167591266923555
"NA19101.1.H01" 0.60655322348431 0.000105821823934055 0.118788865298295 0.00167786467277698 0.0462935284115571 0.226580696309127
"NA19101.1.H02" 0.525160101442362 0.0564039874004015 0.153824671052159 0.0186615163630187 0.0586686357288882 0.187281088013171
"NA19101.1.H03" 0.567659729580935 0.126111105830738 0.0849594044423997 0.00179992751067415 0.0254354753829862 0.194034357252266
"NA19101.1.H05" 0.642037140966064 0.0212515059608045 0.16113813686907 0.00951330141419864 0.000153117497926727 0.165906797291936
"NA19101.1.H06" 0.677398805063981 6.34598022980266e-05 0.148286437624243 0.000650473934990698 0.000323406461772341 0.173277417112714
"NA19101.1.H08" 0.643739100031015 0.00167637509113687 0.0774349548005764 0.0555329658451081 0.0223295597589967 0.199287044473167
"NA19101.1.H10" 0.628240095351955 0.0527346673090616 0.140602969808702 0.000150562258200408 3.63767355466895e-05 0.178235328536535
"NA19101.1.H12" 0.67730034500751 0.0329106010817962 0.0963065459367545 0.0225643113246462 0.000137779030179803 0.170780417619113
"NA19101.2.A01" 0.325700267443646 0.38723023459961 0.00031749113281066 0.0295086021986907 0.0953055747620714 0.161937829863171
"NA19101.2.A02" 0.454326509245629 0.309609770781076 0.000208259687026176 0.00407708411299213 0.122063025686636 0.109715350486641
"NA19101.2.A06" 0.513708168543997 0.296903930496782 0.000543252732119901 0.0106576001985732 0.0172219155607045 0.160965132467824
"NA19101.2.A08" 0.448757073343423 0.32697819415077 0.000159973078830761 0.000388078824908772 0.0864188746249952 0.137297805977073
"NA19101.2.A09" 0.474541959073613 0.279723718160957 9.96349090256328e-05 0.000246183341115068 0.101331642640016 0.144056861875273
"NA19101.2.A10" 0.51528278237675 0.241055223166283 0.000543158188986902 0.000345005570603831 0.110178914759728 0.132594915937648
"NA19101.2.B02" 0.431766971015042 0.302264451774376 0.016796698565127 0.00017834715765927 0.101344769016218 0.147648762471578
"NA19101.2.B03" 0.390088293818523 0.361425512735238 0.000231199704633341 0.000340244728000379 0.104446427724172 0.143468321289434
"NA19101.2.B04" 0.000684235137606423 0.681009956367989 0.000858114571789723 0.0444670854508596 0.0373444417904477 0.235636166681307
"NA19101.2.B06" 0.368222868094833 0.36693403646214 0.000998180627753113 0.00048661625512185 0.108009491579919 0.155348806980234
"NA19101.2.B08" 0.428515798595495 0.321986838925718 0.000359652898230109 0.0247315358522603 0.0971437153224691 0.127262458405828
"NA19101.2.B09" 0.424117350727579 0.344701819283335 0.000188814581397025 0.00111103780392475 0.0893772892418465 0.140503688361918
"NA19101.2.B10" 0.406198584690286 0.371002467084228 0.00519568151868222 0.000928053156285495 0.0971563402147863 0.119518873335732
"NA19101.2.B12" 0.439119419238017 0.366320475277119 0.000120444326374435 0.00624200748081986 0.0434874978462431 0.144710155831426
"NA19101.2.C01" 0.0429373553121321 0.635223134769021 0.00028929268719513 0.0641059624376151 0.0575523279033565 0.19989192689068
"NA19101.2.C03" 0.343511005567701 0.404106182065548 0.000612359699684358 0.0406407085712191 0.0706534111546927 0.140476332941154
"NA19101.2.C04" 0.494049424761453 0.34121767206255 0.000296447462843479 0.00190129323774986 0.03455909802365 0.127976064451754
"NA19101.2.C05" 0.350505020408574 0.374756741982284 0.000320434616770983 0.012239085608999 0.0792101227607221 0.18296859462265
"NA19101.2.C06" 0.556181450286348 0.270162863193355 0.0013962762105362 0.00110953644125378 0.0402704472941621 0.130879426574345
"NA19101.2.C07" 0.617652466574176 0.241870141697476 0.000149488122896442 0.0097744864302887 0.0178304420907342 0.112722975084429
"NA19101.2.C08" 0.425715430681976 0.368791794089847 0.000198696024261002 0.000739643769748857 0.0474353234649268 0.15711911196924
"NA19101.2.C09" 0.000376809716620165 0.655099042810782 0.0156265626663582 0.036270686168011 0.0426303666166899 0.249996532021539
"NA19101.2.C11" 0.500287342750858 0.314841555789237 0.000356425954562212 0.0286928733764082 0.0113150206356184 0.144506781493317
"NA19101.2.D02" 0.332605142816751 0.428807959577518 0.000680536786239095 0.0165284598174941 0.0506132008043433 0.170764700197654
"NA19101.2.D03" 0.545281834877697 0.30052076897676 0.000660915881674056 0.00260264106610589 0.0291112380624718 0.121822601135292
"NA19101.2.D04" 0.459902818421542 0.316662139894588 0.0389790844122187 0.0177407959343334 0.0398909043108985 0.126824257026419
"NA19101.2.D05" 0.0413955151225774 0.618077691323985 0.0153909644466777 0.0828876585280071 0.0304826690491284 0.211765501529624
"NA19101.2.D06" 0.373043602915946 0.409855209882721 0.00123656100305215 0.00508266905542652 0.0449706841029286 0.165811273039926
"NA19101.2.D07" 0.280212238230299 0.421941514099135 0.000719644011346059 0.0824569337945005 0.0136685780146161 0.201001091850103
"NA19101.2.D08" 0.519128665849587 0.224549299189758 0.000260421078879746 0.0453945050036375 0.0473277282897872 0.16333938058835
"NA19101.2.D09" 0.115691502233319 0.619509801115639 0.00275873010438539 0.0378224443396865 0.0310945497830253 0.193122972423944
"NA19101.2.D10" 0.270666885941463 0.437589669969774 0.0157714821826995 0.0506528262457943 0.0416707486089042 0.183648387051365
"NA19101.2.D11" 0.516390219291718 0.27590945508201 0.00297506149330192 0.0302814887317932 0.045389928446137 0.129053846955039
"NA19101.2.E01" 0.373011878067869 0.383894769534356 0.000265258800442886 0.0433213856220683 0.0189479945817532 0.180558713393511
"NA19101.2.E02" 0.502865517329592 0.345340931560541 0.000774397014337455 0.000369640798655846 0.0275929082115403 0.123056605085334
"NA19101.2.E03" 0.156130861893887 0.573195192309826 0.0409971552374337 0.0681980435191125 0.00143176288988931 0.160046984149851
"NA19101.2.E04" 0.447864078616575 0.318701933466817 0.000130380172216246 0.0754582551038588 0.000109083834778191 0.157736268805755
"NA19101.2.E06" 0.222497257083836 0.434673387545683 0.0343442117909853 0.0586823508069641 0.0359044288288805 0.213898363943651
"NA19101.2.E07" 0.354922030129336 0.37308659983868 0.000710570579833872 0.0886281596422003 0.00240910043565165 0.180243539374298
"NA19101.2.E09" 0.305097226816768 0.468535496793782 0.00136911510485834 0.000585464467232254 0.0304319320235541 0.193980764793805
"NA19101.2.E10" 0.536956061618674 0.239661908645328 0.0574400515259315 0.00632234179330065 0.0244437891297665 0.135175847286999
"NA19101.2.E11" 0.421536659232489 0.360581099912768 0.000605976035564497 0.0522193963017912 0.00854161680161458 0.156515251715773
"NA19101.2.E12" 0.63715168097443 0.218896812235697 0.000511873856893131 0.000872210651530853 0.0256343571091402 0.116933065172309
"NA19101.2.F01" 0.462248731925456 0.375949275651325 0.00022615313001241 0.000294269187645015 0.0382652444260008 0.12301632567956
"NA19101.2.F03" 0.425310517698208 0.381833252762451 9.20418158405869e-05 0.0239846496294582 0.00422236748308022 0.164557170610962
"NA19101.2.F04" 0.368983310760843 0.35287241944712 0.0574484179650259 0.0359452517767855 0.0276978059870495 0.157052794063177
"NA19101.2.F06" 0.574721658812065 0.279530087464018 0.00169456774030826 0.017868585598358 0.0011689275932135 0.125016172792037
"NA19101.2.F07" 0.469854008725536 0.338599796926554 0.000322451930777144 0.00287964975981996 0.0390893370547084 0.149254755602604
"NA19101.2.F08" 0.420076017264195 0.396588147919372 0.000897796522923499 0.00981453069525198 0.0134646914997638 0.159158816098495
"NA19101.2.F09" 0.380032783794661 0.389272350175583 0.000221484601580272 0.000815896245433253 0.0607537836694511 0.168903701513291
"NA19101.2.F12" 0.172514817193141 0.534027752829812 0.0225655959300564 0.0827155830135025 0.00142281377936776 0.186753437254121
"NA19101.2.G01" 0.400498035309133 0.379761319969988 0.00121406621869802 0.00159060496453053 0.0736991037558765 0.143236869781773
"NA19101.2.G02" 0.419202137099776 0.333113211932828 0.0238658822357958 0.00226830075843858 0.043476189878275 0.178074278094886
"NA19101.2.G03" 0.284623035059989 0.4469823750808 0.000415964434171205 0.000844764628311403 0.0911473003233143 0.175986560473414
"NA19101.2.G04" 0.479741326004737 0.338315420144333 0.000315562909263653 0.0148476501995858 0.0320674026460869 0.134712638095994
"NA19101.2.G05" 0.364194886839958 0.424236945049865 0.000231400915657807 0.0268658809158541 0.0447521733423071 0.139718712936358
"NA19101.2.G07" 0.338322951310901 0.404476059062652 0.000417106669225739 0.000213160488604127 0.0870292166257912 0.169541505842826
"NA19101.2.G08" 0.0259180608410854 0.628680716311796 0.0745342335059991 0.0269219305800347 0.0422921503839572 0.201652908377128
"NA19101.2.G09" 0.432473984868821 0.37193211355229 0.000160116095229211 0.000222995798342057 0.0808876911198492 0.114323098565468
"NA19101.2.G12" 0.426561646261728 0.363270436976542 0.00021403124141414 0.000401853930049479 0.0514429379093437 0.158109093680922
"NA19101.2.H01" 0.37936941283717 0.400871792402046 0.000150497464712085 0.000434278148314203 0.0605333265034325 0.158640692644325
"NA19101.2.H02" 0.237452823920594 0.495563579042261 0.00186556573147423 0.00229583113924246 0.0805037872619961 0.182318412904432
"NA19101.2.H03" 0.430573021036121 0.365685395998263 0.000189076837162983 0.00620833778692224 0.0622790855847101 0.135065082756821
"NA19101.2.H05" 0.544297794426229 0.304694596336326 0.0203587089629103 0.000510675801766628 0.0314286864978507 0.0987095379749169
"NA19101.2.H06" 0.525769070449984 0.298566549654205 0.000947010568383931 0.000396437808132794 0.0577596692221115 0.116561262297182
"NA19101.2.H07" 0.439562077521319 0.346005590485522 0.000117970133215975 0.00112503490021193 0.0696028483235894 0.143586478636142
"NA19101.2.H08" 0.516605545817006 0.265350788287425 0.000195194598441969 0.000699893578264976 0.103685106871246 0.113463470847616
"NA19101.2.H09" 0.00218491379372157 0.640085189180117 0.000578521329034819 0.0644760042563841 0.0643582869643785 0.228317084476364
"NA19101.3.A06" 0.539850891564709 0.199191400042773 0.0823850324643491 0.002454175960528 0.0557297126226417 0.120388787345
"NA19101.3.A07" 0.231106117861989 0.376717962487471 0.105412479996812 0.000766268014940541 0.0800746092882681 0.205922562350518
"NA19101.3.A10" 0.676000960395505 0.132672445943939 0.0303226112346963 0.000300860695117105 0.0536354213852699 0.107067700345472
"NA19101.3.A12" 0.543437777369473 0.170047577988107 0.0997325649910868 0.000443231728302519 0.046563178884799 0.139775669038231
"NA19101.3.B01" 0.636902094749136 0.149014255185786 0.0174431412970171 0.000127403639031918 0.0638269821918874 0.132686122937142
"NA19101.3.B02" 0.658175472056759 0.141318978061862 0.0177933789827514 0.000213484929364172 0.0814861982614006 0.101012487707863
"NA19101.3.B06" 0.519162541219966 0.233786187236562 0.0634375512913775 0.000405628873890411 0.0518772986370038 0.1313307927412
"NA19101.3.B07" 0.633759528392843 0.173165020615849 0.0201515245815589 0.000140901642926595 0.079708502221978 0.0930745225448444
"NA19101.3.B08" 0.564667274537412 0.124912340767441 0.131349242002871 0.000182687632722847 0.0730869481577237 0.10580150690183
"NA19101.3.B09" 0.613145921808334 0.134727891736687 0.070814376511704 0.000139080529938139 0.049519823229801 0.131652906183536
"NA19101.3.B10" 0.615430513051789 0.182056181717403 0.0297665181324891 0.000285241871231604 0.0511030387409745 0.121358506486113
"NA19101.3.B11" 0.540134668938901 0.179782677585303 0.117418659259854 0.00163765298742215 0.022961063464107 0.138065277764412
"NA19101.3.B12" 0.629104732219752 0.151161916419505 0.0468165286225908 0.000864575812973756 0.0422556245441503 0.129796622381028
"NA19101.3.C03" 0.525428878562989 0.160608606628551 0.0525567835551398 0.024068650700845 0.0972053682400979 0.140131712312377
"NA19101.3.C04" 0.635766601902718 0.127256466233716 0.0749061442592698 0.0138648548912726 0.0266686802205111 0.121537252492512
"NA19101.3.C05" 0.560858490675512 0.201508013070009 0.101101534989112 0.000424844951641323 0.0175139187969757 0.11859319751675
"NA19101.3.C06" 0.596064238437343 0.14965737841677 0.105656779056489 0.000115686648056811 0.0271346541919229 0.121371263249418
"NA19101.3.C07" 0.67547717614696 0.108884828948331 0.0804407500075209 0.00013849502426859 0.0212157646137395 0.11384298525918
"NA19101.3.C08" 0.676372756103254 0.132081872936125 0.0524450127940149 0.000292592676018812 0.014259739780067 0.12454802571052
"NA19101.3.C10" 0.461213874582814 0.271560196355629 0.0807296790416618 0.0491741574817538 0.000174198359464468 0.137147894178677
"NA19101.3.C11" 0.569085658243096 0.240911998519558 0.063951535183167 0.000119547746528102 0.0109003702525905 0.11503089005506
"NA19101.3.D03" 0.605589782973035 0.14555601414947 0.0701039473597531 0.00026971773590128 0.0424009083970982 0.136079629384742
"NA19101.3.D06" 0.641024266443188 0.182599965660346 0.0615804214518418 0.000306592978186515 0.000353462784696991 0.11413529068174
"NA19101.3.D08" 0.659097539110512 0.10209067531975 0.106946635310295 9.94902071309405e-05 0.0235628749013615 0.108202785150951
"NA19101.3.D10" 0.626437620204222 0.115787199851534 0.142609755898794 0.000164265851992842 0.00382053044806926 0.111180627745388
"NA19101.3.D12" 0.629462088225273 0.13523991564138 0.0556617916224195 0.025621895606619 0.0206880173912501 0.133326291513058
"NA19101.3.E02" 0.678017255192626 0.101977965250334 0.0374708024831725 0.0366749467163445 0.00240171620371435 0.143457314153808
"NA19101.3.E03" 0.477877584922524 0.240114322275983 0.111405059806303 0.0129374101607227 0.00530843372801962 0.152357189106447
"NA19101.3.E04" 0.530813965796577 0.264591527900555 0.0563722799731234 0.000506758417228418 6.79346596446237e-05 0.147647533252871
"NA19101.3.E06" 0.529224273888205 0.248538990978855 0.0851091364597261 0.000581908424374429 0.000471861534272287 0.136073828714566
"NA19101.3.E07" 0.597288006746994 0.210539219491934 0.0773102773727364 0.000358761084143528 0.0179658634367111 0.0965378718674812
"NA19101.3.E09" 0.493871311157984 0.225190834670688 0.0956234662231838 0.00698646210888597 0.040308371480435 0.138019554358823
"NA19101.3.F01" 0.579113389767021 0.180714308075604 0.0965672836707966 0.00134883527272067 0.0150603601452732 0.127195823068584
"NA19101.3.F02" 0.592151882775106 0.199117732349153 0.065228983873437 0.0026829364298481 0.0077461876914304 0.133072276881025
"NA19101.3.F03" 0.612588240675498 0.239259052340826 0.0340390046789994 0.000559088240837401 0.00222626433857304 0.111328349725267
"NA19101.3.F05" 0.614895186211419 0.0812144664809507 0.154312411949168 0.0141159568514174 0.0145891469769802 0.120872831530065
"NA19101.3.F07" 0.440523202797743 0.234549128118983 0.172787763047998 0.0040778431779809 0.0287946850915005 0.119267377765795
"NA19101.3.F08" 0.557546695642176 0.141706108969024 0.0936909463423571 0.0177535262617888 0.0586172745601124 0.130685448224542
"NA19101.3.F10" 0.595059494292744 0.0521039527380997 0.188130996083372 0.000122413033202833 0.0399766970270312 0.12460644682555
"NA19101.3.F11" 0.611823905029135 0.172284608552557 0.0592377228773071 0.000616585190775334 0.0134406063071904 0.142596572043035
"NA19101.3.F12" 0.70874903495061 0.151961003382925 0.0290522248107138 0.00214336541614795 0.00229841002664878 0.105795961412954
"NA19101.3.G01" 0.420916488906868 0.264472305151916 0.101668059668605 0.000484941844582357 0.0328331812015308 0.179625023226498
"NA19101.3.G03" 0.570573721317297 0.170972771638486 0.0791607998130942 0.00310037577983591 0.0459007086913478 0.130291622759939
"NA19101.3.G05" 0.60162145447542 0.140841211447905 0.111387255371507 0.000385166711587436 0.0260099524735929 0.119754959519988
"NA19101.3.G06" 0.606939545381018 0.125490609908194 0.126877216604747 0.000869866558919444 0.0199063719127364 0.119916389634385
"NA19101.3.G07" 0.488282097759935 0.272890207436569 0.0538207589811247 0.00805083438954006 0.0425281657087519 0.134427935724079
"NA19101.3.G08" 0.494099950633834 0.217259924839956 0.0696072972174982 0.0204579081479625 0.0655858353370962 0.132989083823653
"NA19101.3.G10" 0.707042900784185 0.0134332544658643 0.104117739005351 0.00171698318984386 0.06162335130487 0.112065771249886
"NA19101.3.G11" 0.597871090388985 0.209641647542218 0.0433460453725525 0.00894143997868856 0.011034950602423 0.129164826115133
"NA19101.3.G12" 0.699076048267573 0.0884446045502485 0.0337465205718607 0.001657206276616 0.0368394459793635 0.140236174354339
"NA19101.3.H05" 0.737247793538679 0.0942682850061004 0.038083034069681 0.000126891166447767 0.0346828156844606 0.0955911805346312
"NA19101.3.H08" 0.602889972493078 0.145174258977989 0.0622327345770901 0.000191160298806998 0.0782463924123526 0.111265481240684
"NA19239.1.A01" 0.466138067023238 0.0273767739012714 0.000607130229620339 0.437916520060595 0.0615396728422158 0.00642183594306047
"NA19239.1.A03" 0.431712101071052 0.0137696707778653 0.0474433020259723 0.400824636763517 0.102271719787839 0.00397856957375427
"NA19239.1.A05" 0.593411829175804 0.00207759498310249 0.000169067662802413 0.403421662468039 0.000825306066007546 9.45396442446161e-05
"NA19239.1.A06" 0.485654954652202 0.0565765507670596 0.000268311944275235 0.443069336712857 0.0143514904034211 7.93555201856823e-05
"NA19239.1.A08" 0.454529889123617 0.0390125932527875 0.0133831614197283 0.379840164223978 0.112543109713054 0.000691082266834974
"NA19239.1.A09" 0.382752431897668 0.0864189569414749 0.0270243547786036 0.422119355595004 0.0730273340292301 0.00865756675801944
"NA19239.1.A10" 0.498314976832902 0.0547161788540741 0.000811450131075932 0.432410586536112 0.0129351234216585 0.000811684224177791
"NA19239.1.B02" 0.447550375169083 0.0700524882716094 0.0622874737753796 0.355389309536541 0.0285534348161223 0.0361669184312648
"NA19239.1.B03" 0.462070263536261 0.0361449599172272 0.000987193383134859 0.413759394205678 0.076169216838755 0.0108689721189441
"NA19239.1.B05" 0.39958518901602 0.0954440629800722 0.0103111409083184 0.487911290911067 0.00069019448089167 0.00605812170363112
"NA19239.1.B06" 0.269116082312993 0.121998645550617 0.0415560530984421 0.476684676781593 0.0394704983622118 0.0511740438941421
"NA19239.1.B07" 0.406103753206797 0.0850989574931414 0.022423524108701 0.415827528582474 0.0627973112777498 0.00774892533113653
"NA19239.1.B08" 0.601501548585192 0.000130983720671032 0.000124352434171038 0.34871904994808 0.0494599841256921 6.40811861936036e-05
"NA19239.1.B09" 0.523519027939424 0.00969107301736786 0.000115199819874075 0.395679966549242 0.0672531052470322 0.00374162742706018
"NA19239.1.B10" 0.290734913089317 0.130259755121565 0.0467223491949074 0.501840166347136 0.0128307229877937 0.0176120932592804
"NA19239.1.B11" 0.580536941797445 0.000213897726847624 7.52096423538776e-05 0.393039370108652 0.0193092409402368 0.00682533978446428
"NA19239.1.B12" 0.604934300171043 0.00012822145859926 0.0004806457722337 0.36641733511098 0.0279257654118924 0.000113732075251382
"NA19239.1.C01" 0.414259998338505 0.0789447284566365 0.000397549796529576 0.473255242087775 0.027576432755778 0.00556604856477552
"NA19239.1.C02" 0.581348594938475 0.000264325660437706 0.000151785095089174 0.370523928851976 0.0460747001425855 0.00163666531143656
"NA19239.1.C03" 0.577343314525071 0.00445998246471036 0.000875162508326142 0.380849782256485 0.0335054573097061 0.00296630093570092
"NA19239.1.C05" 0.576860259407614 0.000308628535688375 0.000230823451549688 0.413015622770163 0.00936143896332998 0.000223226871655275
"NA19239.1.C06" 0.531126012467065 0.0163483235197354 0.000872736720864683 0.425103670047357 0.0115118579165827 0.0150373993283958
"NA19239.1.C08" 0.530872259848906 0.0152262298884348 0.000278296140376904 0.449012592684819 0.00428552442000554 0.000325097017457394
"NA19239.1.C09" 0.615977177342557 0.000229316708483072 0.000340907462149715 0.362588016404869 0.0206837981960776 0.000180783885862896
"NA19239.1.C10" 0.546992670862531 0.000235406247465467 0.000508131151683916 0.422685369290188 0.0280915837620436 0.00148683868608765
"NA19239.1.C11" 0.348780501482522 0.0974727907925567 0.0249562379636495 0.510445811391636 0.000359940639352742 0.0179847177302837
"NA19239.1.C12" 0.602318910855593 0.00145396946989857 0.00033856896967843 0.393259554546068 0.00209421443799515 0.000534781720766023
"NA19239.1.D01" 0.578305423832858 6.40085764245381e-05 0.000699963782100033 0.401276266457655 0.0194663901808374 0.000187947170125743
"NA19239.1.D02" 0.529128584623097 0.004833565956312 0.0158803627269207 0.420624842316066 0.0288264839456917 0.00070616043191272
"NA19239.1.D03" 0.346733760476179 0.0991037109759463 0.025977783643233 0.488500243824728 0.022944412840972 0.0167400882389424
"NA19239.1.D04" 0.484727716038923 0.0473610908896221 0.00332440402275638 0.451588339162478 0.0123939382858118 0.000604511600408296
"NA19239.1.D05" 0.500091734542192 0.000157781900514617 0.000142579244964062 0.488472677767668 0.000376692127522083 0.0107585344171398
"NA19239.1.D06" 0.542441837124392 0.0282691688688013 0.000251209681331706 0.409917333574891 0.000170864523638761 0.0189495862269455
"NA19239.1.D08" 0.601657394063855 0.000198250933681022 0.0214211866256821 0.361788686019852 0.0137638513589143 0.00117063099801507
"NA19239.1.D09" 0.511136312405597 0.0128990577771036 0.0161638675194227 0.436465291984925 0.0210624494622857 0.00227302085066612
"NA19239.1.D10" 0.464716319983442 0.0301694157790319 0.00153200315239324 0.502437727923269 0.000528595034878397 0.000615938126985081
"NA19239.1.D11" 0.484731310326796 0.00998809504299887 0.00158504792457289 0.472559002445572 0.0251600182886117 0.00597652597144885
"NA19239.1.D12" 0.398874784389379 0.090976950570223 0.0103344773595142 0.463226917980397 0.0229374573730184 0.0136494123274681
"NA19239.1.E01" 0.559260465026586 0.00652181499939158 0.000361437021661179 0.432887661843332 0.000882792153511326 8.58289555183895e-05
"NA19239.1.E02" 0.617405274481187 0.000153369931708011 0.00017276471774948 0.376178086986181 0.00602603365758235 6.44702255919195e-05
"NA19239.1.E03" 0.525277364070241 0.0265405020038982 0.000182186277387014 0.447673235614432 0.000243543104751757 8.31689292901443e-05
"NA19239.1.E04" 0.538488134332508 0.0102937664236926 0.000337822595692083 0.450364414798916 0.000356002637940547 0.000159859211250762
"NA19239.1.E06" 0.416249710534379 0.0591067748835142 0.00017465642474796 0.48591136092427 0.0384541392282676 0.000103358004821294
"NA19239.1.E07" 0.519182508457306 0.0244002367897736 0.000228071610699937 0.450469595166563 0.005560441752497 0.000159146223159998
"NA19239.1.E08" 0.614787077556862 0.000827296881683296 0.000181893904638367 0.383910062667496 0.000131354462188546 0.000162314527132206
"NA19239.1.E09" 0.577114146140444 0.00019531836216919 0.00531325501193614 0.407030109300161 0.00533776665087996 0.00500940453441009
"NA19239.1.E10" 0.502766279803557 0.0423471683795362 0.000219518188349638 0.454217910062852 0.000250211212807923 0.000198912352896835
"NA19239.1.E11" 0.527683955388214 0.0443046993445152 0.000441907530133589 0.427071003330893 0.000268416948033471 0.000230017458210906
"NA19239.1.E12" 0.568605410997275 0.0125458374581352 0.000124327671720401 0.418537153455049 0.000111886380988961 7.53840368309444e-05
"NA19239.1.F01" 0.524490327987308 0.0178721642468883 0.000177666426901294 0.453712990950189 0.00348117372971949 0.000265676658993233
"NA19239.1.F02" 0.511113505302151 0.0159374589846632 0.00155072240935175 0.455018340560775 0.0162142665478204 0.000165706195238757
"NA19239.1.F03" 0.510162708654307 0.0229117370970817 0.000306115371682784 0.465708392161353 0.000732224213850353 0.000178822501725631
"NA19239.1.F04" 0.545611502420714 0.0099983415224808 0.000593037171757655 0.44201162321721 0.000308602236770578 0.00147689343106743
"NA19239.1.F06" 0.557595173408861 0.000214310101504009 0.0115888265775829 0.401525170340202 0.0277545046143698 0.00132201495748051
"NA19239.1.F07" 0.514394589423019 0.00605181404494306 0.00681486956280575 0.449204063444624 0.013810405708114 0.0097242578164937
"NA19239.1.F08" 0.556208453686443 0.00157199145940862 0.000337796782763549 0.428822224878818 0.0119807127845897 0.00107882040797731
"NA19239.1.F09" 0.530760631173023 0.000448947910459329 0.000488099959916091 0.424093628816837 0.0440727845966139 0.00013590754315139
"NA19239.1.F10" 0.605129340791784 8.73272692140117e-05 0.00057892381922744 0.386279663316562 0.0078723379204293 5.24068827833932e-05
"NA19239.1.F12" 0.53866940596145 0.035293407301821 0.000257487067305942 0.425592591943383 0.000118384239093701 6.8723486946341e-05
"NA19239.1.G01" 0.495822319022657 0.0335582305357045 0.000669774082771368 0.438676297971875 0.0307629015384654 0.000510476848526817
"NA19239.1.G02" 0.427728151502778 0.0669262942865562 0.00135484173859455 0.476285576101743 0.0273108270137286 0.000394309356600301
"NA19239.1.G03" 0.517184438196372 0.0337413870180109 0.0112040370678833 0.437066073718101 0.000490527137714994 0.000313536861917347
"NA19239.1.G04" 0.488596846235374 0.0568329753492484 0.000352309774064035 0.453924976254563 0.00011790837523537 0.000174984011514993
"NA19239.1.G06" 0.499945933781217 0.0620950175691986 0.00226825015395444 0.434478609586953 0.000220048164018472 0.000992140744658304
"NA19239.1.G09" 0.458484875824481 0.0475179328859359 0.000883923795614564 0.456441417826955 0.0364817201402046 0.000190129526808354
"NA19239.1.G10" 0.561534275131055 0.00248989131482863 0.000472031141473725 0.431164686361695 0.0039838507148378 0.000355265336110342
"NA19239.1.G11" 0.564801809839265 0.000417229676276034 0.000958148045413027 0.426097439784413 0.00753836430323626 0.00018700835139747
"NA19239.1.G12" 0.530783448714304 0.0266954908980266 0.000587734333777712 0.441074288975753 0.000605929254106226 0.000253107824033104
"NA19239.1.H01" 0.473500356319477 0.0311997949396683 0.000685745387931333 0.474106607973265 0.0184663506821076 0.00204114469755073
"NA19239.1.H03" 0.54161602896225 0.000138012053808451 0.00880738467246829 0.398256620782817 0.0511023111774653 7.96423511902723e-05
"NA19239.1.H04" 0.413408431643853 0.0525757706269402 0.012233259220451 0.502093869100928 0.0192599246416474 0.000428744766180573
"NA19239.1.H05" 0.464301846407059 0.0465250301969499 0.000336584622162385 0.457659175647033 0.0310990657803838 7.82973464116979e-05
"NA19239.1.H06" 0.521796610541225 0.0116341955283097 0.000851565011510165 0.457713333108559 0.00766911358462676 0.000335182225769847
"NA19239.1.H07" 0.537308407667782 0.00354703459059062 0.000657255148320121 0.405142961195827 0.0532121598459119 0.000132181551568854
"NA19239.1.H08" 0.439425625301019 0.0389778673291402 0.00791803991196899 0.464439579219097 0.0423148260583677 0.00692406218040771
"NA19239.1.H09" 0.375571961915216 0.0854189040351025 0.000692530819981275 0.439069919139701 0.0905293659684875 0.00871731812151176
"NA19239.1.H10" 0.625525346681559 0.000130053053883512 0.00153974163751943 0.355328479381887 0.0172321707040673 0.000244208541084628
"NA19239.1.H11" 0.643292442733358 0.000167078462862444 0.000126842839454649 0.351727771739884 0.00459989219225584 8.59720321854478e-05
"NA19239.2.A01" 0.490213641211891 0.0377613973115235 0.0728006118970692 0.172371421106172 0.187488227656129 0.0393647008172157
"NA19239.2.A02" 0.506856706067114 0.0528635173921733 0.0595989187549914 0.20605386739764 0.159402723436656 0.0152242669514253
"NA19239.2.A04" 0.518717625297238 0.0524164620500567 0.0559947265906719 0.222527701815637 0.10103661738991 0.0493068668564867
"NA19239.2.A05" 0.539603118107052 0.0339612636306571 0.058856539675538 0.2372685370726 0.0851797846949515 0.0451307568192015
"NA19239.2.A06" 0.474955562172923 0.0941486406482256 0.0929817846326354 0.193485846380434 0.111440181533702 0.0329879846320792
"NA19239.2.A07" 0.481173595507321 0.02293988370968 0.0786569487720751 0.171389109617454 0.177731689619355 0.0681087727741147
"NA19239.2.A08" 0.546970370306925 0.0457342060098882 0.0570648425944932 0.164871424553824 0.153241902373142 0.0321172541617279
"NA19239.2.A09" 0.525378452668692 0.0432436673080342 0.0494628430308879 0.15890813713689 0.182349868982874 0.0406570308726217
"NA19239.2.A11" 0.473585014132051 0.0891739291228429 0.0389202513685879 0.235473109113614 0.133690525261933 0.0291571710009712
"NA19239.2.A12" 0.498299992613415 0.0674761031513881 0.0783467904154594 0.199512223605627 0.0946231613420289 0.0617417288720813
"NA19239.2.B02" 0.478553527393081 0.0613883675550816 0.0612943695065532 0.213127289373838 0.127960169850705 0.0576762763207417
"NA19239.2.B04" 0.561343480504376 0.0277604360642753 0.0765769332724775 0.207619387953888 0.0884469084919988 0.0382528537129844
"NA19239.2.B05" 0.386781819325519 0.100375222005001 0.0686634855334777 0.260228759749103 0.168095454300989 0.0158552590859107
"NA19239.2.B06" 0.500576493439371 0.0472237702424159 0.0891222767651428 0.257427312292173 0.0799657226516628 0.0256844246092339
"NA19239.2.B07" 0.551232492233027 0.0387207209601039 0.046025805272001 0.171655635711465 0.140490491510943 0.0518748543124599
"NA19239.2.B08" 0.426630774563761 0.131581447231556 0.012520042407225 0.22831523963667 0.163263798809689 0.0376886973510986
"NA19239.2.B09" 0.532730830600556 0.0670115013721509 0.0467111389258679 0.18628188965072 0.123859943048747 0.0434046964019584
"NA19239.2.B12" 0.545650334730523 0.0692175273295342 0.0437246822931978 0.222185083492846 0.0593066159690723 0.0599157561848266
"NA19239.2.C02" 0.338302175663087 0.135279597634451 0.0908221361027335 0.248250174747065 0.135115308351519 0.0522306075011446
"NA19239.2.C04" 0.507803822873431 0.083354765992659 0.083461087441944 0.24020227101933 0.0482503862961223 0.0369276663765136
"NA19239.2.C05" 0.37023168632065 0.152727609915004 0.0719426219455048 0.287287336297384 0.0524462147797886 0.0653645307416676
"NA19239.2.C07" 0.528260046750726 0.0607524479764074 0.0660518217980511 0.269729524576098 0.0364419630263863 0.0387641958723317
"NA19239.2.C09" 0.538984451549124 0.0572918359067367 0.082360628239796 0.181751330442619 0.0847617582950907 0.0548499955666328
"NA19239.2.C11" 0.542840403111643 0.108321372416393 0.00417001056131585 0.271049961960942 0.0316737184011997 0.0419445335485069
"NA19239.2.C12" 0.488985154553037 0.137012766265083 0.0123156556742235 0.260287530631572 0.0556931543336484 0.045705738542436
"NA19239.2.D01" 0.374475911813206 0.170126973065227 0.053445372155262 0.272260351756068 0.0658231056414377 0.0638682855688
"NA19239.2.D02" 0.522074226118581 0.0482440215568537 0.0784298209291005 0.274617669234885 0.0349950749092322 0.0416391872513474
"NA19239.2.D04" 0.600566651838636 0.0447024639106588 0.0425120334461399 0.241896155948276 0.0406370177695443 0.0296856770867446
"NA19239.2.D05" 0.500275760808403 0.0903318449200633 0.0857253501817921 0.229225302438024 0.0459481299059294 0.0484936117457884
"NA19239.2.D06" 0.497358220439992 0.0698818796272554 0.0701572574523023 0.308068309779781 0.0324957751069322 0.0220385575937365
"NA19239.2.D11" 0.55366737819287 0.0365652274576288 0.0909113216328981 0.22207200618314 0.056373661958595 0.0404104045748679
"NA19239.2.D12" 0.000114776199531451 0.330690946012181 0.113749008574269 0.325590687985942 0.0440774186441395 0.185777162583937
"NA19239.2.E01" 0.444647672126057 0.0559732321610091 0.17453192254669 0.241965413591513 0.0444875286069729 0.0383942309677577
"NA19239.2.E02" 0.531016339400095 0.00730940120949803 0.131575174895203 0.237990272108921 0.065825049076985 0.0262837633092972
"NA19239.2.E04" 0.517746742566873 0.0587705739684789 0.0726282500064772 0.2712554150171 0.0333715118860474 0.0462275065550232
"NA19239.2.E05" 0.523499486690464 0.0645580083471707 0.0840942821657104 0.246759652267678 0.0512894607796589 0.0297991097493182
"NA19239.2.E06" 0.525582260405048 0.0829568763837138 0.0596068920193025 0.279484777867997 0.00950479292612649 0.0428644003978121
"NA19239.2.E07" 0.487517147138241 0.0533984217442117 0.0873022329042487 0.278904550751925 0.0528123041321654 0.0400653433292076
"NA19239.2.E08" 0.493493952147394 0.0930497914943732 0.0543083601195982 0.28576810283082 0.0289754854777758 0.0444043079300389
"NA19239.2.E11" 0.477323351097661 0.102911558020053 0.0526200496313628 0.295680236909583 0.0330740164378852 0.0383907879034543
"NA19239.2.E12" 0.421191722187345 0.138269912673717 0.0804963141953705 0.278523586881389 0.0149767689789539 0.0665416950832256
"NA19239.2.F01" 0.474191609092737 0.0528238363683141 0.105468443852568 0.252491457856576 0.0699411547672104 0.0450834980625946
"NA19239.2.F02" 0.340621429449233 0.115629966084729 0.136954722632626 0.277545984434163 0.064588456175717 0.0646594412235319
"NA19239.2.F03" 0.456060063262375 0.0656803220862739 0.0828683068192841 0.254969064618144 0.0788108496369159 0.0616113935770069
"NA19239.2.F05" 0.453122129660889 0.0782771631163779 0.0807653238992504 0.31268851630686 0.0352461659672404 0.0399007010493822
"NA19239.2.F08" 0.515132360638473 0.0783315191931735 0.0584648689841639 0.232345879555828 0.0719613613443964 0.0437640102839651
"NA19239.2.F09" 0.39580067191886 0.155599337183597 0.0318478810322385 0.281993494920065 0.0913834267540186 0.0433751881912211
"NA19239.2.F10" 0.529694376855105 0.0525262365011189 0.0530407220695268 0.280610482560159 0.054511001893836 0.0296171801202541
"NA19239.2.F11" 0.521293612901148 0.0357270729135466 0.109139169547567 0.23804996341492 0.0791867531536278 0.016603428069191
"NA19239.2.G01" 0.500715740621739 0.0771513929808155 0.0669437045402836 0.228312834508616 0.0795978789922663 0.0472784483562795
"NA19239.2.G02" 0.467864003240422 0.0868729258876687 0.0807529756430761 0.234534339572928 0.0734102156300427 0.0565655400258623
"NA19239.2.G04" 0.485117424462852 0.0954319194475832 0.100185933986613 0.253213584325402 0.0350460927833512 0.0310050449941988
"NA19239.2.G05" 0.579861511612293 0.0366461958186107 0.0475501738844475 0.263533464744761 0.0382127152697219 0.0341959386701664
"NA19239.2.G06" 0.429731509993972 0.106192663180627 0.100272259270736 0.282255769508648 0.0413556020644738 0.040192195981544
"NA19239.2.G07" 0.456388693120875 0.0698536388140792 0.0827589201939789 0.249592468616502 0.100761902225186 0.0406443770293788
"NA19239.2.G09" 0.609085391383855 0.000330428443773448 0.0405617548461282 0.175745578694927 0.132816644037041 0.0414602025942766
"NA19239.2.G10" 0.591587515331625 0.0266891332589524 0.0396009469153741 0.25391537522635 0.0496057098728319 0.0386013193948662
"NA19239.2.G11" 0.603715082791501 0.00747388252441108 0.0368773628021338 0.232879054877664 0.0683452611399513 0.0507093558643392
"NA19239.2.G12" 0.531623473682777 0.0492738303294402 0.0570956990594874 0.25163073840739 0.0675166809479901 0.0428595775729149
"NA19239.2.H01" 0.507853354873328 0.0493189395872042 0.0793820641256452 0.207599359083362 0.120526306517872 0.0353199758125883
"NA19239.2.H04" 0.497547894581732 0.0898844684758486 0.0618781116067855 0.257492646423418 0.0685346139312307 0.0246622649809857
"NA19239.2.H05" 0.26560746458312 0.154378911474723 0.14585518485531 0.277883103954725 0.0716095875433205 0.0846657475888021
"NA19239.2.H06" 0.478255167526523 0.086375836207697 0.0643595074176249 0.252050414811084 0.0662895120652487 0.0526695619718224
"NA19239.2.H08" 0.530968497062529 0.0612714784740642 0.0353488108336722 0.182384208206776 0.132513354594417 0.0575136508285416
"NA19239.2.H09" 0.456117014718939 0.0850990058525182 0.0746918568797832 0.263182018316628 0.0823026400263493 0.0386074642057821
"NA19239.2.H10" 0.564860199759677 0.0402642184366266 0.0654056635893221 0.245948778355734 0.0554928237228918 0.028028316135748
"NA19239.2.H12" 0.623991430833505 0.0151391566171769 0.0270555694429866 0.231872814579832 0.0505906457765303 0.0513503827499694
"NA19239.3.A02" 0.597494692873375 0.0443197978112871 0.000728767935168586 0.0123654629140769 0.344832256532495 0.000259021933597025
"NA19239.3.A03" 0.627014203608829 0.000303440179169219 0.0157501069432518 0.00348076183769172 0.353105331526503 0.000346155904556265
"NA19239.3.A04" 0.656062530206924 0.0514273627596342 0.000250039376160374 0.00390045190260439 0.268638814330427 0.0197208014242494
"NA19239.3.A05" 0.671939624292148 0.00464984115753328 0.000737418922330779 0.00950866111495874 0.312839540365331 0.000324914147698084
"NA19239.3.A06" 0.621736009547277 0.0426527729141025 0.00229565912739133 0.0303870634884067 0.302534625474255 0.000393869448567969
"NA19239.3.A07" 0.644661579433081 0.000383199670475754 0.00729376561645088 0.00460128349268855 0.342884499040893 0.000175672746410764
"NA19239.3.A08" 0.427015985527712 0.118743043074676 0.0527748061854751 0.0302306453228208 0.365795381910248 0.00544013797906808
"NA19239.3.A09" 0.650429198424136 0.000412298250775406 0.000632898281557935 0.000349801155751729 0.348016305730407 0.000159498157371647
"NA19239.3.A10" 0.57805462922088 0.0374194705380148 0.000279357910275451 0.055751710482285 0.308581032114979 0.0199137997335655
"NA19239.3.A12" 0.664871572119404 0.00018245270532992 0.00102343175651877 0.0167544489597583 0.313997656054248 0.00317043840474092
"NA19239.3.B01" 0.575944588287455 0.0272442062530483 0.025045805982585 0.0401900534460541 0.323125855801326 0.00844949022953191
"NA19239.3.B02" 0.580240956918372 0.0733900003802705 0.000414557376077894 0.0145206393398646 0.327995024152217 0.00343882183319807
"NA19239.3.B03" 0.706859605598265 0.000141116450959478 0.000247354978405907 0.000184950877469092 0.292501650349192 6.53217457084732e-05
"NA19239.3.B04" 0.587357777233976 0.0372710936200878 0.000392758345224408 0.0352439073474778 0.32667433169571 0.0130601317575248
"NA19239.3.B05" 0.62985594082196 0.0169330794933122 0.0162698286285552 0.00708134508111103 0.329201576556152 0.000658229418909027
"NA19239.3.B06" 0.633554915903764 0.0301504224407291 0.000641531302464208 0.0357424255718748 0.294593342449353 0.00531736233181507
"NA19239.3.B07" 0.610275281568333 0.0421229326682508 0.00496461445611621 0.0161954584599552 0.313335705887647 0.0131060069596977
"NA19239.3.B10" 0.61996192238496 0.0214488215980283 0.0197219065982121 0.0491463315919968 0.27864421956938 0.0110767982574223
"NA19239.3.B11" 0.612056034077158 0.0405713556470658 0.000184692226767385 0.00480209896235674 0.332590886728006 0.00979493235864625
"NA19239.3.B12" 0.639699739003318 0.024953540881982 0.00019231177027537 0.0327075967273569 0.30190852786121 0.00053828375585772
"NA19239.3.C01" 0.752922393616115 3.51413499316757e-05 7.10412846514532e-05 4.09171704551483e-05 0.246906628784098 2.38777947479867e-05
"NA19239.3.C02" 0.606302631556017 0.0374337745030053 0.0119206700046893 0.0262788014609524 0.317751033088732 0.000313089386604718
"NA19239.3.C03" 0.666428523698637 0.00987475510256346 0.000677064422121792 0.000541955508810534 0.322257079355025 0.000220621912842133
"NA19239.3.C06" 0.578120972653222 0.0623122726019662 0.0425953662694914 0.055533374508043 0.261066047697946 0.000371966269330966
"NA19239.3.C08" 0.640195308690455 0.009379234058856 0.0226424755684169 0.00178733910718191 0.32525114519547 0.000744497379620223
"NA19239.3.C09" 0.646606875170111 0.0147402398157295 0.000554162967548281 0.0120261242499027 0.320728535140181 0.00534406265652747
"NA19239.3.C10" 0.598431329493356 0.0719337901898529 0.000253165071827193 0.0322480863991443 0.2969390227777 0.000194606068119775
"NA19239.3.C11" 0.630186663390016 0.0296110133172889 0.000390751344244865 0.0278085241706031 0.306228347943205 0.00577469983464214
"NA19239.3.C12" 0.643073717552511 0.0350251266673999 0.00460905991307442 0.0226920496995865 0.293905824107592 0.00069422205983655
"NA19239.3.D01" 0.637962825122033 0.0141994710930577 0.0368471897030297 0.00737038671364739 0.303454686384865 0.00016544098336678
"NA19239.3.D02" 0.676238222516892 0.0262410340378929 0.000158918959673308 0.0067022369898827 0.290523630149228 0.000135957346431331
"NA19239.3.D03" 0.650949356945871 0.0243189129585845 0.00203410070864277 0.0174065264544836 0.302927794717947 0.00236330821447093
"NA19239.3.D04" 0.53484716638481 0.0949029478863036 0.000827169249414436 0.0120978311858595 0.357183040476311 0.000141844817301037
"NA19239.3.D05" 0.687207608827531 0.00840579880267068 0.00167535381266104 0.00205231541999012 0.295354025651435 0.00530489748571206
"NA19239.3.D06" 0.670419731212178 0.0220269490063759 0.00123345973834108 0.0393542710913089 0.246470627764533 0.0204949611872632
"NA19239.3.D07" 0.563730452367691 0.0773375740368139 0.034196981363481 0.0356229846418672 0.273849756624052 0.0152622509660952
"NA19239.3.D08" 0.607906887528346 0.0358557760389861 0.00130335962995711 0.045306915706629 0.304662173268815 0.00496488782726727
"NA19239.3.D09" 0.589723805059197 0.0743762344978831 0.0107326978672209 0.0167363107273164 0.296763936341502 0.0116670155068799
"NA19239.3.D10" 0.640183851569723 0.0400064952755413 0.0047645216328555 0.00764353428287087 0.294510768477556 0.0128908287614528
"NA19239.3.D12" 0.639778325070161 0.0439826890591718 0.0002659702689082 0.0348420056374896 0.275065582427212 0.0060654275370577
"NA19239.3.E02" 0.615469735960701 0.0372816222495493 0.0229801249349719 0.0266673889771332 0.297450731485063 0.00015039639258147
"NA19239.3.E05" 0.660623993124311 0.00399287214696995 0.0011407629702166 0.0242623617048141 0.309870388811253 0.000109621242435957
"NA19239.3.E06" 0.624094778143556 0.035477487302948 0.000662604523555533 0.0301285702780076 0.309026993359879 0.000609566392054553
"NA19239.3.E07" 0.683961030182236 0.0087213234136694 0.000377853083170624 0.027631305945276 0.269001750400487 0.0103067369751613
"NA19239.3.E08" 0.661483753989988 0.000194920298084372 0.00509719325971332 0.0209650660628312 0.312128628573866 0.00013043781551645
"NA19239.3.E09" 0.614396787290873 0.0347869688556431 0.0169566547565258 0.0136817333745032 0.310652343631943 0.00952551209051203
"NA19239.3.E10" 0.660106195171808 0.0344243348681486 0.000259499359171683 0.0296992602314647 0.27462143717525 0.000889273194157078
"NA19239.3.E11" 0.652173234636205 0.0482249415878791 0.0067634714648386 0.000360633376025498 0.27080807787498 0.0216696410600716
"NA19239.3.F01" 0.649386173645807 0.00901206412710017 0.0173823688589932 0.00665732228310722 0.31732696402042 0.000235107064572578
"NA19239.3.F02" 0.563139264359627 0.0572979368309265 0.0270890588515374 0.0335834280984531 0.318532660927911 0.000357650931544311
"NA19239.3.F03" 0.670314835486998 0.00515607587341294 0.0189586691560057 0.0237924617533221 0.276702831740719 0.00507512598954221
"NA19239.3.F04" 0.486353148065951 0.129129809065773 0.0378516136809921 0.0482073562809784 0.265862574968553 0.0325954979377521
"NA19239.3.F05" 0.669493182004745 0.000214558134683913 0.0272865795337616 0.000372561820015229 0.300923047708408 0.00171007079838657
"NA19239.3.F06" 0.611947834143916 0.0420914947034593 0.000342380533185945 0.0528092068811286 0.292686150625217 0.000122933113093685
"NA19239.3.F07" 0.658547534019205 0.000320141231259847 0.0179077721543912 0.00378595528560341 0.319282516304191 0.000156081005349472
"NA19239.3.F08" 0.641857321190188 0.0101917178816901 0.0161588332514826 0.0142291724772485 0.311282393269531 0.00628056192985959
"NA19239.3.F09" 0.667124123783495 0.00833090203319507 0.000292787487872193 0.018701540287254 0.301142072142633 0.00440857426555049
"NA19239.3.F10" 0.579568189590642 0.031738655674598 0.0236286991656872 0.0584194221809173 0.302909896417005 0.00373513697115014
"NA19239.3.F11" 0.624168193148893 0.00535752235029674 0.037685196704868 0.0550017017264216 0.277340184364984 0.000447201704536475
"NA19239.3.F12" 0.661019503938867 0.0134160571401441 0.000692976282616359 0.0243540535395856 0.300399129703234 0.000118279395553377
"NA19239.3.G02" 0.639270227434411 0.0107090829941677 0.00023317712653077 0.0364525655799183 0.307472737659338 0.00586220920563468
"NA19239.3.G03" 0.62770250126877 0.0253597340217775 0.00121804032759653 0.028647559165532 0.30717881874808 0.00989334646824423
"NA19239.3.G05" 0.658052119952611 0.00326706259308376 0.0219863880723637 0.02503516474683 0.291486399209578 0.000172865425533253
"NA19239.3.G06" 0.624979563817821 0.0452857889205992 0.00070314410598216 0.0373259127042497 0.283944858065384 0.00776073238596394
"NA19239.3.G07" 0.648949300584088 0.0420392770844936 0.0016018474441731 0.000266018601846173 0.288025531076604 0.0191180252087944
"NA19239.3.G08" 0.662354339462708 0.00433667410660129 0.00271949796647508 0.000278769044321637 0.330221832669272 8.88867506222159e-05
"NA19239.3.G09" 0.677759446810774 0.000170908969283484 0.000308089304943634 0.000149121463237369 0.321533008697113 7.94247546484971e-05
"NA19239.3.G11" 0.666170967289958 0.0126430980832851 0.000455110764844202 0.0136213439161463 0.306999227320052 0.000110252625715199
"NA19239.3.G12" 0.507848634885885 0.0840098385936758 0.000856201634742997 0.0326192419411964 0.374525664059072 0.000140418885427595
"NA19239.3.H01" 0.65291819558763 0.000399197778742311 0.0402937103997727 0.000115902390881525 0.30619609624498 7.68975979935175e-05
"NA19239.3.H03" 0.634049498127453 0.0163232010498269 0.000417949557483321 0.000452184563226462 0.347288164060988 0.00146900264102242
"NA19239.3.H04" 0.650132282127912 0.0258091766679537 0.000855629856510875 0.0129340217014066 0.301117275875567 0.00915161377064953
"NA19239.3.H05" 0.605803469755607 0.0510367853564118 0.00560516074609126 0.0418244291935015 0.29012228998466 0.00560786496372821
"NA19239.3.H06" 0.64607668830297 0.0463919807457226 0.00257799182580711 0.0814286993607471 0.222389505574905 0.00113513418984837
"NA19239.3.H07" 0.646543086050421 0.000103140789650176 0.0176848760102349 0.000158103203722823 0.335423436958932 8.73569870391409e-05
"NA19239.3.H08" 0.606073937777995 0.0190704077224731 0.000993912987087495 0.0222069723456523 0.347019367146532 0.00463540202026025
"NA19239.3.H09" 0.665482412247792 0.000451061241308171 0.000232647241043497 0.0124396953409456 0.321267936931911 0.000126246997000276
"NA19239.3.H11" 0.620810002035049 0.060160177899677 0.00938766253985817 0.0751306245948271 0.234377013791482 0.000134519139106428
"NA19239.3.H12" 0.677291027354412 0.000205345991932747 0.00542669189544549 0.0133613490071736 0.303466468393925 0.000249117357110129
