"1" "2" "3" "4" "5"
"ENSG00000102977" 0.000914641260219746 0.000107095006158902 0.000974616102897544 1.52811528408783e-08 0.00138869966443001
"ENSG00000119640" 0.000146850309747437 0.000787599936102978 0.00231195989354915 0.000595464491895731 0.0043571119771267
"ENSG00000154734" 6.20792869067862e-09 6.32072643258407e-09 7.66578837144494e-09 6.26085949472828e-09 7.75176214767685e-09
"ENSG00000088448" 0.00245143055130239 0.00274136660450499 0.00234910805658776 0.00109780560548195 0.000363577340313042
"ENSG00000169188" 0.00012781538605594 0.00117571388655707 0.00157887747221751 0.000284811353505125 0.000687362208625736
"ENSG00000134884" 0.000649613559071271 0.00540179068596374 0.0049850921118766 0.00208840046482085 0.00296488273879187
"ENSG00000156802" 7.36785472585466e-08 0.00269600647386259 0.00206903279731949 0.000897691251989197 0.00896609599471407
"ENSG00000138376" 0.000146178062100141 0.0010283092853009 0.00260231918513763 0.00132327548031942 4.71868847030614e-07
"ENSG00000166164" 0.00101597391749344 0.000473243061513633 0.00135436665073859 0.000239110776849758 0.000596945967030951
"ENSG00000170270" 0.000833370006957598 0.00045702869050048 7.3897190395186e-08 1.86399929961395e-08 0.000697063126508683
"ENSG00000117616" 0.00103798436984033 0.00167284698060005 0.000294989113564826 0.000915687164797547 0.000449325917280232
"ENSG00000180354" 3.28483183773891e-08 9.67759068103047e-09 3.02757299608241e-08 6.64172718894809e-09 2.10318273332053e-05
"ENSG00000131375" 0.000880214871234418 0.000693644866815061 0.000262488396988014 5.00137641116938e-05 3.87521777733016e-08
"ENSG00000106144" 0.00161509354406152 7.78835672056743e-05 2.91844868797281e-08 1.45511500002775e-08 0.000987192205342224
"ENSG00000105173" 0.000256945685701778 0.000508217241922273 0.000142617809655159 0.000123095015878444 0.000108716167021128
"ENSG00000175305" 0.000102238359685724 1.18700641195331e-08 2.60126961772003e-08 7.94325807789642e-09 0.000757885621412112
"ENSG00000164045" 1.04906177936744e-06 0.000303737867270715 0.000119241074387802 7.42822179941613e-05 0.00101611835637022
"ENSG00000094804" 0.000357892864839872 0.000533515440291606 0.00161376875717144 0.000216351846935103 0.00256548308023653
"ENSG00000144354" 0.000538763571333975 0.00022583483895645 7.99006525865913e-08 0.000117040971415755 0.0019626289930127
"ENSG00000164649" 0.00273404979283156 0.000327469267671878 0.0013247961230834 0.000725427787503728 0.000482913201684108
"ENSG00000166037" 0.00115044668581336 0.00161989511438092 0.00673749542952657 0.00196475440117065 0.00386164208837624
"ENSG00000167670" 5.07481833831308e-08 0.000455159511877952 7.1184561615129e-05 0.000372616632784633 0.00162837339782146
"ENSG00000159259" 3.89338743516317e-07 0.000141703971489681 0.000280776637781088 6.25469250629393e-05 0.000708402228354289
"ENSG00000092853" 0.000333619182170239 0.000367023536041041 0.0015162017084461 6.0947910791459e-05 0.00296454251412931
"ENSG00000137504" 0.00131406958023423 0.00161042683989308 0.00115726188700753 0.000430508047834555 0.00035268650726735
"ENSG00000117984" 0.000500830821570998 0.000334405849551628 0.000532787086562724 0.000312117405650487 2.22264613749261e-07
"ENSG00000083520" 0.00405562519333338 0.00118689326490565 3.52194788957375e-05 0.000741203614973077 1.2000666445005e-05
"ENSG00000102580" 0.000574330475188781 0.00249410453117056 0.00651253623556438 0.000957279900347165 0.000302940669650958
"ENSG00000159147" 0.000449594473875386 1.39126554208932e-08 0.00164829847075173 1.34760468656917e-08 0.000175483917471002
"ENSG00000136982" 1.18541985313128e-08 0.000246584452531508 1.7168576356718e-08 1.39943866663731e-08 0.00104700394364057
"ENSG00000143476" 0.000972615273456124 0.000499974571038863 0.00168907579412333 3.86290928226387e-08 0.0017355069198653
"ENSG00000101412" 0.000203234384819894 3.86278848400892e-07 2.33218437162794e-08 0.000177723147868572 0.000622129990604924
"ENSG00000144895" 0.00267910752652611 0.00404211221184357 0.00649139508961983 0.00125936668212906 0.00117975367661893
"ENSG00000139684" 0.00602627407006411 0.00377476622655065 0.00258108463119691 0.00118440572151514 0.00329375641026495
"ENSG00000154124" 5.8157958210214e-08 0.00148774401481609 0.00228748326011792 3.51830274692053e-08 0.00037435558536746
"ENSG00000187866" 0.000591540853554211 3.040308838933e-08 0.000675751186707317 3.05910064808971e-05 0.000163675371804218
"ENSG00000160688" 4.13312469691268e-08 0.00173622743003608 0.00081830802456738 0.000201364845796198 0.000884319742928525
"ENSG00000131153" 0.00129703882364548 0.000580578111822862 0.00063664473642471 0.00041382544102463 0.00705466131106757
"ENSG00000181938" 3.99143372500654e-08 1.53859106727419e-08 0.000329543782555002 2.41516541408223e-05 0.00054347354574575
"ENSG00000112312" 0.00038475064203069 0.00118225723249029 4.77335590234785e-05 0.000565475752762666 0.00632448572706616
"ENSG00000119969" 6.12995136844388e-05 0.00174589646945598 0.00322460932706667 0.000376821067860151 0.0119981519909549
"ENSG00000182742" 6.71993743062036e-07 0.000668813148654699 0.000170292598859797 0.000335115597915969 0.000341883192483691
"ENSG00000174775" 9.71009396927268e-05 0.000152830856846423 5.1709165276753e-05 1.90436108623919e-08 0.000608945521467037
"ENSG00000025156" 0.000133389995988212 0.000258130284458668 0.000539602290297792 0.000265677516887698 0.000286920733095855
"ENSG00000171105" 0.000638591372000696 0.00224243978888289 0.00109994143213001 0.000669895811226931 1.3936251587259e-05
"ENSG00000164941" 0.000780880164277528 0.000295318017294516 0.00159551980322032 3.50372972775726e-05 3.03516945573984e-08
"ENSG00000116679" 0.00226037967189736 0.00051757766095272 0.00637634389495495 0.000682298230553963 0.00169016937357329
"ENSG00000168116" 0.000547823001577445 0.000689919738289341 0.00147538329475065 0.000460460209191052 0.00081454073485343
"ENSG00000113441" 0.00761986478095187 0.00506054905140528 0.00261588357624027 0.00213143109386126 0.000754228712610419
"ENSG00000108848" 0.00847798453985175 0.00762045183241184 0.00935744714275609 0.00255328992257467 0.00265584090277228
"ENSG00000073111" 0.00254052644076442 0.000560402153029933 0.000939179666102593 7.96816959583717e-05 0.00439046079188107
"ENSG00000104738" 3.12807781752709e-05 0.000597560396204645 1.88504495663676e-05 1.47205838104085e-08 0.00534472326510873
"ENSG00000100297" 0.00192784557922124 0.00215829273119842 0.000871521287836094 1.03025852417132e-06 0.00572314352411576
"ENSG00000076003" 0.00220522639391508 0.000622797191171073 0.000137515279305551 4.12636497227256e-08 0.00484066260501443
"ENSG00000111554" 1.81675759981695e-06 0.000293508457936017 0.000809382171880975 1.52152601856196e-08 8.0316068850953e-08
"ENSG00000108590" 0.00172787653283665 0.00145537441021106 4.11596848002015e-08 0.000992780518694496 0.000479075532896093
"ENSG00000037757" 0.000172256216103445 1.53617833192018e-08 2.1445336472224e-07 6.30176596225228e-05 0.000634415695996407
"ENSG00000095002" 0.000242747834255389 0.00129239872959105 3.38465147970188e-08 0.000932562015585202 0.00111095642002488
"ENSG00000132780" 0.00149045233758707 0.001310122153591 0.00265696785215899 0.00152741839671374 0.00608109247381782
"ENSG00000114857" 0.00195592308514919 0.00269153240029945 0.00880303091405692 0.00434404257958718 0.00156737364810167
"ENSG00000149308" 0.0017397879331422 0.00220231486880497 0.000302749564549682 0.000993592591237113 9.51323166421308e-08
"ENSG00000120253" 2.11213138373504e-07 0.000372835859111915 0.000714317467740429 0.000679796967792378 0.00143642761488103
"ENSG00000085840" 0.000326123844920419 2.41694066514494e-08 0.00027737600588606 8.64325893869519e-08 0.00217972038140074
"ENSG00000079156" 6.20792869067862e-09 6.32072643258407e-09 7.66578837144494e-09 6.26085949472828e-09 7.75176214767685e-09
"ENSG00000125779" 0.00192339604326203 3.45805192356027e-08 8.69040829532489e-08 4.56450593496576e-08 0.00141447915035967
"ENSG00000169851" 6.75447363041974e-05 7.15569497641454e-09 7.78796877166169e-09 7.17254352442392e-09 1.01402391617424e-08
"ENSG00000132646" 0.001520820106175 0.0017170678433291 0.00168475267268529 0.000506961217864973 0.0169414712636148
"ENSG00000182378" 0.000291878702706762 8.98801286746577e-05 0.000337168700684264 0.000513455356789605 0.00038304622578962
"ENSG00000064933" 0.00122285789439373 0.000965402117485324 0.00066283498980732 0.000179768421913346 0.0020680625213703
"ENSG00000100941" 0.00365883992294049 0.00390034835328206 0.00590574411433945 0.000911276226213967 0.00372577934563565
"ENSG00000077514" 0.00152517027478903 9.76899794903278e-05 0.00165954485300943 0.000215221197789175 0.00478133062409614
"ENSG00000112210" 6.20792869067862e-09 6.32072643258407e-09 7.66578837144494e-09 6.26085949472828e-09 7.75176214767685e-09
"ENSG00000160957" 2.96382861710547e-06 4.92739634083325e-05 5.11827598118556e-08 9.153303202752e-05 0.000581579032108962
"ENSG00000175643" 8.06978871833936e-08 0.000340350519121886 5.68384056204064e-05 5.70820016655119e-05 0.00133092660474428
"ENSG00000125352" 1.68866198014166e-05 1.02873527356202e-07 0.0026479373807786 1.81709152460693e-08 2.28214338592172e-08
"ENSG00000185946" 0.00197453661802688 0.000667422947286889 0.00246610186960208 0.000612526953787825 6.74693688129158e-08
"ENSG00000008952" 0.0123575440144767 0.0118191709817341 0.0183283977528717 0.00747052653971201 0.00385840710807546
"ENSG00000145604" 2.16494571992261e-08 0.000492045068319567 0.000673321140833495 0.000293764839205338 0.000544792453853764
"ENSG00000163950" 0.00224468757330568 0.000736611083989269 8.17074954444908e-08 4.42287145126966e-08 0.00276663727321411
"ENSG00000114120" 0.00245790054747821 0.00785943512438072 0.00846179337051181 0.000992686697527907 0.000467618474210836
"ENSG00000115875" 0.00539342217497213 0.00697649022370015 0.000164776959941954 0.00111795605585665 0.010357929706467
"ENSG00000114850" 0.0134721269554047 0.00641222293587438 0.0110345003930211 0.00549015630012107 0.00452448620342641
"ENSG00000172660" 0.000934130776802171 0.000287450796204354 0.000971005997308269 0.000721873081273995 5.31440553434645e-08
"ENSG00000075131" 0.00286245167820876 0.000568774526351994 7.12835080640115e-07 0.000767321119939711 0.000238381088056297
"ENSG00000163781" 0.00276479550729723 0.000783078351504476 8.81144934568663e-08 0.000615429642739145 0.00216273991956722
"ENSG00000164548" 0.00510013631644721 0.00316839910848156 0.00252054980157368 0.00160996827777886 0.00337874872640661
"ENSG00000163728" 0.000203670858746426 0.00210413431468253 0.00158305119156926 0.000341412916543014 1.22673412391465e-05
"ENSG00000012963" 0.00187757553434463 0.00021769588808007 0.00243578865353 0.000642335504786888 0.00385023852431554
"ENSG00000076248" 3.72339443558178e-08 0.000808760301910309 4.43016014885156e-05 7.30394457405181e-05 0.00182476584879697
"ENSG00000145390" 2.84115058445458e-05 4.72666458992487e-06 8.79238035687475e-09 3.47882944574082e-05 2.26983969110382e-08
"ENSG00000163159" 0.00066134659479098 0.00102954258264969 4.3787911562406e-06 0.000568019886726741 0.000556360159902537
"ENSG00000092470" 0.000103793760227887 4.77878785472521e-05 0.000144543051737329 2.27949735935901e-07 0.000803958025008045
"ENSG00000165724" 2.84741855881204e-08 0.000388693118092671 0.000121903897847781 1.89531160247063e-05 0.000346471498110858
"ENSG00000165244" 3.11662346758736e-08 3.60112054521282e-08 0.000218271450412686 0.000382412413758388 0.000655186474542733
"ENSG00000132485" 0.0134059292388945 0.00654931064995558 5.07901042642422e-06 0.00357083353667623 0.00445316077726951
"ENSG00000114770" 0.000101307345300068 6.98783043328137e-09 1.02178508504729e-08 1.03024762791278e-08 1.46563734162644e-08
"ENSG00000144827" 1.02511547699535e-05 0.000535296379184421 0.00246462193300506 0.000599995918805786 0.000713181853235874
"ENSG00000180071" 6.75270967710079e-05 2.32983065129538e-08 8.37159679431567e-09 7.23306202870378e-09 1.17040399165772e-08
"ENSG00000105011" 3.58267387919124e-08 0.000281213125974978 0.000881347813577208 0.00104461269058137 0.00269954252174496
"ENSG00000125124" 2.19451705953405e-07 1.08348234649443e-08 0.000251935691766703 0.000117586299914774 1.4093161950599e-08
"ENSG00000134897" 0.000493237941376044 0.000475616323480871 0.000239659031803581 1.81253725560361e-05 0.00199395877261518
"ENSG00000197299" 0.000253984863555611 0.000267491732663482 0.000443187835927189 0.00125861983974398 0.00017370636670506
"ENSG00000168283" 0.000456922167418682 0.000327437092465986 0.000699697602904425 0.000389694866650472 0.000220459322579007
"ENSG00000012048" 0.000748497111151437 0.00017536199094241 0.00165132362214403 0.00111642021681351 0.00294596237289886
"ENSG00000136492" 0.000104843173689529 1.19958898537552e-08 0.00162197766004832 1.29022143371846e-08 4.57869616311626e-08
"ENSG00000165490" 4.52020466208564e-05 4.38120298974015e-05 0.000349302535751985 0.000442969137515158 2.60638421632759e-07
"ENSG00000197603" 0.000449084838250455 0.000702663371319762 0.000159803930356206 4.88661887026113e-05 3.8208170400585e-08
"ENSG00000122786" 6.7753570421073e-09 0.000169037966705647 9.33515552458366e-09 1.3425641049559e-08 0.00031981527782741
"ENSG00000143933" 0.00438843258724448 0.00426565523759574 0.00126370849230624 0.00440975742787727 0.00327745748455978
"ENSG00000175455" 0.0018924135746291 7.68790280235945e-05 0.00196887279864528 0.000867785099970596 0.000634095119645857
"ENSG00000144395" 5.14755956403972e-08 0.000291628610594127 9.05753631818073e-07 0.000230937886165977 0.000936832368097327
"ENSG00000186166" 0.000983516757496691 0.00107619333696825 5.39115226129245e-08 0.000108457591386865 0.000375042143496117
"ENSG00000093009" 0.000350625919007594 1.35306892803779e-08 8.67559969875767e-06 2.10965068013224e-08 0.00119801484644229
"ENSG00000097046" 0.0015130048076816 2.17073662231301e-08 0.00171957531130724 2.96183322750536e-08 0.000567718499181469
"ENSG00000146670" 3.73106762973145e-05 7.06183530221733e-08 0.00216022637572728 0.000445237712201822 0.00202497926272833
"ENSG00000168564" 1.72301121269515e-05 0.000701644597706148 0.00133963837713312 1.39719654262521e-07 0.000166854871369162
"ENSG00000100162" 0.000724149872643045 0.00201238644118575 0.000705461839154643 0.000787518029646809 0.00394258645585896
"ENSG00000031691" 4.66631838458117e-05 0.000186110906131584 0.00152609399309346 5.79804884310296e-05 0.00138775469691554
"ENSG00000172292" 0.00203285103044245 0.00209812038925711 0.00513258909660391 0.000909607272674599 9.35626063341844e-08
"ENSG00000203668" 1.79086297966977e-08 0.000154204577755476 0.000366154645764799 2.19570367827262e-08 0.000726783361273759
"ENSG00000088682" 2.48761459139346e-08 0.000457376557257583 0.00117252957710874 0.000149642101397604 0.000218772023253728
"ENSG00000139117" 0.000337857813796844 0.0016280498708274 0.00436959056264538 0.000417683369327205 0.000215211098744835
"ENSG00000088766" 0.00112257309586717 0.00197787892575873 0.00247699076054807 0.00106737285632157 7.98838645595293e-08
"ENSG00000163257" 8.73364940802841e-05 0.000103844927233643 0.000711840473655443 0.000309011910492921 0.00015822621729224
"ENSG00000121690" 1.17266470646139e-08 1.74464431233778e-08 0.000241653540648159 2.40125120592591e-05 1.0654579509407e-08
"ENSG00000138346" 1.43488323204383e-08 0.00021372130445443 4.6458453923935e-05 0.000445964284360727 0.000720130171170758
"ENSG00000162616" 0.000178190111727525 0.000155350016701155 0.000758851577491222 0.000728260413819307 0.000574653263746431
"ENSG00000135720" 0.000471034934831097 0.00154121838873428 0.00145390376991068 0.000574327862927275 1.44133068238904e-07
"ENSG00000129173" 6.81831089334152e-05 0.000103698454309148 1.106818287188e-07 5.88839629799258e-05 0.000790029687604453
"ENSG00000148730" 0.00388070954829297 0.00145042465800224 1.87541909434335e-07 0.000225541839816808 0.00237330864899657
"ENSG00000132199" 0.00244777354998427 0.00193044851681853 0.00136629790880172 0.000460892186019806 0.00169022064974132
"ENSG00000171320" 6.13602705534311e-05 3.70932684664476e-07 0.00115149955484639 2.43149716762054e-08 0.00158388229651923
"ENSG00000174371" 8.13618766983247e-09 0.000610247734023851 1.75411572535486e-08 2.70440323662537e-08 0.00100160513398419
"ENSG00000106462" 1.67276138779405e-05 0.00163064593485782 0.00176053900617481 0.00187514390581914 0.0014889742361949
"ENSG00000119906" 0.000231761301641795 0.00110351487476872 0.00144012343374695 0.000449251722297555 0.000667162099359534
"ENSG00000187741" 1.13515549128365e-08 0.000300730625165957 0.000587622419971751 2.25855699680751e-05 1.60698294289162e-08
"ENSG00000140525" 0.00107897966695171 4.88577721494394e-08 6.01260509900906e-05 0.000163448246882 0.00460951383743684
"ENSG00000168496" 0.000808651346793891 0.000676258202884932 3.45505139269254e-08 0.000229061671884902 0.00437139352603242
"ENSG00000023909" 2.64684582046104e-07 1.05007822102881e-07 0.000516487118225084 0.000548474073233254 5.04480202178037e-08
"ENSG00000175265" 0.00137354976129208 0.00313258634271964 0.00365296087216544 0.00251331408075047 0.00132137878690122
"ENSG00000215252" 0.000703970367046351 0.00122022198637378 0.00113769258133602 6.68766376529237e-07 0.00060585444174967
"ENSG00000189060" 2.45523734912383e-08 5.98582951184089e-05 0.000135897926934919 9.9006888162771e-09 1.12823950065566e-08
"ENSG00000180573" 4.20619370018351e-08 0.000255345973336151 0.00205545784463704 0.000149041273932186 0.000375657119601686
"ENSG00000124529" 0.000658479811486287 3.03843112952514e-08 1.02217946519146e-07 0.000233534526465417 0.0028313727468367
"ENSG00000143493" 5.79770247475716e-05 0.00108731335986138 0.00141748766193256 0.00019785629263793 0.000753233717487142
"ENSG00000108773" 0.000548972349680222 8.53968066498121e-05 0.000250880565647127 0.000309002900886453 0.00013380742338628
"ENSG00000114166" 3.08810434219905e-08 0.000362894513977369 0.0013650230228403 0.000109411349552078 3.31317874632612e-08
"ENSG00000134901" 0.000281040193589674 8.15702832105599e-05 8.74539667470796e-07 0.000116565769532493 0.00026833783610179
"ENSG00000187164" 6.20792869067862e-09 6.32072643258407e-09 7.66578837144494e-09 6.26085949472828e-09 7.75176214767685e-09
"ENSG00000143013" 0.00543607248972558 0.00148917081413555 0.00707857316624438 0.00128038733716879 0.00100736587264046
"ENSG00000186687" 0.000957533486180762 0.00109884306408166 0.000121909901726927 0.000613288642278899 0.0011284602810309
"ENSG00000198162" 0.00222367133083919 0.00182090895857941 0.00248860766378973 0.000452140645275392 1.04323027384624e-05
"ENSG00000169967" 0.00344444677812079 0.00105548255144067 0.00323284115684431 1.1831389136616e-07 0.000876483488253062
"ENSG00000120539" 0.000546643739906692 0.00041925412154937 0.00088008168373474 0.00046026516284564 1.40313184961939e-07
"ENSG00000129071" 0.0010165455243121 0.00132820535336272 0.00408177193021332 0.00152896550788735 0.00113861242036668
"ENSG00000125885" 1.10641804888909e-08 0.00120995409763768 0.0010690449825428 3.58709124118456e-08 0.00156767321494137
"ENSG00000151725" 3.45248637853797e-07 0.000312634975395971 0.00313595259150437 2.76122046833107e-08 0.00123128169881157
"ENSG00000005810" 0.00730213046007607 0.0116189512839906 0.00341040764983014 0.00117321627970635 0.00118664066674867
"ENSG00000138386" 0.000226334165269997 0.0016959644931891 0.0002070680064803 1.77621613738345e-08 0.000569702896504216
"ENSG00000078618" 0.00404831130850631 0.0050223926460635 0.00497320745092698 0.00147399753391766 0.00225723844078204
"ENSG00000178694" 8.24102208994442e-08 0.000181020005715857 5.7459577508546e-08 7.55988159283599e-05 0.00113912365673652
"ENSG00000178425" 0.00751521989542521 0.000543305845224386 0.00130349150672165 0.00180343639424649 0.00124226020507233
"ENSG00000030066" 0.00179267173738638 1.4228635657765e-08 1.31544877693749e-07 1.76710799231273e-08 0.000122876673749633
"ENSG00000147162" 0.00647692784674927 0.00172308486851909 0.00287806104089018 0.00161748140312254 0.00114256601541053
"ENSG00000135336" 0.000267601914426603 0.00091874058051326 0.00216250062002007 0.000258349762543849 0.00132479947278451
"ENSG00000164823" 0.000775574433912809 0.00124147023970685 0.000662025994707174 0.000489046613063044 0.000767321199083272
"ENSG00000146247" 0.00624417636172466 0.00524271179581016 0.0077714869149755 0.00184214457730448 0.0037820704578844
"ENSG00000116793" 0.00121232405170313 3.89607782732898e-06 4.69652849037361e-08 0.000128787185582015 0.000978627930499867
"ENSG00000006576" 0.00384490279780379 0.00108390762395568 0.000523821281799557 0.00152773892249208 0.0015269434906303
"ENSG00000127564" 9.56150112837953e-06 1.13802279071808e-08 8.59742675136984e-09 6.95013622743033e-09 0.000325424866004561
"ENSG00000101868" 6.35585578397908e-08 0.000812749325470443 6.77621312233951e-05 0.00110015189022881 0.00189492930967634
"ENSG00000198056" 8.88334251329967e-07 0.000328040644096999 2.96766852348186e-05 0.000257350696855714 0.00184140549153958
"ENSG00000188647" 0.000641594485117273 0.000486001186461019 0.00155522427309703 1.12206046359189e-08 0.000424825462231586
"ENSG00000070950" 4.76908863184798e-07 0.000405147998430685 0.00108292210062683 0.000286117243396036 0.00212261542769643
"ENSG00000051180" 3.46509689664379e-08 6.13838291365909e-05 0.00182871281484568 8.58023766529372e-05 0.000731365174732226
"ENSG00000111247" 0.00049088362803833 0.000921472966307678 0.00372140419357847 0.00228179289550139 0.00507861065692219
"ENSG00000101773" 0.000871152794400202 0.00138773428888131 0.000843120683515744 1.92267682889785e-07 0.00390586018965429
"ENSG00000068615" 6.20792869067862e-09 6.32072643258407e-09 7.66578837144494e-09 6.26085949472828e-09 7.75176214767685e-09
"ENSG00000049541" 7.91634502975663e-05 0.00158920302322067 0.00131083637707874 0.000203949214193615 0.00369055359127258
"ENSG00000164292" 0.000689364565183345 0.000159440978923857 1.37317158450518e-05 5.52136358209226e-05 3.0338041378085e-08
"ENSG00000178966" 0.000956498434567619 0.000202183798555779 3.00080856425689e-08 0.000118168078620822 0.000688532071968174
"ENSG00000117748" 0.00423871807669235 0.00170359556099553 3.36892284601631e-06 0.00116688487545167 0.00814300491250898
"ENSG00000167325" 0.00210174979723985 0.00274298900426584 0.00606861584590572 0.00168346112500097 0.00862540762108498
"ENSG00000171848" 0.000425159061051394 0.00348642294044871 0.00135349975714413 0.010580040524022 0.0237803812382771
"ENSG00000111011" 0.00349801250318018 0.00544614887047286 0.0086502499677271 0.00299608682494379 0.00116533386363579
"ENSG00000161526" 0.00228090854041783 0.000938318816860897 0.00160399323570351 0.00120305574419731 0.000775329380144273
"ENSG00000134294" 0.00441379373959939 0.00203343873753862 0.00930325787816065 0.00216371030720931 0.00160447317489857
"ENSG00000185591" 0.00039344441475834 0.00144348457775756 0.00285623404320842 0.000344222320181232 0.000264482914640038
"ENSG00000100650" 0.0123991022830427 0.00722801571520777 0.00232214257678607 0.00358505110599758 0.00329749059918005
"ENSG00000198168" 7.0558364814139e-05 0.00571498852240398 0.0011363294521905 0.000598964957748081 0.00982001530594292
"ENSG00000131747" 0.00361177852775494 0.00146799805393 0.000491770335992711 0.0259293703440795 0.0100473534709798
"ENSG00000115282" 0.000374356105985384 9.33842202815445e-08 0.000206035772918773 0.000279295852923584 0.000116898037321692
"ENSG00000137941" 0.000240161378317161 8.98790042702619e-09 4.16229507331816e-07 2.99330920947916e-05 1.59679689549609e-08
"ENSG00000176890" 0.00173988898945702 0.00181955974200192 0.00594288983447395 0.00246817201526639 0.0056754783452439
"ENSG00000077152" 0.000470403722131422 0.000571866089486023 0.0027129338540692 0.00225170880694065 0.00865628115943487
"ENSG00000122042" 0.000944317862026745 0.00172387251334776 0.000140918600259265 7.96347804567727e-07 5.36247175295046e-08
"ENSG00000162607" 0.00145233942843717 0.00052804075239188 0.00170085906155409 0.00135882823469927 0.00529044371552782
"ENSG00000122952" 0.000942143863255986 0.00054611863347551 0.00252621467941216 0.00395442114000609 0.00624268927714481
"ENSG00000011426" 2.74454522594057e-08 3.42948253783157e-08 0.000995232066041975 0.000971858097323214 0.000425880395734078
"ENSG00000065000" 0.000191037510191061 0.00428350274032264 0.00258789767648931 0.000577570803660342 0.00129686003977274
"ENSG00000213390" 0.00116164183127737 2.15448639968405e-08 7.13944905117375e-06 0.00165902282928193 0.000747306484332797
"ENSG00000122644" 2.33380845122791e-08 9.77453425882462e-05 0.000232822693098711 0.000189408711285217 5.61980976197285e-07
"ENSG00000104442" 0.000638974838228834 0.000747880325619902 0.00165186647294583 0.00029486386300499 0.00021342428886912
"ENSG00000171456" 0.00262139438771404 0.00159043842970506 0.000999465640999442 0.00149113379162996 0.00195568526227492
"ENSG00000119787" 0.000557300263833925 0.000218088432438736 0.00108512085941519 0.000325378838394963 0.000867925517326962
"ENSG00000178999" 0.000401844312062002 0.000397046585877351 0.00168689628981799 0.00369448694581844 0.00479175021554652
"ENSG00000029363" 0.00615090643061015 0.00491973659402351 0.00152480222022693 0.00307918985914338 0.00220611004625886
"ENSG00000136122" 3.88790582776055e-08 0.000671330141176589 0.000453279852898938 0.00179167797478318 4.91514597392873e-08
"ENSG00000112983" 0.00026309847723795 0.00032064557757044 2.92707164804487e-08 0.00157186977408588 0.00159118851971056
"ENSG00000154473" 0.00901176753420079 0.00923971158016807 0.00648726627176326 0.0131388385469416 0.00748966636555878
"ENSG00000185347" 1.11883939262667e-08 3.32344850536495e-05 1.70236687558768e-05 0.00016329479168539 9.83124919477787e-05
"ENSG00000178074" 0.000565366886490764 0.000280230617096756 1.36480139691967e-07 0.00116079779167406 0.000949860318724707
"ENSG00000164305" 0.00500768619194238 0.00036515186339045 0.00256665490506652 0.0013788931511118 2.75214502935866e-06
"ENSG00000094916" 0.00164093644792845 0.00157570161800599 0.00379107447723127 0.00405690530120504 0.00693954053775447
"ENSG00000159884" 1.42161263387677e-08 3.44951805602156e-05 3.27233520152243e-08 7.96390140819135e-09 2.09274194056631e-05
"ENSG00000145386" 8.21054677743051e-08 9.85469629432657e-08 0.00148191224533269 0.00344748128601058 0.0025613440507297
"ENSG00000162063" 1.70445392602413e-08 0.000337388446247921 0.000172527650938994 0.00183090851004372 0.000644952119862871
"ENSG00000130177" 0.000958372931629517 0.000850706428965184 0.0024577226952715 0.00101984084820275 1.19399625107677e-07
"ENSG00000158402" 1.3149269699432e-08 0.000109110581000153 0.00108551950020074 0.00137244110423471 3.96544789212736e-08
"ENSG00000184661" 0.000460536140206931 1.58004563172042e-07 0.000771084805309261 0.00240487452324568 0.0017820876838435
"ENSG00000111665" 0.000336812478786079 1.82849763526913e-07 0.00239837379973195 0.00357634558834003 0.00147617480844168
"ENSG00000134690" 0.000239716638146224 0.000527993966151434 0.00106344108127194 0.00610289864188259 0.00168089954611528
"ENSG00000170312" 0.000840180549990263 0.0013529304676169 0.00131924296605082 0.0113462988034331 0.00702142639967105
"ENSG00000111276" 0.00103389227257261 1.73635213755023e-07 0.0042353448884114 0.00113720554228896 0.000355471146497424
"ENSG00000123080" 0.000389147806065822 0.00133008028557623 0.000176714973711452 0.000693243283337635 0.000514630796067733
"ENSG00000140743" 0.000411788626872423 0.000713051981563455 0.000404909365794836 0.000570686223494513 0.000658038241695389
"ENSG00000120334" 6.00312697896225e-05 3.06154785452738e-08 0.00147827060330303 0.000945868309559352 1.05671070656589e-07
"ENSG00000135837" 0.00518107078732473 0.00547904144413935 1.50472361957729e-06 0.002240525777748 0.0014514382991077
"ENSG00000197766" 1.27198273781236e-08 1.06890224558215e-08 8.66724159955585e-09 3.40362214690949e-05 2.92986834625708e-08
"ENSG00000003402" 0.00495086666422973 0.0192063957582809 0.0018283411599467 0.000525388322230013 0.000107886336041554
"ENSG00000183765" 0.00079623381857326 0.000213206656286998 1.101139630873e-05 0.000766524922072938 0.000314296478087974
"ENSG00000136108" 0.00134442997875806 0.00141500580754665 0.00339684320366481 0.00484404116762788 0.00201818119725519
"ENSG00000169607" 0.000235240603273587 7.98094221645537e-06 0.000501683445937887 0.00293623272793482 0.000782787863616048
"ENSG00000105443" 0.000145328098938166 0.00113701731417125 3.81125110123145e-08 0.000378969028379722 1.00389480507706e-07
"ENSG00000136485" 0.00114377755108154 0.00350037673341061 0.00406781395095023 0.00273253950226497 0.00240609843579255
"ENSG00000067596" 0.000549999494876322 0.00158636126596012 0.000170911441626212 0.000218185451945757 0.000762204021368754
"ENSG00000132002" 0.000761926570481111 0.00048862366170089 5.1504019882879e-08 0.000938670919449878 0.000934800679695735
"ENSG00000187097" 3.31707318832941e-08 0.000220349827773787 0.000201542642945292 0.000315955860249177 6.24927579568753e-05
"ENSG00000135476" 1.53788671317162e-08 0.000776059491296141 2.15979688376852e-08 0.000533976832352413 0.0010648711245855
"ENSG00000168040" 0.000402117338544487 0.000901154255154757 0.000878921652332381 0.000709653510027369 0.00105312480472101
"ENSG00000101447" 0.000157835261539716 0.000334646305233056 1.16881100866212e-08 0.000241614657795081 2.41654828689948e-08
"ENSG00000198690" 6.75123258694886e-09 0.000189116423680781 1.08153864380986e-08 7.2538695656351e-09 1.00565024525005e-08
"ENSG00000144554" 0.000256710967253176 0.000559236848893524 0.00152679262254049 0.000803098223438689 0.0026121399240325
"ENSG00000092140" 0.00147708422460234 5.96087657073418e-05 0.000780042143504656 0.00200343017638001 7.81645028471982e-08
"ENSG00000104064" 0.000550239095508779 0.00030009887813302 0.00106023257198633 0.000904433070910332 4.82368831773705e-08
"ENSG00000180447" 6.20792869067862e-09 6.32072643258407e-09 7.66578837144494e-09 6.26085949472828e-09 7.75176214767685e-09
"ENSG00000139354" 0.000216085684802504 2.43722370564331e-05 1.31404132449946e-08 0.000707954900421712 2.56043341639366e-05
"ENSG00000188486" 8.54901227358268e-08 0.000507084128238978 0.000514686931020205 0.00157216376513748 0.00032677519188661
"ENSG00000131351" 0.000252302191278181 0.000306367688427405 0.000223984403641588 0.00183719303916132 0.00125697158038661
"ENSG00000111911" 0.000938076035084642 0.000690664446876041 0.00125290533489017 0.000105315269668654 2.70628567916702e-08
"ENSG00000064393" 0.0100599537321594 0.00587193584244645 2.78480255767136e-06 0.00141900801920349 0.00420065200672582
"ENSG00000123485" 7.62008727344195e-08 0.000738074206443113 2.01079024481737e-06 0.00442392271500189 0.00238661286377689
"ENSG00000164104" 0.00410689322987354 0.00409084950830638 0.0166652785334252 0.0357784369840105 0.0218990014423513
"ENSG00000189159" 0.00265948376719304 0.000749626746971418 3.41060695264363e-05 0.00473269202269854 0.00196832146217205
"ENSG00000127483" 0.00510002873145407 0.00110782743333596 0.00667405932810583 0.00452998556322181 0.000936967659768543
"ENSG00000132541" 0.00342103093190286 0.00188687480360697 0.0020037318795658 0.000796613498780333 0.00132357739048207
"ENSG00000142166" 0.00187209487039105 0.000875950171199 0.000143278543613682 0.000704900345395876 0.00136878292917419
"ENSG00000183856" 2.3875868887213e-08 1.08830787063861e-08 0.000393027546727208 0.0004504490392672 0.00033101775284277
"ENSG00000186625" 0.00103061762804702 0.000714831620295923 0.00143728157439641 0.0011146091572453 1.10531031042262e-07
"ENSG00000104756" 8.78299791679088e-07 0.000668974816219313 0.00040376293800075 0.000380193646561638 0.000323628337418596
"ENSG00000066135" 4.32772418967462e-08 0.00082649299911725 0.00227782254949588 0.000388335835323076 0.0001239627516224
"ENSG00000163507" 6.49467039533875e-08 0.000225539079140062 0.000646319429400205 0.000739776524131859 0.00144307534995817
"ENSG00000138160" 1.13454279466077e-06 0.000894399920161903 0.000223432321679338 0.00291565378689017 0.00120150294981285
"ENSG00000138182" 0.000446536383426922 0.0030003916456467 0.00492617295766792 0.00778956600223613 0.00500482698528554
"ENSG00000079616" 4.84526098458234e-08 0.00123895025923065 0.000803395287742846 0.00312491962768979 0.00328721757305636
"ENSG00000137807" 0.00056499075556746 4.17844229181135e-08 0.00095399198410025 0.00239827368710026 0.00183345470756489
"ENSG00000170759" 0.00148193772497706 0.00345357428702725 0.00402915582442831 0.00227848701061327 0.00236840648263123
"ENSG00000067082" 0.00936270976997493 0.00806875546778548 0.0141554141466887 0.00579255615672541 0.00327165288449443
"ENSG00000182481" 0.00255195436398104 0.000414365818502087 5.29155851224199e-07 0.0113608420045754 0.00256426431552496
"ENSG00000143815" 0.00188124611368693 0.00145669355010189 0.00301771138911281 0.00351432786069672 0.00109149430607851
"ENSG00000152022" 8.82705879262728e-08 0.00184820483430246 3.04510445447711e-08 0.00055746494236025 0.000732876877375345
"ENSG00000113368" 0.00151714913568551 0.0015665733576258 0.0006464875986747 0.00406152744914302 0.00521908819433255
"ENSG00000164109" 0.00248671864418745 4.42101855811454e-07 0.00241028897319295 0.00542771296919908 0.00865293823420238
"ENSG00000165304" 2.69320593770052e-08 0.000272907876712415 0.000789959366846222 0.000968168212644658 0.00207449393208595
"ENSG00000168282" 0.00132782261747548 0.00164029926720741 0.00136196095321522 0.00085299213729792 0.000116996901292702
"ENSG00000101871" 6.20792869067862e-09 6.32072643258407e-09 7.66578837144494e-09 6.26085949472828e-09 7.75176214767685e-09
"ENSG00000129534" 0.0016383857388201 0.00307144124216563 0.00834481902463955 0.00332046984931337 0.00343947249215593
"ENSG00000121211" 3.2470069172909e-05 0.000608550524159958 0.0019233898441513 0.000986613544252278 0.0028570357052078
"ENSG00000151503" 7.88576026320784e-07 2.25668079209126e-08 0.00148179800504111 0.000315461245934529 0.00110406801820413
"ENSG00000121152" 0.00105486257344523 3.72377593943758e-06 0.00202311314421412 0.00242391573344918 0.0031195079216573
"ENSG00000124160" 0.000442003541958778 0.000444404429511963 0.000178488307185119 0.000143040605557497 0.000970253431661132
"ENSG00000080986" 8.86045916679503e-05 1.78565313132402e-07 0.00258468389567147 0.00426642105921619 0.00162887220941479
"ENSG00000109674" 0.000450765894526547 8.45618744936302e-09 6.10073869059924e-06 0.000292583598644411 5.97220954771968e-05
"ENSG00000141905" 0.00126557097007489 0.00155112999643298 6.49645391162627e-08 0.000185368970699792 0.00139036795510491
"ENSG00000164190" 0.00201538214217432 0.00336496824584073 0.00538410242655226 0.00131634610718503 0.000936283265656562
"ENSG00000197696" 7.29763700801363e-09 1.71954091055214e-05 8.00042729234492e-09 7.85465449340758e-09 8.11116229105045e-09
"ENSG00000113580" 0.0115358472411707 0.00943112405681134 0.010471040128507 0.00277929498641469 0.00124125608651647
"ENSG00000069275" 0.00392990273889047 0.00748608766818811 0.0070580748699806 0.00483408349874708 0.00795882816976608
"ENSG00000137497" 0.00143151469165385 0.000940088316465306 3.88323134087955e-08 5.80206119553671e-05 0.000677559089901472
"ENSG00000137804" 2.07115888553569e-06 0.00316781735947344 0.00265093764249947 0.0199088482446797 0.0146625151654793
"ENSG00000140451" 2.80082700349594e-08 0.000483012847267475 0.000133485867477013 0.00130278024773775 5.19563856667345e-08
"ENSG00000160199" 0.000300605007986879 4.48324858206396e-06 1.09037141055938e-05 0.000188743334220768 0.000470873135199427
"ENSG00000051341" 6.50995657029588e-06 0.000586089919105681 0.000737422665812244 0.000908874398563945 0.00237813986775295
"ENSG00000184203" 0.00276302329047641 0.00276377152852101 0.0017114924810435 0.000652243570115753 4.86973460302165e-06
"ENSG00000108671" 0.00216716274295534 0.00462709169948141 0.00570244270962709 0.00190684146277792 0.00402852019914956
"ENSG00000134222" 1.1789625563911e-08 1.7571096523054e-07 0.000350247343302956 0.000888708433235596 1.46641774636276e-07
"ENSG00000100401" 2.70801327593895e-07 0.000616480431000368 3.64401662188179e-07 0.00119782302614881 0.000796427030435628
"ENSG00000166965" 1.65658775121011e-08 1.9167597116436e-05 1.89079953285835e-08 0.000437546221907788 0.000299228860296132
"ENSG00000072042" 0.00717654249636254 0.00371213710218703 2.45003922431174e-07 0.000734719264761084 0.00187482100425666
"ENSG00000110315" 0.000988287391706099 0.00178910250519902 5.06334609863818e-06 0.000406917700262641 0.00040634483140405
"ENSG00000164105" 4.61532600544615e-07 4.05271836807967e-07 0.00112467515763207 0.00140318138740426 0.000772024032853524
"ENSG00000165480" 4.70501219647959e-08 0.000313037199133416 0.00200623837415312 0.000139510097462635 0.00152613409799148
"ENSG00000113810" 0.000874693452063017 0.0010028026359024 0.00602643112269905 0.00716281688259847 0.00474906564097134
"ENSG00000115415" 0.00834682348299936 0.0137619449699234 0.0112580458889771 0.00364882859191299 0.00455478767099118
"ENSG00000123473" 1.0784968452547e-07 0.000371514408476569 0.00073087049004812 0.0010339545762384 0.00119379318089473
"ENSG00000081320" 0.00356323816036021 0.00319932628245039 0.00186855431472896 0.00146683316326044 0.000825254339832298
"ENSG00000172340" 0.0026122262258216 0.000271329311447349 8.9233990187291e-07 0.000145549665688405 0.00109490093846095
"ENSG00000137203" 0.000334397130657507 1.25728862689528e-08 2.88586148552582e-08 7.14272890080477e-05 3.53995655886425e-08
"ENSG00000102265" 0.00331121353532588 0.0172615635992187 0.00223141757904798 0.00200343518409099 0.000805817324255145
"ENSG00000167920" 0.00065574913913287 0.00117215118908312 4.03840536989106e-07 0.000401643784888262 0.000240027315655696
"ENSG00000120802" 0.00117848308060219 0.00315325754313908 0.00206416320354946 0.00571207279510826 0.00603829776687418
"ENSG00000105576" 0.00115091640539875 0.00080774350635244 0.00121505303022962 0.00176715366031632 0.000396735810486285
"ENSG00000183763" 0.000707083773687015 2.89495810516565e-08 7.69878624637251e-08 0.000482496956867339 0.000712423023037797
"ENSG00000213186" 0.000431541575787289 9.58226746666474e-09 0.001286716868621 0.000185926376748155 0.000396738401547635
"ENSG00000099899" 0.00105824735215055 0.000108985277289201 0.000308957244209254 1.99447052196834e-05 4.96899213022294e-08
"ENSG00000116830" 2.4350042495703e-07 0.00364260499752566 0.000570877766696419 0.0010164492046463 0.00310047099183263
"ENSG00000167552" 0.00091891204865065 0.00147601719798271 0.00117199834772886 0.00374093900025136 0.00296972778127805
"ENSG00000196230" 0.00604435859793623 0.0135162065018927 0.0117772066773215 0.0213502362112972 0.0339532844459396
"ENSG00000137267" 1.72229015702388e-08 0.000512543185540744 0.00015698831796991 7.93165343235879e-05 4.0496704100602e-08
"ENSG00000188229" 0.000439110949877671 0.00353941779952444 0.000755183894376966 0.0041487082880522 0.00458148914184158
"ENSG00000108423" 0.000741991053326786 0.00047146307821912 0.000489037516491017 0.000302950472601031 8.28699421527774e-06
"ENSG00000137831" 1.45349331493056e-05 0.000459696967481199 9.37258351162804e-09 1.8500544200813e-07 8.25078601321265e-06
"ENSG00000175063" 0.000267457560004169 0.000123403253156267 0.00254634148216301 0.0114266850592832 0.00292807447605201
"ENSG00000131475" 0.00190240476049906 0.00180658663275012 0.0030876081681569 0.00148454024073278 4.5435580989969e-08
"ENSG00000009844" 0.00207686650744452 0.00190646430007975 0.00722649139816242 0.00104857433692192 0.00122213169054874
"ENSG00000109046" 0.0111669560629845 0.0153781961401219 0.00843894461956404 0.00600873541203868 0.000371588901389381
"ENSG00000198466" 7.84516977109315e-05 0.000882596763558079 4.31217689808259e-08 0.000101690160495721 9.65054160279397e-07
"ENSG00000174276" 0.000160056243690845 6.77985165172065e-05 3.22605641340394e-08 3.34088240059011e-08 0.000222991244964944
"ENSG00000135541" 0.00137022295368177 0.00155148392768201 0.00147057868374738 0.00142985829188151 0.000466398043917746
"ENSG00000135334" 0.00146355408863477 0.0013498667831155 0.00154126233958791 0.000814040874068842 1.93430640426396e-06
"ENSG00000154945" 0.00142334030404854 9.54922380059816e-09 0.00178704351291117 1.46805852385274e-08 3.09651055011368e-08
"ENSG00000136938" 0.00965349129237967 0.00603500593624332 0.0046536978804667 0.00608732710771647 0.00593805153924909
"ENSG00000143401" 0.00374510108200281 0.00400100475660361 0.00595706817701266 0.00651447372424851 0.00264090518202461
"ENSG00000170540" 0.00279194171234412 0.00353643322614036 0.00234813452656269 0.00586398393935642 4.25202739971289e-08
"ENSG00000171681" 0.00300488954458556 0.00110437424014428 6.92340694772706e-08 0.000392975121958954 0.000268410411606828
"ENSG00000087586" 0.000308134090581282 0.000129102757437293 0.00143321631594496 0.00567837903469685 1.36950697776524e-06
"ENSG00000110330" 0.00258971818403065 0.00294619673357117 0.00392429639426652 6.13631180960479e-08 0.000359619814880596
"ENSG00000089685" 0.000755688060838415 3.28687603460434e-08 0.00122982518054042 0.00323614174451584 0.00145977586181447
"ENSG00000169679" 0.00113359391434111 1.97457801586491e-07 0.0021556999651004 0.00473491028383887 0.00251814031703504
"ENSG00000182985" 6.57856672533185e-05 0.000766786669985234 0.000552631803141194 1.28740405535354e-08 1.6862613963496e-08
"ENSG00000115355" 0.00233078231830474 0.00461052260232269 0.00745085141681465 0.0018968478196046 0.00132983423249216
"ENSG00000137500" 0.00336612153075022 0.00176932678131151 0.00548573433435108 0.00130838201534003 0.00185158922031141
"ENSG00000157456" 0.000857664090232691 3.70583674326426e-07 0.00182637751221211 0.00753387455886556 0.00120594597520472
"ENSG00000117399" 0.000239921826597902 8.61549887220587e-06 0.000773283033941837 0.00457958076929164 6.02889379303614e-06
"ENSG00000101224" 0.000533324798404748 4.41412499082493e-05 0.00230734186196045 0.00323851352599559 4.31291187032683e-07
"ENSG00000004897" 0.00250861807342376 0.000790700927431689 0.00156894404862961 0.00123380539893288 1.57720827606521e-05
"ENSG00000128283" 6.20792869067862e-09 6.32072643258407e-09 7.66578837144494e-09 6.26085949472828e-09 7.75176214767685e-09
"ENSG00000115163" 5.7830185539722e-08 0.000185397012113019 0.000463961715211414 0.000864697300196382 0.000636487965848861
"ENSG00000138778" 0.000159499420650216 1.28181316032241e-06 0.00439518038578349 0.00806655704592662 2.2307723668577e-07
"ENSG00000117724" 0.00115812882414692 0.000944094083752406 0.000781128214284842 0.0143160030591594 0.00386656602509212
"ENSG00000138180" 7.76732589478673e-05 0.000184137938722489 0.000334544907871565 0.00317749729539282 0.000886814123791982
"ENSG00000122966" 0.000887756235340393 1.79342134062572e-08 5.32512937861275e-06 0.00063385529006793 0.000399548681686349
"ENSG00000175216" 0.000283268134160034 0.00244718134019479 0.0013897528742571 0.00491148336709241 0.00111377338497456
"ENSG00000173207" 0.00280258062968364 0.00145499193725324 0.00797701315655528 0.00888513286952189 0.0076975367912473
"ENSG00000123975" 0.00371295164474512 0.0060484618268087 0.00925861034111306 0.0297162440269374 0.00871395912988605
"ENSG00000182973" 0.00220170318742189 0.000355678269747949 1.00887011171921e-07 2.99578069322852e-05 0.00141605542978122
"ENSG00000170037" 0.00025485580142575 0.000378671663836202 5.21821737007595e-08 0.000883609737252962 0.000632412507445074
"ENSG00000102974" 0.000362502386299978 0.00292157084205559 0.0012218930513565 0.00138834630343822 0.00100094691248856
"ENSG00000044115" 0.00233772636231125 0.00128906066617626 4.79869204687994e-08 0.00116998518909988 0.00149432950874091
"ENSG00000198561" 0.00227896168391493 0.000144027308113791 0.000945673225286922 4.95555793063084e-08 0.000280480113619126
"ENSG00000024526" 0.000244857379922522 3.46278065457113e-08 0.000641881735873857 0.00246625058247394 0.000461601013851517
"ENSG00000035499" 0.000714595698956401 4.07483722339456e-06 2.34392841961662e-06 0.00126823549050253 0.000271146364129047
"ENSG00000139734" 4.32496187248203e-06 0.000182963103532048 0.000907881315043832 0.000777566856671282 0.00179014551541084
"ENSG00000126787" 0.000341174331044882 0.000490879427076516 0.00162257114454102 0.00672472276833502 0.0007072082967152
"ENSG00000086061" 0.00247600367853444 0.0104030968873776 0.00600090284045828 0.00435112613867579 0.00484873012445224
"ENSG00000117505" 3.95627886603921e-06 0.00330856012594967 0.00121523111628228 0.00163976784570941 0.00153397427000712
"ENSG00000198919" 0.00239363874253551 0.000343413280528418 0.000106609881205792 0.000505592226797405 0.000874354947248039
"ENSG00000133740" 0.00131686807761506 1.26291464023713e-08 6.98719374488363e-06 1.4880721749191e-08 7.75357826099382e-05
"ENSG00000114346" 0.000826975470145002 1.5818727023276e-07 1.37481946733568e-07 0.00281902309512872 0.000241916188840785
"ENSG00000129195" 0.000143488691129513 9.1112551254131e-09 2.93167197948242e-06 2.06206286738187e-07 7.39834405176179e-06
"ENSG00000111206" 1.45133403931177e-08 9.90366038078988e-05 5.40136165177172e-07 0.00014517785974567 0.00127962590471854
"ENSG00000010810" 0.00114475454313505 0.0011738292369548 0.000118409448175341 0.000391430417606391 0.000427316993261719
"ENSG00000116717" 0.00196155423760378 0.00137881477834408 0.00376991407139165 0.000115380542767568 0.000465062406347985
"ENSG00000120053" 0.00027659803823566 0.00133505342116282 0.0016495285122049 0.00159444910463946 0.000278917176002646
"ENSG00000198055" 2.15445619479756e-08 0.000387792412642312 0.0018545329030155 0.000706158024236277 7.47280629296064e-07
"ENSG00000075218" 8.45378826574516e-05 0.000352494708100078 0.00097417591908326 0.004164251505387 0.00194486787125203
"ENSG00000172534" 0.000254215852583235 0.00126529578882798 0.00095144656271982 0.000535642781639706 0.00352676227348782
"ENSG00000064961" 0.000167365300359027 0.000102192953336361 0.00125336189596721 1.27502598066711e-07 5.89744505318408e-07
"ENSG00000029993" 6.98748607834701e-08 7.73387023761311e-08 0.000922611847456165 0.00077896353717484 7.0212527050895e-08
"ENSG00000072571" 6.94198292948708e-08 0.00103276125079717 0.00265431371009233 0.00975205808087847 0.00014700143941498
"ENSG00000100099" 0.00308671832547231 0.000582364428688191 0.000962098242760276 0.000297232170478162 0.000816626988638612
"ENSG00000153936" 0.000605212908598996 0.00248229655620296 0.000847153345245016 0.000646436258978505 0.000531073696454904
"ENSG00000155304" 0.00261448515906146 0.000551888928680692 0.00227863124266065 0.00178669745549808 0.00138877231237864
"ENSG00000109971" 0.0149347856500336 0.00874317646502259 2.62855271844599e-07 0.0064405966378583 0.0193298544469389
"ENSG00000132849" 3.55743570903835e-05 0.00100118562891 5.54462912497718e-08 1.17365768448902e-08 5.60311323527134e-05
"ENSG00000118193" 0.000646576235040626 1.36845065664975e-07 5.02802097219959e-05 0.003537613663735 0.000454521391278121
"ENSG00000142945" 0.000272598099305619 0.000350501171974492 0.00143164409864164 0.00417597739537711 0.000202212488844918
"ENSG00000119138" 9.50997258666047e-08 0.00122255346713339 0.000190796612923468 0.000558384976443237 0.00098985281687833
"ENSG00000160789" 0.000104200176150082 0.00339462545039818 0.00274677270782129 2.04444967347153e-07 0.000139911800218735
"ENSG00000148773" 0.00174828991290742 0.00119422397577098 0.00173621764958459 0.00957893233977644 0.0093457196981279
"ENSG00000130396" 0.000420779612288274 0.00133061509689929 0.000592264079593635 0.000768039521290459 0.00194363009911825
"ENSG00000204899" 0.00237842119346667 0.00123632592978492 0.00092558981282219 0.00305980552338258 0.00457894464057947
"ENSG00000010292" 0.00132670466139221 1.10808421107272e-07 0.00245673851528188 0.00409414983530215 0.00289255077923615
"ENSG00000117650" 5.39791645295892e-08 0.000441680496144629 0.000334469238879075 0.00286549714850044 1.90141110340223e-08
"ENSG00000143228" 8.68575915307067e-05 0.000203018853597943 0.00172573241445745 0.00435335118177312 0.00248060027034282
"ENSG00000163002" 0.00108484211046292 1.97954832545193e-05 8.8749262709815e-08 0.0017932481514582 0.000343623886697232
"ENSG00000110713" 0.00129620655509551 3.61814098811038e-08 0.00221230571263656 0.00050339334132025 0.000328386424867678
"ENSG00000136811" 4.98066271320389e-06 0.000694425476915381 0.000355705831917803 0.0012210836210164 0.000644184152554676
"ENSG00000149716" 0.000258597264884449 5.65823344450802e-05 1.2656439152751e-07 6.62742939566299e-06 1.62975892752065e-08
"ENSG00000168078" 0.00106183675123806 5.05211271705327e-07 0.00271342588954297 0.00378681875213654 0.000455137499928193
"ENSG00000165494" 0.00188526961951288 0.00183073965311625 4.30718182133481e-08 0.00102901701211913 0.000768309284392262
"ENSG00000166851" 0.000253495296004048 0.000670582923867294 0.000110735938380172 0.00590593895314469 0.000840612705730102
"ENSG00000164087" 1.69101325656983e-08 0.000417419787456795 1.07828633533606e-07 0.000646296713866726 0.00037456710391879
"ENSG00000196313" 0.000668079801814706 0.000231097425117582 0.000383662441525535 5.9981221945006e-05 1.52678997276495e-06
"ENSG00000161542" 0.00121363242931186 0.000111927225741746 0.000981421133905737 0.000131387841500034 0.000692295617733681
"ENSG00000068489" 0.00144640919086465 0.000821770950837861 0.000954188504784051 0.00798654115469474 0.00170364557458537
"ENSG00000157778" 9.43278377981411e-08 0.00101357902203057 6.41598178778844e-06 0.000127651897581718 0.00101707746368951
"ENSG00000112245" 0.00499658325280764 0.0034144760925134 0.00170477182882506 0.00125226566825907 0.00360959759802239
"ENSG00000169410" 0.00109543595541351 0.000360131220724592 1.1578839808818e-07 0.000113046721645349 0.000179995860442404
"ENSG00000136045" 0.00366382562531457 0.0054969612179304 0.000408505700285655 0.00155756946695874 0.00276706457664666
"ENSG00000198218" 3.19313814453987e-05 0.000605419054308778 0.00324095787768468 0.000503311363273398 0.00113660988722915
"ENSG00000108384" 0.000116632979425903 0.00229826299753729 0.00296704040610515 0.000480956185959751 0.00240103635242498
"ENSG00000131795" 0.00132215131277474 0.00249282325035274 0.000839835097642246 0.00207452983648902 0.00165742840613556
"ENSG00000159200" 0.00092743506122804 1.21978952976525e-06 1.3565728364193e-08 1.62605774320947e-08 9.61240289757455e-08
"ENSG00000142599" 0.0037008298596021 0.00183351988662139 0.000206106591379347 0.00111843713898336 0.000856512795461845
"ENSG00000070423" 0.000337940766247725 0.000472781706951474 0.000341434457504702 0.000259353330532114 0.000651185357790003
"ENSG00000205937" 0.00155154936795316 0.000839304157772259 0.00191877857167877 0.00059609534233024 0.00133403736181959
"ENSG00000160214" 0.000431113073520961 0.000376676772519265 4.766036223579e-08 6.58808234556719e-08 0.00028579814118664
"ENSG00000086475" 2.28236972041634e-08 8.78234570693403e-05 0.00046234410545422 2.2861335871035e-08 0.000732002698815199
"ENSG00000183955" 9.39700783266989e-08 0.000699621503890807 0.000174953906251384 0.00124121373200461 0.000738514695163019
"ENSG00000116560" 0.00732429139997587 0.00700904462847759 0.00653177433132413 0.00574762889243349 0.0034956118946232
"ENSG00000163535" 2.22430790594387e-08 0.00147843048318384 0.000497707464072343 0.00643490212498994 0.00188224493999924
"ENSG00000171241" 3.86126640169465e-08 0.000380107359219613 0.00104872513475467 0.00343926143198891 0.000835708586167213
"ENSG00000099956" 0.0010403099237063 0.000485175213272083 0.00169694051198803 0.00116837665889663 0.000446552107538405
"ENSG00000066117" 1.33257138071908e-07 0.000689523153851884 0.000620850713255749 2.44544238870823e-06 0.000189095790373163
"ENSG00000076382" 0.00093938067118484 0.000674587691278431 0.000303119520134535 0.00465460694380333 0.00333707150185103
"ENSG00000115306" 0.00279614174235758 0.012683998747754 0.00630691464031567 0.00353584582676502 0.000454019718684877
"ENSG00000112658" 2.76522947127705e-05 0.000962452833686669 0.000924395927567296 0.000426521996481473 6.94797742908257e-08
"ENSG00000112081" 0.0131684849354998 0.0046969717521286 0.00826274365224731 0.0105497307142991 0.00791021113208205
"ENSG00000141380" 0.000290323757303635 0.000471143316348157 0.00198783842041683 0.000637063959545489 0.0011524742771875
"ENSG00000110066" 0.000644578333939397 0.000828879648560148 0.00155690230637563 0.000154128655282224 0.000609299921104278
"ENSG00000013810" 2.16982245454818e-08 4.3504701498612e-05 0.000834730272232971 0.00138970498881964 0.000818750252777632
"ENSG00000054118" 0.00473397928342142 0.00478182014794612 0.0070861099051357 0.00176278324317865 0.00736175376606001
"ENSG00000140332" 0.00374945610813123 0.00174745355499668 4.67426269661525e-08 0.000914939150901433 0.00195204804648397
"ENSG00000149483" 0.00188640864821349 0.000701468359564579 1.06764216624094e-07 0.000482739287073618 0.000993751265274279
"ENSG00000083312" 4.86562806714281e-05 0.00171225581823566 0.00270108088025669 0.00116737651346221 0.00129532166766936
"ENSG00000025772" 0.000920615958764685 0.000777045995946096 0.00124775302129901 0.000690476076768773 0.000356258764585681
"ENSG00000088325" 4.97775241055662e-08 0.0003496348143653 0.0025676301679014 0.00550494934964963 0.00228266576723564
"ENSG00000071539" 5.6969166748546e-08 0.000154227833637693 7.28313666941051e-05 0.000328554501906011 0.000974994302915478
"ENSG00000074319" 0.00050813583639472 0.00218448203481105 0.00203773935216609 0.000902168601878736 0.00114157850233647
"ENSG00000211460" 0.00163765524279791 0.000770724745298728 1.05310636396332e-07 0.000682470099553621 0.00240590476701391
"ENSG00000112742" 8.13273435375528e-06 1.04813429864453e-07 0.00337373395935661 0.00210320362708443 0.00213395772006259
"ENSG00000115514" 0.000827490337414851 0.003774718409344 7.54304276568541e-05 0.00199839223419678 0.00140155199970159
"ENSG00000198431" 0.00257316656451087 0.000494838122616335 6.05468602243877e-07 0.000175749214585178 0.00157042907345691
"ENSG00000109332" 0.0119946333939583 0.00990902363711317 0.00517136729935918 0.00552544903481777 0.0033274626531488
"ENSG00000058056" 3.0292897234539e-08 0.000454502858419593 2.01443130172408e-08 0.000145795308858464 3.06980929254714e-08
"ENSG00000156256" 0.00180939942792842 0.00370845250781282 0.00241301817676551 0.00328457251050071 0.00163491226739219
"ENSG00000173218" 9.8855323629497e-09 0.00063904876133539 3.94103008144265e-08 0.000320628330458319 2.3452339281888e-08
"ENSG00000170473" 0.000780258979118017 0.000281612707643826 0.000638312923809455 0.000837194389099327 0.000371907438099939
"ENSG00000128245" 0.000529364893276007 0.000638178846911309 0.00219053279863704 0.00226757427163353 0.000955556336584463
"ENSG00000091732" 0.000435748665471487 0.00243299319140642 0.000234409468075293 0.000284408746077367 0.000395065194213196
"ENSG00000005889" 2.73672919727997e-08 0.000660413777027506 0.000344265134882203 0.000265952525186302 0.000473546319012363
"ENSG00000197056" 0.00025700851498094 1.57582642947846e-08 1.349483851098e-08 8.13891037045565e-05 8.01559038942006e-09
"ENSG00000010244" 0.00392615194259109 0.00728160933075037 0.00691794884807866 0.00310061184602503 2.01977836522335e-06
"ENSG00000173744" 0.00322588736833032 0.0024274947807105 3.21280583853417e-05 0.00146361617071312 0.0017136702816581
"ENSG00000160216" 0.0020016366727108 0.0026906131258416 0.00100454896356346 0.00133737159096711 0.00135470003136605
"ENSG00000170776" 0.0100122524263293 0.0057112298878653 0.00626999366775373 0.00154705505112831 0.000533614977874993
"ENSG00000169604" 1.0881812259707e-08 1.71934521830261e-05 7.72233697197087e-09 6.54821198228671e-09 7.9343805836907e-09
"ENSG00000151929" 6.20792869067862e-09 6.32072643258407e-09 7.66578837144494e-09 6.26085949472828e-09 7.75176214767685e-09
"ENSG00000132640" 0.000878023640034949 7.76132636735695e-09 8.64778813693274e-09 1.83869850929167e-08 2.99386364460179e-08
"ENSG00000122565" 0.00879522827208853 0.0099539188261144 0.00454874778140469 0.00640148061799566 0.0144240308681511
"ENSG00000070831" 0.00991384779376243 0.00757347508742035 0.000165663434275553 0.00294787494180841 0.00818764325302061
"ENSG00000134058" 0.000919777311522703 0.00225160033398021 0.000948583481715577 0.000648282873887171 8.18475788008571e-08
"ENSG00000100526" 0.00169642666906094 4.69472402788793e-05 0.00197516273171211 0.0114094718552731 0.00194182556053915
"ENSG00000114107" 1.26920472363318e-08 0.000907221871711281 0.000108767095844085 0.000783585544299388 5.29061403910562e-08
"ENSG00000143771" 0.00425555475795407 0.00233008573924721 0.00263962357976598 0.00422738622239953 0.00201602382978683
"ENSG00000198730" 0.00329031848746047 0.000890168897456019 0.00147393715115054 0.00107739397261197 0.000662265692311694
"ENSG00000150316" 0.00551631166516887 0.00481137063003439 0.00566947870137904 0.00126523273911908 0.00261994271149691
"ENSG00000162290" 0.000697386249177249 0.00198743516127394 0.00228729455205634 0.000551634521190211 2.33921295094257e-07
"ENSG00000104671" 7.20814828506112e-05 0.000755076291057552 0.00109355358186189 0.000856001998923306 0.000993131811484067
"ENSG00000182108" 1.64548307612835e-08 2.3814066689251e-08 0.000166776113487827 7.85258698894135e-09 1.10777826292568e-08
"ENSG00000130826" 0.0029049406320256 0.00266017083583182 0.00147998384381879 0.000746678205558218 0.00260207342581004
"ENSG00000105993" 0.000883382933330952 0.0025641055005098 1.19490452561105e-07 0.000739322991576466 0.00107794066996568
"ENSG00000096696" 6.20792869067862e-09 6.32072643258407e-09 7.66578837144494e-09 6.26085949472828e-09 7.75176214767685e-09
"ENSG00000088986" 0.00498045963351405 0.00478418872488859 0.00404936764851365 0.00358612582945494 0.00554500852319308
"ENSG00000134014" 0.00119200066083304 0.000707002692436624 5.51287041724652e-07 0.000193956214674534 0.000650889407254903
"ENSG00000160767" 0.000226729264710392 0.000284611645205449 0.000391412704121672 6.25305575523849e-07 0.000109878137600447
"ENSG00000139146" 0.00320933177896713 0.00610115717315695 0.00719813678090351 0.0024732601409343 0.000476731184175395
"ENSG00000133393" 0.00660218333486581 0.000220792515364947 5.41787436201145e-07 0.000511552097543493 0.00168886248300691
"ENSG00000141568" 0.000485899243433645 0.00157418217916589 0.00182984625887245 0.000167257526384963 0.0017096176896419
"ENSG00000114416" 0.00576411466240098 0.00794658596617705 0.00580943568911438 0.00201154885948064 0.00121625864044203
"ENSG00000145907" 0.00424692274248004 0.00388469231805915 3.07375135361436e-07 0.00314082827248005 0.00417661440848704
"ENSG00000179348" 6.20792869067862e-09 6.32072643258407e-09 7.66578837144494e-09 6.26085949472828e-09 7.75176214767685e-09
"ENSG00000078369" 0.00956775216752106 0.00258480730644233 0.00752494859630791 0.00331838609375168 0.00106013306772425
"ENSG00000109519" 0.00289224749683548 0.0033439728770133 7.32215666159087e-05 0.00105811027165977 0.00180418166249549
"ENSG00000103342" 0.0063196039973428 0.00313843870212946 3.75276015093295e-07 0.00154396871962499 0.00209816219247883
"ENSG00000125484" 0.00080239696125785 0.000424162154138745 0.000866123314559877 0.000583602407285191 3.80046558610403e-08
"ENSG00000100644" 0.00272576853284382 0.00238885145217279 0.000536700763095903 0.000547048950562581 0.00182940463263943
"ENSG00000113161" 0.00133386545543195 0.00216861643840753 0.00326240288011276 0.000393824356898311 0.000490856619083042
"ENSG00000198189" 0.0018975186526982 0.000222268837020209 0.000345178937676834 0.000937931607857762 0.00019117513501964
"ENSG00000143621" 0.00353038855003804 0.00659041858527307 0.00266489122120844 0.00239604040400907 0.0060742110123872
"ENSG00000171988" 0.00134275984151886 0.00276810507700238 0.0072103433656539 0.00117822384558782 0.00110656644230062
"ENSG00000117139" 0.000773717362958036 0.00045256217803679 0.00106337837819587 0.000201854148719659 1.04550237121612e-07
"ENSG00000100578" 0.00163847761663114 0.000160527545922745 1.05800940234595e-07 0.00167072897095244 0.000538035516085138
"ENSG00000108424" 0.0110167672180486 0.00636048387417991 0.00558996107276298 0.00457410735787957 0.00579653378438685
"ENSG00000133703" 0.000563988562835961 0.000554488002053808 0.000285619848177982 0.0012826009571135 0.00131431660098374
"ENSG00000155506" 0.00546197498445346 0.00258045580605299 0.00401344396508511 0.00188480496739725 0.00158721216298212
"ENSG00000174720" 0.00572917222888024 0.00447621797244371 0.00189759664691934 0.00247832862853014 0.00263155632556165
"ENSG00000121931" 0.00131308510691188 0.00284156265210887 0.00241721382220677 0.000659963424320712 0.00226187911890309
"ENSG00000145220" 0.00133014822181525 0.00195648419828013 0.000944357689629144 0.000556706950718412 0.0008317210484824
"ENSG00000123562" 0.00176139729713844 0.00656780286589413 0.00545349743415193 0.00243255408278982 0.00226197044904785
"ENSG00000115364" 0.00229310278398399 0.0011616326512622 0.000595565017439281 0.000502655636238019 0.00115023652980398
"ENSG00000204568" 0.00835614831117004 0.00628377939239709 0.000921039608558257 0.0021233646783138 0.0026097658886689
"ENSG00000122140" 0.00182315333396733 0.000639531499618248 7.814267987594e-07 0.000366996521657534 8.9486205083628e-05
"ENSG00000188895" 0.00159392793938573 0.00144021829930343 0.00103907529252507 0.0006259110123376 0.000574503213563028
"ENSG00000105887" 0.00174030060362623 0.00163456985132174 0.000165641466483491 0.00046923834820328 0.000408279969486943
"ENSG00000124151" 0.00794816880851537 0.00600091962276003 0.00559018221044498 0.0024636730344442 0.00308841378808308
"ENSG00000162599" 6.20792869067862e-09 6.32072643258407e-09 7.66578837144494e-09 6.26085949472828e-09 7.75176214767685e-09
"ENSG00000108256" 0.00200128057997689 0.0019401470334731 0.000710232634659185 0.00115525528996783 0.000373868795495567
"ENSG00000075188" 0.00413892384256121 0.000305015154854191 0.00314072002994236 0.00300767582086208 0.00103108819763547
"ENSG00000054277" 0.000319549021273036 8.38875318406327e-09 2.2677172841557e-08 7.09029268659421e-09 8.59301737151894e-05
"ENSG00000111845" 0.00020081074347853 0.000736375676184579 0.00277636985396219 0.000173579804412913 0.000314833968812842
"ENSG00000105355" 0.00325428183461206 0.0013077764380823 0.00295631533844362 0.00456827447727436 0.00042527473621929
"ENSG00000113575" 0.00254657006077246 0.000732325873527045 0.00152097832777516 0.00073715122568394 0.0021582504481255
"ENSG00000221914" 0.0037474385680941 0.00320864195123069 0.000141063856449706 0.00162097841990256 0.00182356168694782
"ENSG00000110075" 0.00150720418935899 0.000876150948088339 0.00366127092955494 0.00105775026085005 1.58289230239504e-06
"ENSG00000198901" 2.51742076883483e-07 0.00119405607706597 0.000961771454096722 0.00543834225647413 0.00263687745280216
"ENSG00000080815" 0.00196516510416729 0.000958544661454086 0.00214428773507013 0.00078852988192768 0.000352619763734662
"ENSG00000159335" 0.00139481009617622 0.000334117031806866 4.75110053558167e-07 0.00042466987422184 8.6134576196622e-08
"ENSG00000164611" 0.00654181567520837 0.00243606449186349 0.014557817768156 0.0192869817987016 0.00679228156295294
"ENSG00000164754" 0.00337593970265513 0.00207159912774807 0.0053512188331638 0.00574457219093871 0.00583215208968623
"ENSG00000132341" 0.0207669791176963 0.0295274380285997 0.0123060438322588 0.0174205838008453 0.0189448825129123
"ENSG00000106615" 0.000276921840592107 0.000648048933743045 7.00303317442811e-05 0.000298840086360851 2.10204945453652e-08
"ENSG00000142541" 0.0936566458346588 0.0985468392457533 0.0672017617151754 0.0255777062946196 0.027336892259114
"ENSG00000196950" 0.00081906776361345 5.45827309431223e-06 8.36857075130302e-08 0.000328847561622926 0.000460975639692219
"ENSG00000169371" 0.00136539336781089 0.000189238161397742 0.00106365285177417 0.00143076257660537 0.000402813001882357
"ENSG00000118007" 0.000591725830500352 0.00111153018746715 6.25500281779105e-05 0.000923823345335065 2.23052196018899e-05
"ENSG00000135316" 0.00428239126189801 0.0051744081410247 0.00194682750172653 0.00290301130480694 0.00625333294600834
"ENSG00000085231" 0.0083523655125975 0.00565155826169953 0.00301178908647691 0.00394626460179865 0.00224463500963908
"ENSG00000113649" 0.00390189421370108 0.00198899843906528 0.00540124776654597 0.00151002542345227 0.000369417452934362
"ENSG00000183864" 0.00327404140124093 0.00267775450260892 1.10370669469025e-07 0.002236712777019 1.07801387991189e-07
"ENSG00000198900" 0.00371493155332542 0.00503072722673554 0.000812165753782236 0.00187866169701898 0.00556876356735318
"ENSG00000135451" 0.000346390084601881 3.16032396091528e-05 0.00134245536811766 0.00162121929665468 1.38716068843732e-06
"ENSG00000102804" 0.000389305680596538 4.22783393638451e-05 2.97752546372346e-08 0.000178552671814338 1.82631087587364e-08
"ENSG00000130338" 4.19641024882945e-08 0.000466425630409768 0.000658079862013456 0.000534363342726317 1.96043783686105e-05
"ENSG00000035403" 0.00126794944601798 0.00106313232728937 5.89159221228489e-08 0.000460977427555318 3.30952143473939e-08
"ENSG00000171475" 0.00208861327139791 0.000466098231211314 0.00206184607069934 0.000850435209514364 0.000176585302891051
"ENSG00000113645" 7.82126277252806e-05 5.79029500808607e-05 1.8186628023914e-08 9.60809468687434e-09 1.13051100314166e-08
"ENSG00000100811" 0.00205536843275876 0.00553737664431222 0.00476375263867046 0.00242215697140326 0.000642991020298688
"ENSG00000178951" 0.00133633170645893 0.00118179438408159 8.19149017131132e-06 0.00014151756573715 0.000620292163187296
"ENSG00000155329" 0.00482313596068944 0.00139758490879449 0.000562694876970299 0.00103479470925944 0.00207312037318818
"ENSG00000172466" 0.00231101494445376 0.00422979090929161 0.00194484156180497 0.000865660062480635 1.04660768693158e-07
"ENSG00000162702" 0.00255226906168141 0.002427747146916 1.36646733943894e-07 0.000215096921954506 6.01889477068186e-08
"ENSG00000142684" 0.00104463289869038 0.00128457356245194 5.31229713085305e-05 3.14071877087372e-06 0.000583766168737499
